2.017356968663553962e-01
7.319505666291996615e-01
4.474817080757503285e-01
1.741411869881005270e+00
1.342207476855277193e+00
1.164077275890315288e+00
2.971384840907206892e-01
4.841602607266553560e-01
3.717618172106434971e-01
2.202400294088551758e-01
5.526930889205822206e-01
3.829344780455002928e-01
1.074506309902849122e+00
6.596168776993516225e-01
5.671176979451528766e-01
7.195317183253399085e-01
5.048822840389087796e-01
4.170797704699603092e-01
1.136819021131891594e+00
4.629252731018373423e-01
8.058864878192323333e-02
4.585412009408577627e-01
3.229805444886948984e-01
7.131823805993715570e-01
1.342935620793090035e+00
1.522479234942375914e+00
1.327260917259402762e+00
1.110493972507902605e+00
8.235733835718622720e-01
7.602216021631924558e-01
1.824798724377823644e+00
2.551899944743988291e-01
3.424361690080518494e-01
3.770464441879501916e-01
4.200812991941796914e-01
1.161994389702289521e+00
1.747270695199364676e-01
9.428004842752470971e-01
5.284389096921803253e-01
7.247532715780539148e-01
7.710970934334064886e-01
5.611589747740469702e-01
4.288193286415433736e-01
5.842706026925021945e-01
4.060514956144989362e-01
1.198509300815782996e+00
7.684810876815394431e-01
4.518628968205865570e-01
1.991587022712518196e-01
8.282912251541976190e-01
2.255901406923896124e-01
3.779783484810863570e-01
3.233383955298774204e-01
3.402698581466838124e-01
1.212278929570823338e-01
6.097963504281787017e-01
3.675053442216409949e-01
1.314078024698867031e-01
5.349133061535572553e-01
5.151734975772287450e-01
7.323779576340911923e-01
6.477783730571962106e-01
9.231287807656186617e-01
8.912697124290761552e-01
5.189966903739874349e-01
8.640282992673138374e-01
1.343602323446310365e+00
5.235134666542213822e-01
3.081653149936818270e-01
7.773617465000789428e-01
4.192360818829728997e-01
8.626708336454889103e-01
6.838404362443426532e-01
8.514313117534797470e-01
3.185950910768650113e-01
6.069998268590421908e-01
2.632128924726214736e-01
3.085860332857370825e-01
4.252948465722907190e-01
7.565561408256520348e-01
3.998547936804612846e-01
2.523654374154326585e-01
3.239359684478992918e-01
4.657700346040615780e-01
3.999323020912027848e-01
5.508903137734487698e-01
5.010669574025387041e-01
2.463152920606123675e-01
1.948811653400081279e-01
4.825468822733252061e-01
4.672663931876294141e-01
4.839965841301843708e-01
8.027786922977249162e-01
8.900700677798735194e-01
4.057798477380471502e-01
5.905744253520126552e-01
2.763337024054012825e-01
1.922066152923068483e+00
9.722610508332497625e-01
4.415507571055399816e-01
2.369539160990082882e-01
3.863340784167037523e-01
6.672464394822292810e-01
6.664480365441893817e-01
7.471969700271413606e-01
7.118242841314863512e-01
6.534572389076620524e-01
4.359972437176711790e-01
4.681288636259950398e-01
2.769750756303254180e-01
1.002905698074605390e+00
1.190381051838277138e+00
7.123829150341940419e-01
5.716768230075658375e-01
7.168824568291813915e-01
9.244478913623905836e-01
1.881701886593949991e-01
5.981024486912518423e-01
9.268837309318825879e-01
5.498617699235495149e-01
6.083366302654660274e-01
6.515618658689429354e-01
5.853895999922789084e-01
1.925392806682813818e-01
1.149190096821400831e+00
9.637843600321199800e-01
5.521173981264700936e-01
7.432908766476877815e-01
7.614073341036483589e-01
5.187650418820130005e-01
4.538590552671620815e-01
8.653697006198052266e-01
2.422024545187941025e-01
6.631035362380509612e-01
1.363977405504178453e+00
1.270068527038789308e-01
6.961990631683798725e-01
8.725401052978598582e-01
2.247188641377976803e-01
1.629204484088985438e+00
5.259903579590240463e-01
9.498227697998407049e-01
4.945156709500720948e-01
8.630233808181634325e-01
5.112237468557359055e-01
7.502050111994379433e-01
4.926774086074177661e-01
5.661510940567366923e-01
9.004467936438108611e-01
6.578999092292803219e-01
5.809247577880715108e-01
8.745533060134546011e-01
6.653447197546473735e-01
1.091006361663687141e+00
1.677936458946961418e-01
6.310083067255116696e-01
2.449909070429593105e-01
5.837254222319483432e-01
1.887046978095250349e-01
4.193577489083644694e-01
7.044901678647569332e-01
1.135330183327805331e+00
3.181489442220320485e-01
1.437837924810778878e+00
2.061200466975471102e+00
2.111496154070900411e-01
6.589419613148932431e-01
1.144936806516964500e+00
3.054929047763876859e-01
7.378632314958095684e-01
7.403146535753938329e-01
1.012185813589874916e+00
2.593181135762210876e-01
5.955310551942329944e-01
4.719615795185028162e-01
1.324114039514253938e-01
4.397089864756331123e-01
5.199117930920688080e-01
6.203468597281809327e-01
1.760743019474642346e-01
4.784579963055318741e-01
6.495903317426462431e-01
5.128675708347734119e-01
2.558142888821584027e-01
1.788549342943266951e-01
4.865422698191707584e-01
8.505675796202697425e-01
1.286257831641841154e+00
4.249804953222209303e-01
3.110007320271105935e-01
8.157936186449585847e-01
9.088143867084392813e-01
4.771625187172316429e-01
1.130451290862706459e+00
7.323274557967354159e-01
8.455980217686313027e-01
3.323497735001828546e-01
7.548542451538605702e-01
1.088756235454343635e+00
1.652478960493808824e+00
1.725469339292611259e-01
5.756419955373311970e-01
4.952189661820143862e-01
7.538525406887253144e-01
9.589720628138690417e-01
1.327017768150983823e+00
1.187179802754410485e+00
1.969508399618238037e-01
1.781263993836606163e+00
1.445274374543143114e+00
1.902760174180478048e+00
7.525195817257326336e-01
8.968159296311645212e-01
1.191667496673558757e+00
5.575617632858660411e-01
1.085152437406652792e+00
1.067189390248577174e+00
5.232999703684388937e-01
2.582415963478896237e-01
1.228794262529654402e+00
8.170247227024608483e-01
1.012349427594032569e-01
6.118993584650853634e-01
8.492578857425185923e-01
3.545195336927732255e-01
1.920966021019663017e-01
2.806421558624799806e-01
1.046937868584357334e+00
5.152000551203629319e-01
5.641871674027258976e-01
3.644959714028515041e-01
4.380205519021824756e-01
7.891062429949525781e-01
3.259630127314681602e-01
6.383594828666463439e-01
9.050658592713204387e-01
8.883718089369201376e-01
9.241715651206494631e-01
9.283418830532770283e-01
6.433797995583777629e-01
7.731183206105853856e-01
2.466724963551007177e-01
6.214438243312268018e-01
6.989291078711307170e-01
5.458932738326344181e-01
6.074206710216523142e-01
7.154821067381130772e-01
7.557459560214012662e-01
4.862335657403303313e-01
4.628345396988544636e-01
5.574580099920226628e-01
6.916469620517481376e-01
8.370701694041404739e-01
4.172208470998918228e-01
5.042857838660812497e-01
2.441657271466361467e-01
6.332152876094867544e-01
4.269413249457288950e-01
7.222215747310642975e-01
6.954107983905588597e-01
7.818022360147487415e-01
5.973497098341756795e-01
5.709167276110400646e-01
5.913685489361089065e-01
3.428564282925409268e-01
5.164670539603283261e-01
1.050696921041370357e+00
1.284606645727201180e+00
8.301658651629608698e-01
8.800567215197580007e-01
1.666236466188199650e+00
6.920035970761621025e-01
9.453082910497891955e-01
9.910655619816064466e-01
7.620118077927225952e-01
4.100335986356081763e-01
9.043405445795086317e-01
8.990743100451608072e-01
3.372715834225476494e-01
6.195981784650583801e-01
5.273623265588364140e-01
2.976574700189723033e-01
6.376673417935406762e-01
5.123310241297016621e-01
2.848267395919624190e-01
8.722975947097959537e-01
7.341462206620115449e-02
8.596326766253485629e-02
3.589074406256297367e-01
2.172065474620461789e-01
6.895689545699026368e-01
5.049260406523469191e-01
4.308301806634607933e-01
3.159750622942725240e-01
6.410064689637481328e-01
1.074291790115236900e+00
3.147876700800490424e-01
1.612130576367373225e+00
1.275553789855617959e+00
7.775565639692083586e-01
8.930701728643670734e-01
7.451740540386707634e-01
9.834293646232821207e-01
1.942844532368466770e-01
3.942733180753884570e-01
3.964425583313004875e-01
3.502350544921981057e-01
1.524660041598697058e+00
9.591088017588450532e-01
3.887877375105186495e-01
6.591489140811490621e-01
8.711467111006511166e-01
1.449041622821437558e+00
1.011784929987208370e+00
9.984954445006929413e-01
3.133036937678078671e-01
5.822806992835278805e-01
2.345946262944244576e-01
4.809263279796514579e-01
5.232411813372165321e-01
6.535854193787729027e-01
7.286737706114740920e-01
6.669301058800616300e-01
7.537611916088149400e-01
4.015190066680811021e-01
8.895551532927138405e-01
6.778397903501949262e-01
7.449084383322933656e-01
5.181131498904919530e-01
8.399267816510546103e-01
7.034933298295067416e-01
6.183002296084705307e-01
5.905713399634664462e-01
6.181212979777924721e-01
3.630946307002939077e-01
8.203944127424434019e-01
5.120723920196570411e-01
9.355370989936044879e-01
1.275104406246029720e+00
5.915286503573323751e-01
7.403925656728833626e-01
3.688957878768728271e-01
9.605367794004323612e-01
6.030971852769474451e-01
7.386534988814222880e-01
1.149839545171538413e+00
8.300440916518762036e-01
6.509873664201945020e-01
8.610135708493270590e-01
2.884632441153801019e-01
9.230891883292079436e-01
6.736682539418474835e-01
5.574069547965048166e-01
2.456611637775298063e-01
5.632867645395465139e-01
2.691725250169508254e-01
1.614554801606486789e+00
5.095994316125372903e-01
3.198624486260636113e-01
9.971785980421337126e-01
4.419545869129493654e-01
1.969199521439251033e-01
6.951234699146455753e-01
1.160843807975202147e+00
8.988952031468541159e-01
4.777700552549692392e-01
4.360874009208322022e-01
2.853394664769101308e+00
2.076307560004165165e+00
5.503800506838543161e-01
5.141593584205629286e-01
6.147485169169379926e-01
1.070926061202391422e+00
8.135666169871424991e-01
9.920754336164200327e-01
5.457001275208777091e-01
2.612327598070512402e-01
2.401100213906312841e-01
5.604839571137339993e-01
4.672433333229208396e-01
1.519546523621229550e+00
2.203692784034131380e-01
3.276660201405046102e-01
1.157878993199726203e+00
5.734323354277069962e-01
5.038119242658508634e-01
2.554042031367395604e-01
4.678503475612924567e-01
6.667421015668988371e-01
4.914226623382089154e-01
5.063586582369132838e-01
7.424410774354033293e-01
5.827932608014679827e-01
6.984474605737565067e-01
1.020965573492863543e+00
1.979950990748519934e-01
8.566485871725868506e-01
8.643856678952913652e-01
8.593093852163502522e-01
1.005716379604865596e+00
9.779852837079585637e-01
4.392175976795306136e-01
3.877041246873249580e-01
1.693374142998146370e+00
8.196562496096169159e-01
1.238080954087417362e+00
8.183629269283079211e-01
6.157087189173998665e-01
6.763161378821420655e-01
9.952174604272714387e-01
1.355799271325902833e+00
5.056814612917436280e-01
1.964073497572839944e-01
4.202090557517222935e-01
6.643033380814666877e-01
3.679059814190103750e-01
3.277412089715399102e-01
7.318833576576713185e-01
8.238062357922754098e-01
4.266039592279579074e-01
6.384852494748756158e-01
4.207783658196355137e-01
1.371155450708789525e+00
1.483213025132982033e+00
1.288387202658255681e+00
1.399860673090900898e+00
8.510244866431064814e-01
3.133829947592711718e-01
3.028219947000506881e-02
6.711608984877048822e-02
7.460312780293065771e-01
1.255945277893784739e+00
5.048144808870246303e-01
6.422279202982283941e-01
4.075652475496144844e-01
5.713662474505812883e-01
6.190860243484351821e-01
6.687735781791358525e-01
4.708504889714814068e-01
4.239888420516644829e-01
8.425236645324577500e-01
4.767641131078292349e-01
5.212850053035644748e-01
4.105804511236981202e-01
2.750245548169825693e-01
4.809799581130687063e-01
3.280816721714566730e-01
2.913550956360418942e-01
8.203894045435278226e-01
2.087226493743297606e+00
1.488115122311533867e+00
2.907383019399096269e-01
7.946842814271424249e-01
5.098509545074869642e-01
8.758527057126246351e-01
2.215692285516467630e-01
2.245430354540378648e-01
1.993421782186154123e-01
6.461547360084624048e-01
9.106471009403872552e-01
1.922539333079894830e-01
2.661028541598720931e+00
1.618246299511044484e+00
2.257093010183289117e+00
2.591239018161871077e-01
4.614141026743709961e-01
5.358708764871391583e-01
4.519391197023397422e-01
7.545320818744115643e-01
5.063431610335009658e-01
5.906423422819085944e-01
9.576084109743354666e-01
1.039308761989532037e+00
2.035717666633003187e-01
7.325402473429013517e-01
7.903109922068566329e-01
1.650995792224764447e+00
9.275807601718548678e-01
1.255745135994908113e+00
6.370645822498117727e-01
7.711578650528998491e-01
7.458715889029600143e-01
3.203377445969280979e-01
5.173959638770305736e-01
4.454207780278255924e-01
3.029134415727827712e-01
2.720862048274691469e-01
1.108636998684914721e+00
4.094070798074294082e-01
8.466505663247508862e-02
3.966786775060480164e-01
1.159135840358916925e+00
1.625788918837824948e-01
6.294379089723169951e-01
3.114285174196001815e+00
1.945530283747684219e+00
3.082243843756669044e-01
1.304833624189978281e+00
5.718828305214442853e-01
2.342493878069696889e-01
9.355504704240941161e-01
1.743847066903402299e+00
6.230458865672662272e-01
8.862109535649271841e-01
6.080955255888733646e-01
1.448232738855933510e+00
4.634054551395259125e-01
1.253712855068100929e+00
2.697618474334885219e-01
1.562380637854441090e-01
2.288219267019482028e-01
7.772988595360998954e-01
6.239614711955149273e-01
5.138285806335177730e-01
1.185602954960951916e+00
1.232200200976935722e+00
7.656401644605567158e-01
7.628290243846842511e-01
1.199116282362983954e+00
3.629247714167196381e-01
1.702620028011698983e+00
2.739229576691294965e-01
5.985897136399288554e-01
5.188305536382858962e-01
1.255312636019863870e+00
3.234295065281773129e-01
3.881469102923034153e-01
4.529813164875152176e-01
6.611032013012790864e-01
7.520792660972377419e-01
5.836470088805030265e-01
3.613892736727822852e-01
5.320925778330831690e-01
1.010840808776743316e+00
2.378548416941066002e+00
3.363976562285409533e-01
4.457371880375549100e-01
6.642098895119334934e-01
5.729102846128680815e-01
1.553404630295682765e+00
1.440398349048970017e+00
9.940214146837203502e-02
5.583959088263537041e-01
1.085077718056285834e+00
5.079620741681772911e-01
7.706494112154901321e-01
9.140413224064221076e-01
4.895056344869322396e-01
2.282948588059947603e-01
7.879000730699231569e-01
6.228688453170118100e-01
4.202861071758978162e-01
4.739750830646927149e-01
2.636598613404731450e-01
3.573664719890664587e-01
3.500599406310250794e-01
2.511501528292781504e+00
2.462190180203315037e+00
5.424770897509411105e-01
7.841290642796453492e-01
7.326004599061097800e-01
3.928968771596965670e-01
8.177164643191550120e-01
4.689621953999768555e-01
8.999456797668745622e-01
6.225323412752474805e-01
7.973595488493502303e-01
6.612295087113317926e-01
9.263582638241938394e-01
1.174596211512051624e+00
7.361007282501256244e-01
5.374205141419026166e-01
7.631945762646541453e-01
9.801546485251327878e-01
3.696960685539018021e-01
1.110541489872699961e+00
8.675371018033869452e-01
4.455316673386571225e-01
3.635771688793545953e-01
2.191290793250136593e-01
1.010244946424968981e+00
2.327576449250109147e-01
9.776153608163633546e-01
1.314926987686868776e+00
9.225414749203059150e-01
1.088491082741476879e+00
6.172741295495347558e-01
1.458727912258666715e+00
4.836642846890226721e-01
7.825846988273320592e-01
5.138023326976974836e-01
1.091297185219640031e+00
1.078517946237733893e+00
1.916369126598934658e+00
2.739989434922704969e-01
4.138284690898324514e-01
3.196422537289590471e-01
3.481758477290161635e-01
1.175935429914425567e+00
7.541965847067184647e-01
4.507523858220794377e-01
1.085286038791966279e+00
1.471107526002837784e-01
1.248017749933400200e+00
1.820757057654545097e+00
2.954639017030061154e+00
1.046951819423042718e+00
3.743913642019529586e-01
1.127786647712744506e+00
7.200687357014419199e-01
6.140014700468052755e-01
6.800271409487919083e-01
7.123995754825820370e-01
6.867694016781189514e-01
3.423533517133471871e-01
5.526750277316383464e-01
9.471810377797379443e-01
9.274132725270127775e-01
1.094014732192347683e+00
2.367700425092341687e-01
5.022031707436726000e-01
6.578961653078838623e-01
7.535897735052776714e-01
4.745071136761682129e-01
1.050823636451275744e+00
9.393515087279495912e-01
6.659128094381410179e-01
8.184490957835978131e-01
3.463604287702153339e-01
6.944276581876897003e-01
4.836235643870701595e-01
3.396715139872990008e-01
3.175871611315160825e-01
5.480870501180801213e-01
5.279103107020468588e-01
1.479844561336773223e+00
5.560554247414093432e-01
5.957106924388203550e-01
5.346473131762544684e-01
1.559571045291198166e-01
5.863159949810911042e-01
4.592583403703949241e-01
9.286595976350027204e-01
5.458449785086986195e-01
5.217817018803874163e-01
1.175863046795826428e-01
5.989888321457494946e-01
1.078215567695516519e+00
1.603412238463699957e+00
4.063245552718796061e-01
1.040823440109456488e+00
3.816466852983728120e-01
6.620726924862047058e-01
9.467061256141311443e-01
6.622246324772996795e-01
3.416849253407872045e-01
2.375594527556093016e-01
5.271169699518417628e-01
6.837678671620728288e-01
7.920537485001067912e-01
6.278068445697279065e-01
3.749409099818071245e-01
5.008782727555353143e-01
3.899737832502251922e-01
7.281384464128818346e-01
6.936592920173896559e-02
1.390290958700306723e+00
1.115709648015162786e-01
8.184329241153124324e-01
5.025715724848174304e-01
2.997532370146715475e-01
8.130291624597432154e-01
9.721399407766569967e-01
4.434332208752539417e-01
1.788934095231675681e-01
7.716020170212132268e-01
8.482342170565353445e-01
6.750519871174689435e-01
6.340426312419360499e-01
3.874773006771730088e-01
3.278286073209854545e-01
1.028783569781807961e+00
1.256347135126666847e+00
6.091013605813838661e-01
2.374485128868693007e-01
6.193000417881994873e-02
1.138213919387620177e+00
8.958178801306005967e-01
1.285019022058057292e+00
1.036790014405596150e+00
1.484495490165001375e+00
4.017142305912739797e-01
4.904741383373138475e-01
4.583546674622421824e-01
3.755480236996455168e-01
6.242185017566782568e-01
3.854447466868154426e-01
6.109542916301637927e-01
8.193031806301630526e-01
3.637149609526580396e-01
4.620076437835057837e-01
3.571750816719277966e-01
6.730116218992306942e-01
4.537539150770557028e-01
3.211612634683700951e-01
6.323011225133019497e-01
5.012921533937931828e-01
2.302944196049370174e+00
7.954511116324989306e-01
7.383548793211944794e-01
6.856071141462601881e-01
9.260768612443002201e-01
4.100362882465560799e-01
3.909281717450991400e-01
1.118780224874958540e+00
2.594927280615684784e-01
1.167954788136750022e+00
1.536822255826064021e+00
1.248958854169253119e+00
8.222785819208310309e-01
8.451053516190626391e-01
5.624527423836743756e-01
4.616749129988722555e-01
6.548752621666521501e-01
7.724891496612178166e-02
6.940091400429921897e-01
6.259501061845534897e-01
1.858899716283586023e-01
2.153871745277683714e-01
4.352925740316552772e-01
3.929299312055994919e-01
8.580327460683344620e-01
9.673506208713241739e-01
1.070736260127163941e+00
1.917479007954738801e-01
7.656983482917034678e-01
8.354316760846366430e-01
7.156659115600305654e-01
4.975902681302911135e-01
1.102995861359248986e+00
6.894498204217640591e-01
5.322827566752631467e-01
3.519104904524797739e+00
3.272926601879581732e+00
1.514720433886000306e+00
9.560986227239542945e-01
8.609923003238303396e-01
1.665273000938269909e+00
5.676226828190624740e-01
4.247706815277394465e-01
8.600275513414715745e-01
7.600496671339405097e-01
1.087948232853594099e+00
1.015100142273665851e+00
8.513731375667946688e-01
7.867278680631473176e-01
1.498907338425893521e+00
2.421723549111010343e-01
2.581474958904579342e-01
1.474550312356598114e-01
4.681924166471435056e-01
6.108053198500001946e-01
4.017081557452427676e-01
3.701434355307536284e-01
3.225205043426018214e-01
4.807296373848097826e-01
7.239413036204824792e-01
1.337365702100245413e+00
2.691678145984731096e-01
2.588390828347479911e-01
4.180041555403898879e-01
7.978940085791292880e-01
7.681785012714198446e-01
5.300997757307605029e-01
5.106622081385071565e-01
7.428809406084790901e-01
9.905062110465995273e-01
1.334149638494943169e+00
6.632502332126980482e-01
1.178175741155028655e+00
7.720629192647145977e-01
5.100320084642177010e-01
6.732074108758413500e-01
8.201268295148750331e-01
1.621195166956334699e+00
2.111840134370836175e+00
8.054211291600392730e-01
2.306092486007813025e-01
2.690750796488263763e+00
7.193314108722232980e-01
6.587051322139968468e-01
6.438434072888502557e-01
3.416831086621424096e-01
2.674480877145217206e-01
8.935216667540109292e-02
1.009010536332929586e+00
7.408784815172353433e-01
2.050798121097307802e-01
5.615565563992537257e-01
3.087001785558037281e-01
2.598466205530272077e-01
7.006940321220443690e-02
1.070176901042395157e+00
4.329166205197654271e-01
1.232132885086027807e+00
1.615055936376133650e+00
9.377127356691359328e-01
7.010113389023641117e-01
4.652919841983345628e-01
8.194719744138252437e-01
1.125794098889874473e+00
1.028516654182555667e+00
1.225304478615058645e+00
5.717390390451798643e-01
4.238711806653550074e-01
5.487063981879009011e-01
4.072684312526554384e-01
6.571855006173091818e-01
5.029025546508270050e-01
3.120925830053778993e-01
9.216053936085670806e-01
1.903625025896495071e+00
6.808330999573564135e-01
5.192142689313787862e-01
5.562493096952578764e-01
5.717350345153263680e-01
5.261652714765218120e-01
7.189516885769384746e-01
9.940543609118490664e-01
5.373535997896006222e-01
2.844419342239478676e-01
6.758522351861805388e-01
5.447636180161971042e-01
1.598060040663550785e+00
1.285239958072281974e+00
8.377395008462712456e-01
1.975066021546775241e-01
4.950269651825144890e-01
9.979745844270754285e-01
6.235117385301116588e-01
1.567517319672927067e+00
3.184303194055801423e-01
3.616284149621926680e-01
1.232445774960635454e-01
8.542803408267898302e-01
8.146773694993643122e-01
4.798308479064283816e-01
4.318326927709260077e-01
6.499049341990493778e-01
3.948585562208046240e-01
8.262980394032527487e-01
9.501666828240020735e-01
1.117550617190371298e+00
4.711417354447436368e-01
8.246064739817798861e-01
1.726976721215108812e-01
9.992370895343422044e-01
2.945436725782362153e-01
5.855340987542558828e-01
1.282916447571528007e+00
1.892318303511454136e+00
9.110496564467378544e-01
4.398990360536018107e-01
5.005090273459821271e-01
1.286439213021001615e+00
8.904526306393584223e-01
1.239520321564691496e+00
1.789574298443713962e+00
1.028624365113114170e+00
1.119606508509259912e+00
7.985288746620481382e-01
2.055197331650598702e+00
3.220191485678322585e-01
1.919407640895083589e-01
7.082670373303211475e-01
1.021833923940684147e-01
5.668011052472667899e-01
6.819112836436769243e-01
2.905001476335864474e-01
8.131303371160992777e-01
4.603718217466839513e-01
7.149277909053946001e-01
1.127847099866710945e+00
3.640722574555989577e-01
6.609572652429996920e-01
6.813729962923553707e-01
7.515301492458683619e-01
2.698177389927211012e-01
7.164681479961807486e-01
1.709698812181206007e+00
1.187182675364271800e+00
7.419874492280603695e-01
8.811311015362537080e-02
4.567754930038067651e-01
7.456698404371931987e-01
3.426642269044269384e-01
2.847348176156408103e-02
2.426117952188530658e-01
2.002903807133297409e+00
6.224730604156584191e-01
8.108263130301026633e-01
2.873624849703710349e-01
4.379623636986827440e-01
9.895796026607360796e-01
1.044430251345269678e+00
5.541870058274209754e-01
7.479407966789924922e-01
7.834126656554284418e-01
9.012480125919779539e-01
1.439447392474037413e+00
6.339180503436057101e-01
1.057348938823695073e-01
7.613604766947845714e-01
2.030163098691830370e-01
1.078058183683812121e+00
9.835029246645403678e-01
9.243129790803479295e-01
5.233400094337588015e-01
4.194412463412255376e-01
1.135807055368830421e+00
5.866000618110507325e-01
2.639402526850038733e-01
1.209025132991212281e+00
2.504355592964769839e-01
3.040465907805465218e-01
1.941347084527293709e-01
2.323165866077317801e-02
1.121956537510803598e+00
1.279623052100548719e+00
5.311526944900581970e-01
1.407254276176207020e+00
7.374625912026506747e-01
6.570086340445843165e-01
4.322451458406459945e-01
3.792324549738851358e-01
7.570980929459655284e-01
9.786194533503709270e-01
4.745325596412508506e-01
2.126851991787333251e-01
6.081227556248839372e-01
1.583004703817326275e+00
9.823741237797426473e-01
1.053034650766815794e+00
6.666436162620943406e-01
5.047670278250317999e-01
3.100598079193052636e-01
5.942834432053147042e-02
1.029987798674737443e+00
5.553623589275087369e-01
6.175349714539696278e-01
6.388035734877316463e-01
1.066125860173403828e+00
4.556701041845276912e-01
6.607612492830219342e-01
3.076348411332307520e-01
7.012095543090699490e-01
1.100753880797050055e+00
4.159273676196820757e-01
9.605669575466397880e-01
3.762527473770901909e-01
5.462706782260713378e-01
1.721326686601712064e+00
3.625872373728789011e-01
5.773899445054001545e-01
7.473936099597396909e-01
4.707416641766483112e-01
3.033583575744698280e-01
5.436235187766746968e-01
6.308587036473263243e-01
1.005609264630746624e+00
3.209892819909445638e-01
7.568933213049464648e-01
3.633109042171905889e-01
4.394121499442384393e-01
6.484431870600213532e-01
2.386379821678759339e-01
3.590589833692157118e-01
5.433751733714198284e-01
1.354895226204971825e+00
7.306891788709277691e-01
5.594680136697564032e-01
1.237195397710890488e+00
3.141397355021808835e-01
8.035488425126092737e-01
7.471921541303737646e-01
3.762379013035977438e-01
6.077302289389929779e-01
1.201742477126452657e+00
7.117533802198011683e-01
9.927806447359294184e-01
8.240105301250844061e-01
1.079839074952954059e+00
1.229176544768467494e+00
1.463743785307832779e+00
6.967688807210539181e-01
4.755166312484767066e-01
5.368289730442045160e-01
5.575708490849317078e-01
5.311612201698738822e-01
4.523366938958289785e-01
6.808426215797017678e-01
1.366512427031903565e+00
7.896106419732319415e-01
3.559008921457783581e-01
1.849064641540574538e-01
3.796698215161696810e-01
6.823725826129367622e-01
9.931295058973016454e-01
8.105820557767356993e-01
7.138247428472161982e-01
4.744652790437876161e-02
7.395543406235188799e-01
1.073067033893691624e+00
7.816273785670854179e-01
4.564727781534045903e-01
6.997492779737469748e-01
7.187235330775189057e-01
9.872657887258093901e-01
9.244973229885042332e-02
1.060159945903794698e+00
1.894481585545599645e+00
4.025644591290064023e-01
3.969842980978440794e-01
7.325440134155772887e-01
9.851340753001357475e-01
2.570148960992239551e-01
1.950291129248066468e+00
1.467982293511363778e+00
1.016247286531804850e+00
9.497974066595262777e-01
2.810489923556545588e-01
5.975154500043687866e-01
8.925953945894071762e-01
1.878653489988970360e-01
5.816638255996861018e-01
2.291193611030006572e-01
5.163317252024570703e-01
9.170932045535765686e-01
9.770698609336692098e-01
1.410079256966828565e+00
8.834538184606877120e-01
5.789754060208611719e-01
1.049526553727525346e+00
7.157776846382677416e-01
2.698184496685011591e-01
5.742099573441007410e-01
3.640895006612390183e-01
9.050398621678522604e-01
1.012480888293444847e+00
3.801794104899363647e-01
7.442591725774432287e-01
3.846736381540906691e-01
1.011726967623696183e+00
4.017673367859190270e-01
1.702601969860142006e+00
1.569906716583305828e+00
4.166065185212804445e-01
1.204359579439365557e+00
5.860818091649545591e-01
9.335414727784179245e-01
1.357733135503354394e+00
3.034835175632604187e-01
4.712721070119055833e-01
1.767578793371715751e+00
5.453252817318883228e-01
6.215830219862761297e-01
7.302986169969420960e-01
1.161333122702421949e+00
5.973212042081144091e-01
6.592919716707658084e-01
2.092526720852017519e+00
7.329371665330568497e-01
7.030403299421441599e-01
4.823888857400865926e-01
6.157066838263863806e-01
8.065634961239661616e-01
3.596973797207586032e-01
4.602496541817715503e-01
4.236215185540723183e-01
6.410456259477008700e-01
9.725747729155098664e-01
6.900663969147149412e-01
4.795725642977404224e-01
8.073707136059892209e-01
8.800512046803210531e-01
1.100676837879963177e+00
5.548721859800668232e-01
4.716270707083385361e-01
7.710416915419330275e-01
1.216248598291972183e+00
9.963461266216212531e-01
9.512022453068409433e-01
4.705018687983171799e-01
9.864050674185043110e-01
9.771353751372170715e-02
5.771594181104982013e-01
8.865037448750967553e-01
5.474989217693972954e-01
5.628563448409333869e-01
7.636259570344759717e-02
9.359882091358169287e-01
4.043604879271553987e-01
4.845351140880048146e-01
4.748868800485592234e-01
1.152917869128216477e+00
4.028472226677844437e-01
6.071249635693766189e-01
3.568402801344010000e-01
3.858452450929179545e-01
5.499656563719504954e-01
1.982197877633955219e-01
6.256347263626622635e-01
6.592912046666714598e-01
4.181052007270057436e-01
5.692245941777643869e-01
1.311764060786458019e+00
6.481678594856803421e-01
3.646554821566354576e-01
4.608278022232727977e-01
1.069284772809248940e+00
4.575997297591413715e-01
5.086428091662428264e-01
4.787029188885043585e-01
5.551118025332665296e-01
3.173646024525361709e-01
1.000778134914372730e+00
7.376713728881860721e-01
5.652801275264609515e-01
3.686703619783432972e-01
1.107939337997622786e+00
1.192917368545895584e+00
5.346497102428988679e-01
7.273170027032842544e-01
6.835281460523168207e-01
1.266155793383338113e-01
4.283215871251225826e-01
9.415714263197897393e-01
6.795038228582344075e-01
1.562207774974913921e+00
6.233305380910768578e-01
2.577949067629933255e-01
5.727616111157803891e-01
4.961312578457545142e-01
5.193734727783119176e-01
5.498969294920228457e-01
8.123211064937816417e-01
5.963827670041406126e-01
7.391278153649954996e-01
5.122228447574823651e-01
5.454895082158329744e-01
6.731298682431169356e-01
1.485910620616155198e+00
9.514736565261028289e-01
2.529851001191608662e-01
8.200228643019091823e-01
6.297704887656622175e-01
7.080176501467075889e-01
1.149588399522447624e+00
7.362700759613615142e-01
1.592458979019969245e+00
1.338565345959070507e+00
8.562687426212363118e-01
1.051302375017084012e+00
9.530698462546877137e-01
1.346033302522284814e+00
9.399775288153748853e-01
9.344070029449668136e-01
1.009005036581530845e+00
9.490987780674783325e-01
6.046679805043907452e-01
1.055751471868593416e+00
8.505400315588145244e-01
6.617970061781519586e-01
4.486182085028318500e-01
5.109303738541265405e-01
2.677368736203158961e-01
1.371223609125639342e+00
1.756057762705451331e-01
3.108421311631025530e-01
8.358831043130062755e-01
5.438843506734873656e-02
4.266156014174152800e-01
6.155341609160721594e-01
3.909884983702187067e-01
6.221736410592531019e-01
5.820085983609640801e-01
4.683306251601392356e-01
3.595990668727161443e-01
1.048796780121050709e+00
2.762580682333190540e-01
5.111838458546630326e-01
4.351050264400873613e-01
8.676285874025374545e-01
8.947967355603432260e-01
7.696949271608188869e-01
8.297680188743723484e-01
7.440611331869712020e-01
4.012736028377174580e-01
1.067157756153986892e+00
4.379042281004875137e-01
5.222877531683499663e-01
8.368090781228302300e-01
5.003973867645808982e-01
2.631033302275907482e-01
6.907878462847513168e-01
6.249448365457951349e-01
5.826164774879392105e-01
7.883389053547988912e-01
1.907449049316555456e+00
4.361138565630402475e-01
5.822227076001070811e-01
4.079381002872444206e-01
5.065907860946514685e-01
4.498741789904435739e-01
6.548228480906520543e-01
8.094498716659749293e-01
2.949260628549515983e-01
1.649068207080427895e+00
7.638439347398024992e-01
2.763414912350594665e-01
8.610964469911068786e-01
6.794008081091629236e-01
1.068652757104265438e+00
1.953384122296507319e-01
3.849096788865755681e-01
1.126080740985396567e+00
1.040189529850482408e+00
6.420088179426716168e-01
4.290548832324352357e-01
3.942382478305394566e-01
7.738916759109625287e-01
7.459405801445105899e-01
5.708995002739648550e-01
6.768701651003886655e-01
1.411588480964728887e-01
9.369646412079919440e-01
4.811070084273878500e-01
6.000243249132560797e-01
4.878858919665672866e-01
5.149387171065061830e-01
5.448069010753866515e-01
1.032134723780990138e+00
3.590573642453995795e-01
5.182209462211113671e-01
9.073087802133961155e-01
5.604250956921266180e-01
7.600494148206659029e-01
8.096908315119801802e-01
1.475454164925141587e+00
2.912584560871512851e-01
6.488480177883512168e-01
3.968221765847250726e-01
6.397531207970632572e-01
9.985590374286149595e-01
1.010480429014724901e+00
2.934460906962340077e-01
5.971166692529183972e-01
9.471421812527934803e-01
1.375039974633747997e-01
3.444509462211354789e-01
4.908820039237660193e-01
6.712496710421749224e-01
6.120359479579102757e-01
5.663464930237877004e-01
1.278921448081511647e+00
1.404567013149512711e+00
5.830401690506348267e-01
3.633899437290900591e-01
1.117228521368059058e+00
5.706653043099912948e-01
5.956928873162172788e-01
1.437668737590061807e-01
6.963399319648707619e-01
4.115750378121978970e-01
5.211053262117416596e-01
3.689054366360767223e-01
2.952768121830368075e-01
1.021932865516044453e+00
1.087956039134247543e+00
9.207390994714246268e-01
8.086480763270172956e-01
1.028965822593286061e+00
1.293157829402328263e+00
9.672135770704156643e-01
6.907321564426369687e-01
3.585689627505815880e-01
1.347558146080419350e+00
7.508412003842221960e-01
8.377255637093830032e-01
5.112022522833787885e-01
1.445382804907336061e+00
1.631841154687154516e+00
3.258335893971281427e-01
1.264145297419054126e+00
1.791734851855347754e-01
2.252598261068696761e-01
7.141738603568714705e-01
2.411621480916964488e-01
7.412789407664917007e-01
9.415014625094230150e-01
8.340972513455383597e-01
4.304041044863736176e-01
4.461465268615844026e-01
8.846634461542226546e-01
7.590392188444639032e-01
2.559364885333863526e-01
2.744024516870871011e-01
1.260379877254304670e+00
9.695092410287097229e-01
6.705433967986381694e-01
6.055442758778539769e-01
3.890671248716572883e-01
3.718247623087566067e-01
7.207995511706979386e-01
1.016118253598525811e+00
1.482786406736458007e+00
5.287098604194626628e-01
5.803109634351629742e-01
4.103560947397024705e-01
3.231852856225049253e-01
7.296655136892774562e-01
5.296410299336068439e-01
3.888608764766845471e-01
3.461774548230214799e-01
3.476113918830120997e-01
4.932035579954808235e-01
6.233110086057737087e-01
1.225285810178803336e+00
8.441994135648720476e-01
3.338830405331836837e-01
7.458558097830225719e-01
1.167819011691770825e+00
7.253043354504369322e-01
6.624641423566648424e-01
9.496667115474205501e-01
1.105261928003664185e+00
5.426033264315388571e-01
4.718167074852782639e-01
8.733730258115419698e-01
9.790491825334900478e-01
1.073783048031504483e+00
3.213694262262348778e-01
9.684516458672984829e-01
6.281493887450322333e-01
4.480282995736514229e-01
1.432419107410303871e+00
1.111532960390149372e+00
4.071365749971856962e-01
1.066832009772088030e+00
1.166334003349729365e+00
6.090670753758774258e-02
1.850345999047533718e+00
7.891773866815724459e-01
2.102482936578029260e-01
4.609212638759239145e-01
4.228660364538604222e-02
5.940802874097974584e-01
4.054014102106311968e-01
4.439780186309720267e-01
1.187744155087133491e+00
6.937189016489903048e-01
7.474754452246498149e-01
6.213095279966971418e-01
2.199919726086125016e-01
6.600347457431986475e-01
6.950195216202120774e-01
6.440085227995306916e-01
1.570849072070373831e-01
1.758368892852884557e-01
7.955150265144317334e-01
6.304591295958087427e-01
7.816259569652830308e-01
5.589338955833106359e-01
3.901399528538769812e-01
8.310686527592869854e-01
9.649415032085254529e-01
7.609102280568317278e-01
5.817137523231011853e-01
7.557276511906108052e-01
4.982466682458397966e-01
7.418889938080356350e-01
7.308426174423108268e-01
4.237617098669282933e-01
4.454681823959876219e-01
9.387560241464874000e-01
4.723471364064987799e-01
1.400557303997623348e+00
7.736601563442369045e-01
6.110405938676616300e-01
1.082671328900364216e+00
8.910407001094929891e-01
6.651055812082566909e-01
3.811198786986625953e-01
9.060558139478714912e-01
3.778366135695545025e-01
1.275582745380150484e-01
2.208312081972034768e-01
4.679323941275735366e-01
6.099439252960148217e-01
1.439738845561665981e+00
4.408553514476922230e-01
1.983197681141452895e+00
1.158776576879301023e+00
4.353527779390299890e-01
1.660592644096319792e-01
9.271409959609607787e-01
5.138264741316119766e-01
8.197646120566617345e-01
6.196393822857335643e-01
2.312342536431714335e-01
1.071776253541649071e+00
3.198565013636972765e+00
8.289574409477706851e-02
6.226248467976447376e-01
2.204510282332385884e+00
1.567203886796988854e+00
1.541630810795644180e-01
7.098582944967032349e-01
2.426801714611148131e-01
5.244172387974860294e-01
3.965536501141937453e-01
2.306605402730665944e+00
2.015957958429500430e+00
4.735320053122856199e-01
3.199089601707987840e-01
5.498712911977485795e-01
3.954863712427421074e-01
3.990289403662204970e-01
4.911627982954804850e-01
8.890019233182587799e-01
4.101903150581752144e-01
4.391282712256782128e-01
4.999473304834841092e-01
6.113833340775933767e-01
4.809483079564002006e-01
1.052029697036649836e+00
4.621824458893479814e-01
2.977685657298572708e-01
5.233073314249095942e-01
2.221561932454481914e-01
2.566815173543977036e-01
8.565568112280732560e-01
2.141101983102079720e-01
4.150365389087939949e-01
1.608162352426367292e+00
1.951719291311994953e+00
7.940807650437142762e-01
7.845120791347203193e-01
2.359150458793578820e-01
5.131714603482387949e-01
8.821225016137316244e-01
4.492090616846039497e-01
8.524561698590381598e-01
3.965613910763247651e-01
3.762895687146670665e-01
7.353169795985388113e-01
1.742820821041241031e+00
3.269846621151615840e-01
7.025265542609969716e-01
8.508546961498244521e-01
9.239507602859478030e-01
9.345149463375003185e-01
6.822554210843878586e-01
8.991090186955789099e-01
2.688458283595195897e-01
5.334440987429350800e-01
5.932146452978971363e-01
2.566345170069067039e-01
6.628909506580125122e-01
9.851372013974613040e-02
3.605848840898328578e-01
3.240044937594916408e-01
4.084233341091428326e-01
5.880153586575564972e-01
7.600261271524961781e-01
1.318276142286527230e+00
5.792874535004062242e-01
6.671974214524405422e-01
6.006238552832922073e-01
4.683532498464131333e-01
3.456567911738564813e+00
1.973027021505457501e+00
1.273158855410562840e+00
8.367158710511193309e-01
1.839076266239506152e+00
1.273795503626567349e+00
7.100217321504410650e-01
3.995123727352065668e-01
3.997996800515324356e-01
8.255288793636351707e-01
5.613166061700024523e-01
7.975847396146359403e-01
6.834369971025808788e-01
9.170556988996779735e-01
9.672627942736006235e-01
6.935684153786014772e-01
9.252254411951481572e-01
2.580522701210020697e-01
8.867869138636514936e-01
6.964939038148455497e-01
1.461416986684162866e+00
1.155370686836864724e+00
1.697059602720494054e+00
6.942607794440086577e-01
5.435492947953487475e-01
8.697792653003942887e-01
1.039697164288414077e+00
5.710285083999541156e-01
1.045816447665683713e+00
8.329723258504235783e-01
1.154757801847088317e+00
4.826591462723078818e-01
2.720321746197117974e-01
1.841766802292620908e-01
6.133949118441927029e-01
7.769121085105608060e-01
3.393510592159638128e-01
2.443522942069796255e-01
3.495205036243481111e-01
4.198968153644764834e-01
6.788961543705681612e-01
4.031040534773618345e-01
7.374758062665406899e-02
3.292683094508425112e-01
6.788931517856354736e-01
4.061490900122887715e-01
7.393002235386580967e-01
8.357325853963077922e-01
5.290045410074758481e-01
6.231331175319881899e-01
2.097797497364718156e-01
8.030331177661667041e-01
1.612998305869013160e+00
7.431518868025257518e-01
8.738110627802658792e-01
2.578990785007800324e-01
1.119508976509145937e+00
5.850554350700405415e-01
2.766830685785406363e-01
3.241220545206461301e-01
1.224344780680831857e+00
6.029603870336073257e-01
6.698108269926571490e-01
4.009702576291044873e-01
4.140385078136765706e-01
6.355177141105562422e-01
1.047713252989994404e+00
2.537239015430682865e-01
5.191545842438772818e-01
5.825679385472122274e-01
4.496819018107683918e-01
9.466001082667158117e-01
8.917518543330870129e-01
6.732113066041141014e-01
3.681061092931041667e-01
9.037124791164530269e-01
7.234861071337677085e-01
9.666114369765126391e-01
6.416782433308581002e-01
7.024028476517193420e-01
1.174924309852280802e+00
8.003258542519278151e-01
5.046058249535363416e-01
8.224995621191679707e-01
5.254572886901835993e-01
6.496929622837115392e-01
5.439585840201992539e-01
7.995888873070688962e-01
3.941012064506865253e-01
5.082411186916567791e-01
5.901900935550095095e-01
8.832957639781742198e-01
4.299283040358243824e-01
3.714969426868041102e-01
3.965085645294171846e-01
1.370801923595283522e+00
5.925648737631574736e-01
8.264807387560072494e-01
1.726206328270535051e-01
8.519736100392559797e-01
2.768865339508613244e-01
2.587668593037765197e-01
3.087763907585996392e-01
3.636303412712233452e-01
4.374232003591123630e-01
5.890535134781692272e-02
8.223575623220183983e-01
7.810915045991194683e-01
3.357518321619024082e-01
5.931065459904220072e-01
1.319937551038865342e+00
2.560539733237513271e+00
1.061250528005011962e+00
5.357695437006957384e-01
7.449789379267601763e-01
9.983247009984431708e-01
3.470784915601285436e-01
4.465977053211606096e-01
2.269636666457364171e-01
9.878310947138758680e-01
7.303655798265337173e-01
8.245422298446040132e-01
5.788900024295995372e-01
4.811867941341840815e-01
6.412047376712756153e-01
8.779304903887625855e-01
1.221983753430567088e+00
1.533360856927363236e-01
5.166128075042367707e-01
8.142008885717268996e-01
1.067315544905767188e+00
5.360783356328766569e-01
5.438924895423876693e-01
4.799335256404780314e-01
8.565585559280086692e-01
9.446180855785439867e-01
6.492601998929355966e-01
4.023167976914911459e-01
8.618249289595449891e-01
6.063150497616711654e-01
6.583021017606536240e-01
4.995870100255733193e-01
3.417652677002381290e-01
6.838815829204972774e-01
3.191680741031887036e-01
4.759006258692146107e-01
4.692017633958387446e-01
5.932289395784606789e-01
4.364632807982059548e-01
6.390579957026986113e-01
2.559150628658249937e-01
2.114271909467380361e-01
6.879939523043706595e-01
1.941768736452421429e+00
1.091312844229129775e+00
1.545000915235892114e+00
1.540514687475295075e+00
1.710489656833390271e+00
1.077003505289697793e+00
1.113228732474436100e+00
9.415911290486332907e-01
8.202142900288021954e-01
6.086040487304226199e-01
5.326787860525840079e-01
4.367862721944353321e-01
4.354832331428903913e-01
2.559614494961610642e-01
5.600229064748984964e-01
1.220695046130845007e+00
7.930154194651151123e-01
1.437853820206803634e+00
6.084887368675404584e-01
8.405269496476119873e-01
7.885474082115284666e-01
4.949443477132746683e-01
9.157400354679829935e-01
8.774441220667220653e-01
2.317847176344867421e-01
6.567517083926035504e-01
9.441971083146090127e-01
8.469822470534658088e-01
9.641384276195797964e-01
1.213550802849900689e+00
1.183121846986125769e+00
6.010116151917059835e-01
2.133045240054153080e+00
1.816518170213842875e+00
1.195190584742186646e+00
3.178937201732552897e-01
9.169885480486511531e-01
5.441483545714606018e-01
6.467263290324805070e-01
1.128332713805034748e+00
2.065513285325564219e-01
4.322322381440041328e-01
6.011245148434002372e-01
9.401841285491228106e-01
5.082639088554996576e-01
1.174989020202365619e+00
6.103829324580356541e-01
5.547744093529097809e-01
1.054953796640797581e+00
6.064203782818088362e-01
7.097352600784001542e-01
7.173180822869322792e-01
5.482119332649136867e-01
9.190145097538197083e-01
1.028143177877805847e+00
5.946433598916061047e-01
6.969265267073367909e-01
1.677417415576082649e-01
3.534520474585547967e-01
3.897504780442271888e-01
6.146532155695272337e-01
1.146685403444188678e+00
1.281683066083293632e+00
1.177928915002815380e+00
6.915580045998340752e-01
6.362252054701379445e-01
2.113287334008989438e-01
4.665846464611164146e-01
1.898784276629504331e-01
4.328266618607268801e-01
8.122389204558824183e-01
3.963213427579809212e-01
7.817838237959701120e-01
6.336759739167600047e-01
2.366560405886409257e-01
4.464836673056088445e-01
8.630577686378608782e-01
7.528635292850759386e-01
9.590035633230271639e-01
6.673446865178517262e-01
4.856625245716353900e-01
4.945188656725081344e-01
1.451887114698613424e+00
2.207457929118255835e-01
4.989225487501707246e-01
5.675456515169223781e-01
3.044915414157639000e-01
6.392256050535645162e-01
1.780421416429143644e+00
5.231012941323837095e-01
5.674788176436461606e-01
1.484817191878820275e-01
1.016921306591898500e+00
7.690386406234410721e-01
2.577729353330037165e-01
9.235891218979525030e-01
4.319606832955029119e-01
1.104477333888709945e+00
1.181188243141350513e+00
5.425700887785555038e-01
4.353826594938256522e-01
5.310272612186385244e-01
9.166133421363554801e-01
6.653184393364544036e-01
7.426935580263932524e-01
4.682679751721210981e-01
1.067854989301888269e+00
9.733870244827567131e-01
8.835198538321055173e-01
1.643369614562885384e-01
4.993131714382278985e-01
4.835799717487591631e-01
3.401184221806689001e-01
6.227562669205322088e-01
1.167569698234073750e+00
1.319289972797119681e-01
1.234334697218829380e+00
5.573448924809665250e-01
6.331628604288653817e-01
5.421699058475158983e-01
3.683875509568936835e-01
7.896650375779460385e-01
1.100971589093149960e+00
5.867497629497199219e-01
8.005448567940779414e-01
6.675887386476094809e-01
6.619028587552951981e-01
3.610346359184004594e-01
6.779380654970780240e-01
8.070263676061494307e-01
4.655596525740782199e-01
6.978993246596565392e-01
7.036191090987646835e-01
5.676019568963395212e-01
6.965859940937972894e-01
4.855250705143547840e-01
3.271793274894776449e-01
8.598798076818032765e-01
6.927304988173758060e-01
5.708254870116906687e-01
1.238620920277817561e-01
8.039562704209748389e-01
4.734484278663470547e-01
2.998309466442866111e-01
6.193435755166933898e-01
7.481971596565877292e-01
6.791179347311969705e-01
6.199382152478057906e-01
1.105749276863782660e+00
4.725330419207510735e-01
1.034354670433687895e+00
4.569479645468162987e-01
6.166537720193913108e-01
7.039461133660377401e-01
1.320281133585300415e+00
6.955526212343156045e-01
1.204881028249274788e+00
1.256214924434222224e+00
7.863957275294800597e-01
6.890293295223968162e-01
3.719500747033915311e-01
6.268691259162151308e-01
3.295670926698451852e-01
8.319272244230573321e-01
5.795229866371519600e-01
6.964550718298363474e-01
2.517787947919710723e-01
4.525598341322323859e-01
8.073433646210934622e-01
5.688707653277881304e-01
1.409581890974046514e+00
4.981048826608412972e-01
4.142390412102213704e-01
6.993520345556734075e-01
2.725536115774202517e-01
5.789944817711868419e-01
9.179231974820051265e-01
6.995147567208420680e-01
3.895479974248842736e-01
4.214335070512692516e-01
2.095347104998071253e-01
9.095780897296461553e-01
1.029010461980622404e+00
1.401874501846787968e+00
3.668526419504151703e-01
7.085021216774439745e-01
6.550150330737096738e-01
4.155975380515307682e-01
8.630896605374839270e-01
2.510164360232023939e-01
4.277888146417658799e-01
7.870085551988010852e-01
4.717546466300300834e-01
3.812162634800502214e-01
5.172345354129397332e-01
1.077992422081773372e+00
2.123986699336562367e+00
1.457563511527457223e+00
1.024131283042477802e+00
7.971007950991625401e-01
5.963844332137300253e-01
1.755603450313135694e+00
1.114655144545857679e+00
7.157008972975132943e-01
5.216637442631829602e-01
8.098084498030522216e-01
6.125755272060752210e-01
3.645613789045888953e-01
3.301190584082696056e-01
8.007930002158761829e-01
5.151522140050542875e-01
6.101608348248852565e-01
1.507233330063787680e+00
9.500956111800824555e-01
4.124607323118944513e-01
4.481376384127662149e-01
7.594204329370445317e-01
1.807547266968050792e+00
1.454318524897501241e+00
5.931437282801779176e-01
5.722538058454431642e-01
5.345006252649220357e-01
1.031128759476500178e+00
1.270065054941351912e+00
5.372028365900864966e-01
1.431864375732515571e-01
6.572051545530338545e-01
7.589633837743411382e-01
4.179486825391008908e-01
8.682239761439168868e-01
1.451640427962626934e+00
5.363678105090640136e-01
2.635050417622054053e-01
5.797929343001360092e-01
3.243440533465420383e-01
5.175538139252595649e-01
3.645303744886972397e-01
8.332018722648551479e-02
1.366037653620413850e-02
2.685694535790668636e-01
4.761807829723347374e-01
7.732164027372276927e-01
8.430955613850388275e-01
2.642399707360370553e-01
1.324430882134602250e+00
3.983826359811878937e-01
1.645563271598599275e+00
1.888751464052174978e+00
9.102091128775821050e-01
3.909286506700666020e-01
5.542469748090821380e-01
8.984033640939959042e-01
1.141898525420055766e+00
7.195845028187691783e-01
5.981986384796488254e-01
7.052792721661351738e-01
6.537134082188912343e-01
8.129706470468706092e-01
4.437752553083832985e-01
9.810150491408281548e-01
9.414333820181598478e-01
1.214182470803525371e+00
3.912994085528446186e-01
2.867304281526530385e+00
5.686433396704306809e-01
3.950651874739693481e-01
1.552437671328953828e+00
8.778118902876292928e-01
4.863197588063965238e-02
1.613131654056355169e+00
4.210926434252631467e-01
9.326935235360604981e-01
7.183040849950413920e-01
2.246209035645042040e-01
1.115840880512481315e+00
3.672412158165402341e-01
9.196455715557758648e-01
3.293004648827518310e-01
2.271612009492497697e-01
1.951236973486346060e-01
5.146567692367678415e-01
3.734236633160761265e-01
1.808911973471068468e-01
4.560233072609303218e-01
2.905872896604803635e-01
5.742345866826699119e-01
1.774590877625363272e-01
9.041504813345467850e-01
1.690650156159669404e+00
4.049884439854319340e-01
6.377313110948374941e-01
9.157368283758395844e-01
3.255502944367836271e-01
3.828260026165231089e-01
6.839435763288500558e-01
5.484128841656461528e-01
8.040199082171778366e-01
1.349269669463605936e+00
1.008725706855778226e+00
7.974259769780092100e-01
6.853671015145833545e-01
2.905210097259333102e-01
5.668759732030065335e-01
7.735454065553070135e-01
3.651566639599176378e-01
8.392115144545257976e-01
1.397779419543453638e+00
7.512073119720528158e-01
1.647188624567841764e+00
5.549692690073941836e-01
5.118942635862087087e-01
5.525192513235303027e-01
1.161518800860145417e-01
4.808371207485525600e-01
1.453493817179660530e+00
1.701915216760771843e+00
2.630837461215013162e-01
9.530558099517383308e-01
6.181514426292333830e-01
3.591302684236050147e-01
8.206593767773320280e-01
9.379724485092330033e-01
1.144754898619341432e+00
2.354371744854329151e-01
3.227385328297968092e-01
6.615021628749105931e-01
2.482322614451307197e-01
7.229934534692312731e-01
6.334701265830723349e-01
9.227437462697541948e-01
8.411075155837718365e-01
8.312998601739332027e-01
1.038767519608422063e+00
2.359358275173305264e-01
2.624773280631479411e-01
8.220874623672539405e-01
2.078579895988290072e-01
1.099763766052988867e+00
5.285722789218657569e-01
4.459118555244014903e-01
1.570429567408206661e-01
5.453530267368731366e-01
3.248679293766967291e-01
3.442648106538854225e-01
5.176301574199076994e-01
1.110108251423920223e+00
6.973092919973905568e-01
4.680623932669755183e-01
2.271687026033942791e-01
2.632062142552870077e-01
3.753392958628322118e-01
6.679978629053487937e-01
6.440560817538375504e-01
7.607193022220570811e-01
9.168834853523127881e-01
1.327583169359646265e+00
9.201954097578588510e-01
1.408490049320585635e+00
2.591343574286201878e+00
1.631518221477614161e-01
1.163771174192967939e+00
5.667939360576234042e-01
1.324330300246236325e+00
7.882372591269040107e-01
2.484888586060313986e-01
9.491014658098636536e-01
8.795982340821377754e-01
4.678275435326424425e-01
1.982964867618712823e-01
5.380890965217338673e-01
2.221087269449699697e+00
2.339266451266538649e+00
2.912333605097673139e+00
7.911316477963759031e-01
1.109505390157157878e+00
8.097083382628647019e-01
9.012063812289136111e-01
4.100696243750994174e-01
2.085441330731565568e-01
2.442309948151914489e-01
6.219972394887365308e-01
3.366005901448568816e-01
6.213553084812667437e-01
7.425143742195227103e-01
3.299035074118782940e-01
4.525892309033396899e-01
7.106810553176632350e-01
2.666975247702266794e-01
6.428207540129466935e-01
2.932565501079544834e-01
1.647342380305625575e-01
1.033708221460702958e+00
8.401226327334495592e-01
7.537697167970237588e-01
7.549906023345173134e-01
2.347110478182617421e-01
1.149465755681827073e+00
2.552270221317419208e-01
4.698441830652600459e-01
8.779757057503774220e-01
8.559640171412782328e-01
5.022474758259528604e-01
8.571326904926183099e-01
9.710176331743164413e-01
3.630603462306842832e-01
1.032308018523553583e+00
6.269673630159680044e-01
4.315243619175910261e-01
1.062694663849799381e+00
8.880274459576597001e-01
4.059304031715246786e-01
1.075436677716504308e+00
5.780613234026426017e-01
1.538529772350677727e-01
3.082646783325986295e-01
5.967218838638127520e-01
4.271121830790226559e-01
5.923873618580455941e-02
1.390001105269920378e+00
3.609716249378562836e-01
7.916632380099218880e-01
3.962641501484635564e-01
5.177118652362550089e-01
2.867762796413672044e-01
8.772337454400167545e-01
7.918346900328782079e-01
5.160674390237790510e-01
3.925324911530009842e-01
1.724288037810192964e-01
2.617149879530088485e-01
5.237610910668186737e-01
4.262078670371947098e-01
6.262135399918582479e-01
5.233164434883608163e-01
7.088062586934416043e-01
1.743426202885234033e-01
2.368583812193005844e+00
9.565851581342923460e-01
2.216661700656783474e+00
3.642293736526679981e-01
3.894750084650730471e-01
4.008208504487444923e-01
5.616931684890128507e-01
6.070362911000730666e-01
1.951981467074880072e+00
1.474119955155350103e+00
4.386062152167587991e-01
5.473627049051368321e-01
5.232925089647719741e-01
5.910144136706154683e-01
8.161554449535055600e-01
8.220422851633627515e-01
7.197019567712188426e-01
2.638523356816456777e-01
6.092549794391138862e-01
6.082238729311155723e-01
4.978094750508469946e-01
4.081077126054784565e-01
1.247657731417053828e+00
2.119017270058226599e-01
5.844093838430933774e-01
7.494236914619544221e-01
6.020475924873618379e-01
2.845023377648153162e-01
8.073254595170575865e-01
7.196449566345758386e-01
1.950996357560825234e-01
4.438038516581836457e-01
7.879873387860381051e-01
5.829683791632471745e-01
8.240683526595871111e-01
3.439361846030171699e-01
6.753895067863665558e-01
5.154414027272024024e-01
9.018208702392255249e-01
9.447385022097143370e-01
5.257784192622294572e-01
4.134724580438339792e-01
1.076577412652321319e+00
7.939052660092652536e-01
8.044262516440929822e-01
3.560970223278775992e-01
5.105067738018223000e-01
6.084369928058269705e-01
2.094229010543836311e-01
9.845829461922306347e-01
3.832924086319807189e-01
5.368804128756432537e-01
2.346286055527469827e+00
5.707410836835534740e-01
4.606531600250127201e-01
4.762094930229828771e-01
6.045279977172193231e-01
1.797902372938469939e-01
4.891127097406402502e-01
8.462315422809899568e-01
6.612602200991559709e-01
4.683891549703849133e-01
4.561450417785760103e-01
1.015395961924093982e+00
7.110316325198211551e-01
6.744790252213656023e-01
1.107960574806663434e+00
2.869758941255432516e-01
3.136161442935668786e-01
4.416767608173056137e-01
3.932444917533708950e-01
5.777633054587079098e-01
5.743182571763189026e-01
6.375227456997120123e-01
2.070416711078512384e-01
6.773960127848256407e-01
7.603306481265845740e-01
8.696113846524363700e-01
8.016242840182653540e-01
6.206507436063022354e-01
5.624875532526055766e-01
1.085525675797203382e+00
6.807340942677269080e-01
1.001630713952810225e+00
3.863897231954182554e-01
8.694130052195788716e-01
1.155646283691390774e+00
1.458662840646536285e+00
4.602027434137912487e-01
4.889742911279639226e-01
2.889721833998557532e-01
9.418438471439044557e-01
1.838080781999554603e+00
1.220815971886446194e+00
1.773414490375835095e+00
4.768339772776620800e-01
1.833703946414522168e-01
5.331231590133561626e-01
1.761779901537104676e-01
3.208536909770351442e-01
7.052073317037463873e-01
4.395211774209235034e-01
7.621734949498540912e-01
6.360911503125858957e-01
5.963779840241069108e-01
1.510570789864465580e+00
5.565851011654202596e-01
7.731396009394537749e-01
4.816885135805373253e-01
6.027413730038191364e-01
1.305651134333600583e+00
5.529690919306773367e-01
1.789136693465552264e-01
1.341492853102611571e+00
1.513473583768724540e+00
1.590292027349456516e+00
7.327584416899333153e-01
5.308459279595227898e-01
6.037117168181483917e-01
5.200770391463146458e-01
1.613364849320478023e-01
2.485994825708313649e-01
6.164005022870127082e-01
1.024497576949420230e+00
1.097330104681141227e+00
6.592457209943662910e-01
5.807578235416174239e-01
4.551004448539825442e-01
1.190698657395571791e+00
1.409103716629189984e+00
7.806672294976888526e-01
4.213928470066880538e-01
5.333417170230849713e-01
6.268938906767355101e-01
8.249013336414952047e-01
9.317745488774730189e-01
5.461800393265560105e-01
6.837552135790877506e-01
5.332448630427968350e-01
6.916118261118269217e-01
7.165687323375649065e-01
2.538200118674008299e-01
5.271902670139675395e-01
2.166506901600714130e+00
5.504698802819228964e-01
7.688683658870937299e-01
2.158428212982090422e+00
6.182785526282251753e-01
2.428042370699279029e-01
3.726937612083033313e-01
5.391073207714416338e-01
8.539424971225603178e-01
8.139743855003565010e-01
8.747293618506255530e-01
5.094607359280802772e-01
4.098465129948848928e-01
4.501337701595876095e-01
6.455725665092730825e-01
3.816202891794959751e-01
4.115425276510138453e-01
4.623607574117331587e-01
4.502214675689507617e-01
3.503159872546121600e-01
4.184920718459590461e-01
3.789686168328149085e-01
4.238238087708220969e-01
2.579974994888730722e-01
6.640103754473626330e-01
9.783859524616068670e-01
6.185042739333673767e-01
5.293921605065474711e-01
8.160119109057396569e-01
5.339707630487552370e-01
8.249406090488897725e-01
7.989390016416052509e-01
6.149170541118739175e-01
6.988835742427780273e-01
6.429290390897425267e-01
4.155129545675410874e-02
1.182575286331560172e+00
1.166968333491537724e+00
1.090583026763315422e+00
4.696297262602343592e-01
1.235767204956337295e+00
1.010825492736969977e+00
3.275530469033105518e-01
2.000433704661448986e-01
1.244224684944884363e+00
8.094835835178276762e-01
1.560653217804446991e+00
2.284855199608740062e+00
4.006017402303181374e-01
9.356628818819188176e-01
1.044434688822471813e+00
9.976964449655821854e-01
6.955623132670480935e-01
9.157561654748418434e-01
4.658407515236602792e-01
7.229408204007989336e-02
8.436725506728942614e-01
1.826523778213750004e-01
2.520832649057335173e-01
1.709871758118447715e+00
9.914245168845856604e-01
2.630222227567683424e-01
1.133556015618361279e+00
2.507971813158882401e-01
1.012812510596583060e+00
4.904752579405976531e-01
1.196042344893567089e+00
2.529637507422957676e-01
3.443446410596944229e-01
8.286592302051962733e-01
7.049132081168065778e-01
5.208130282094213248e-01
7.911587457037924098e-01
7.283237146921880956e-02
3.437346879517338971e-01
5.519648574610698244e-01
6.808090634549878173e-01
4.968431337506509782e-01
6.487693553203900398e-01
8.375711470915886414e-01
6.908432563722924913e-01
5.051953356680493057e-01
6.146949289959945384e-01
9.333375748636282276e-01
8.329252127262309902e-01
5.416586765029803852e-01
8.011589795613154319e-01
9.512337375813142426e-01
5.726095602397703876e-01
4.293627319046103841e-01
3.515327681600933230e-01
4.099521393538543834e-01
8.487421890901607480e-01
3.685052225424509387e-01
2.861967993519609621e-01
7.545781617594164992e-01
7.970862329910479716e-01
4.628860742484789403e-01
8.820851058749010765e-01
1.180373387396189022e+00
3.507525461408038114e-01
2.693241523206033605e-01
6.814444084524947653e-01
1.922017666157446458e-01
7.622800138450226415e-01
9.921496152582871542e-01
7.148053524967118433e-01
4.117266213220944771e-01
8.268536372001488166e-01
8.583553563210415405e-01
1.335066206885110462e+00
4.828331651423669046e-01
2.637392867219916504e-01
4.439355267009206796e-01
3.924573663661860556e-01
9.315956702987404636e-01
1.561144945805304829e+00
7.032771258866927777e-01
7.961217860162818072e-01
9.534516869248526039e-01
1.025071074692238821e-01
1.143396335687792531e+00
1.343890054578257498e+00
1.069085668918322796e+00
2.459450630853293462e-01
1.028675783278542699e+00
1.536921259722008326e+00
7.676370658609710240e-01
2.618323816613912780e-01
4.844837912618592535e-01
4.430010822277379856e-01
3.288938656437609964e-01
7.044100068217952204e-01
2.346018326526836673e-01
9.080195210570173314e-01
3.575893163174317380e-01
4.019255050560929798e-01
4.511016399436977298e-01
2.961507847774874636e-01
3.071694192883188679e-01
4.539334787554459849e-01
1.685892803712000232e-01
2.831003971038694167e-01
5.095861431637864758e-01
1.756063414275166323e+00
1.136198428601104649e+00
4.474822439112484118e-01
6.201604531680228183e-01
1.990949865127168428e+00
1.661159468049676846e+00
4.502094927143041048e-01
1.029965850150330597e+00
3.105769462987061913e-01
2.569506387028198668e-01
4.942779548001344780e-01
2.810043467421402541e-01
1.259713455705401830e-01
8.285557533185570200e-01
3.858095488865865841e-01
8.611865842360522105e-01
9.324289155445620869e-01
1.161613979930771423e+00
7.860823215662907648e-01
3.789574064383149921e+00
6.507066257349833904e-01
5.154612575015459219e-01
5.060963620482974434e-01
4.899113361856655136e-01
3.199728961353706658e-01
4.987098787971441793e-01
2.769131827173171523e+00
2.976243442131799810e+00
2.330696647216757289e-01
4.224202921310707959e-01
1.026466311816271570e+00
4.521352176800911837e-01
9.916081396738368747e-01
5.867226249025540019e-01
9.493792248491723651e-01
5.558547411954927187e-01
4.247544550434346200e-01
5.005583735069374374e-01
1.003094309623153935e+00
7.138006408173241946e-01
1.290770395608832333e+00
5.253636338707241560e-01
8.457239794972192248e-01
6.836947691198541621e-01
6.125249246352909571e-01
3.876940438299676939e-01
1.078137647900319296e+00
9.060734698461051506e-01
3.267699646218012455e-01
5.109522963314022670e-01
1.678100717534167785e-01
3.027639695341696191e-01
4.418298387046478148e-01
1.411564079542265426e-01
9.976339464616607033e-01
6.248376412656123646e-01
1.061440416308635726e+00
3.478264650541893488e-01
6.558843494734898361e-01
5.408553579152548529e-01
3.957840410866105829e-01
4.456996891215219136e-01
4.193268148854715216e-01
3.648053326634528304e-01
4.007700324585249385e-01
1.283299140546384054e+00
5.467057412559847007e-01
6.487111506223983692e-01
1.296017533467089367e+00
1.242435910237550400e+00
8.613135291968659901e-01
4.591336280422723681e-01
7.168493629223070540e-01
5.343393241096654478e-01
1.476146130136069878e+00
2.956055056959847049e-01
6.319555269718861723e-01
1.113854012151241024e+00
1.197584228800988138e+00
3.179940356385054789e-01
7.935568811703341829e-01
1.874212056834551499e+00
7.818989365858585172e-01
9.011154614169586408e-01
4.171655817889821094e-01
2.133961956866678722e-01
6.678082024113837223e-01
1.046974936962627556e+00
5.663883227218139416e-01
3.849988698587318847e-01
4.975365454503367091e-01
6.611961766224484505e-01
6.150319299976715337e-01
7.410439801593423637e-01
3.253430332614675180e-01
3.982857887142118858e-01
2.806535762385463650e-01
3.903394992194424429e-01
4.641002420864933642e-01
1.493418499326039095e+00
1.709873553543921565e+00
5.626507879926826439e-01
8.118035127517863048e-01
2.186732528877060044e-01
3.399727470145822994e-01
6.066906483373615266e-01
9.144870763106207612e-01
1.481813695276011700e+00
1.006089540479049305e+00
5.253559040217926634e-01
6.203931010764182075e-01
6.500979983166159659e-01
9.702386318913571728e-01
1.256849604758726757e+00
6.774996941583300014e-01
7.961131459699896107e-01
7.505537856293477139e-01
7.092340033743929073e-01
7.840889580515641999e-01
1.000608116664656988e+00
8.293361401350141104e-01
8.025809159205249399e-01
3.271932076889928487e-01
6.778575391035682740e-01
3.169823092440426926e-01
6.615602585222959409e-01
3.477702838396742324e-01
3.066262682758162383e-01
1.089648105596096261e+00
7.660171049729436188e-01
6.575605951481610090e-01
7.058821596870994419e-01
6.834468101508515137e-01
5.368666035308997664e-01
3.525119949826676091e-01
5.330175354047290703e-01
1.329646624807956368e+00
8.652188533941135296e-01
1.086106792000328003e+00
1.089564791637392727e+00
4.745283822399122275e-01
1.516641094269202794e+00
8.764894711770754299e-01
5.873169654542393925e-01
7.076079270355331019e-01
3.271799171412181906e-01
6.439859439450912326e-01
2.017831202150209280e-01
3.163513865891501853e-01
7.082916716603783192e-01
7.215505642095243477e-01
7.193489992962971424e-01
1.214945266801656487e+00
3.385669828807577053e-01
8.129890273117982291e-01
1.850223628650158547e+00
3.079883340841919059e-01
7.891388862814213701e-01
8.477314000668413341e-01
7.196197450105993321e-01
8.069902841245097935e-01
4.935580009163585968e-01
8.164616306281522462e-01
5.414796418700438263e-01
4.137044775783431105e-01
3.181493501574911842e-01
1.487415226287903014e+00
3.456146283117205176e-01
4.079028623044040347e-01
1.001910843814414420e+00
8.809168923840108301e-01
7.157578608616083082e-01
2.198326694517130087e-01
3.552574905914567815e-01
2.899165050286942047e-01
3.977911191552691572e-01
6.347089139242216849e-01
7.085738807186363619e-01
7.350348687274079751e-01
5.596271491746083182e-01
4.043890339130196132e-01
1.544881364845868132e+00
8.284057502379327254e-01
5.619415999838529574e-01
3.857830189131281617e-01
4.741034304834237934e-01
8.967754625930177692e-01
3.525162872303420625e-01
8.588015177314682891e-01
9.924935220192462326e-01
3.923687584597607136e-01
1.463552415061082079e-01
5.143577396698253423e-01
5.986041495277583113e-01
8.515370948317870781e-01
8.057999720207550398e-01
3.788680288744896707e-01
8.469625067334292101e-01
8.263924991891850036e-01
1.709169982356410600e+00
2.373457550325519083e+00
8.352950936967229456e-01
6.004139648045588862e-01
6.885170836062460831e-01
9.577367385688739798e-01
7.054187394038249348e-01
7.154030325881544083e-01
5.536795279271502501e-01
6.320858403688835170e-02
1.030594209947044204e+00
4.613918845404286206e-01
4.236236141856440374e-01
9.512413688196901251e-01
4.949538389412582728e-01
7.554337633144961872e-01
7.140504890687293660e-01
9.505399420087433660e-01
2.416668537244022197e+00
1.147564807637982298e+00
2.026468420887286015e-01
3.746857546655603666e-01
1.517469232514293331e+00
8.101797261441563425e-01
8.859960013632151021e-01
1.754013298883130734e+00
5.543832914583071148e-01
4.742200005555484710e-01
5.716728335372379677e-01
3.791569459711817691e-01
8.414746406081324848e-01
1.011419846367855424e+00
6.326866491910886348e-01
6.351692525057466288e-01
6.912472195528802654e-01
2.951140838260241650e-01
1.000261885550288582e-01
7.901299886104954373e-01
1.433541987772161352e+00
4.604634956319660910e-01
1.315914981139850726e+00
3.362353974756037145e-01
7.795601403249293737e-01
9.117232515856313890e-01
5.801493581285281920e-01
1.410300891764887377e+00
7.985667075010682847e-01
4.147825926840595923e-01
4.688764411964995160e-01
4.479443263624603988e-01
6.725694220194323725e-01
3.053697709116315329e-01
4.257961827249209796e-01
4.545841353087798908e-01
7.324837648326588679e-01
3.828394046189161348e-01
6.394637519896589906e-01
5.100096026714455721e-01
3.070271585944466808e-01
6.837712409116422085e-01
5.819635786429813162e-01
3.711326742704366688e-01
7.486013576743683062e-01
6.690031638855830076e-01
6.516304592972034238e-01
1.244288430272517676e+00
1.224363728098421422e+00
1.017332947398659426e+00
2.198827541881705372e+00
6.219470146447529935e-01
3.550333169315113002e-01
6.568631712994812410e-01
2.339180621274971339e-01
8.620077494523161743e-01
4.501441427333403023e-01
1.773384052940055466e-01
2.742380350529726396e+00
5.221859396709729317e-01
6.476228486704386222e-01
4.825175296824313897e-01
3.309907314188689775e-01
3.118781409766707147e-01
5.058026490075293591e-01
2.108565380185993821e+00
4.396602861508656646e-01
1.918641141622276780e-01
5.278190676269566284e-01
2.331347027502532199e-01
1.024775930009971248e+00
5.022215691434419593e-01
4.205933234738446491e-01
5.590499075374610882e-01
1.004393832474628212e+00
1.141636302722436103e+00
2.129141176063121144e+00
1.172588299517380861e+00
5.673472424870025232e-01
3.220167263740353336e-01
3.409361639608116668e-01
5.668147879045557502e-01
1.248455266089011806e+00
8.797791485868848849e-01
4.750651639020178063e-01
3.894981617752374947e-01
3.244643587455006695e-01
3.819004074169939922e-01
5.967603389383464574e-01
1.873410180643304834e-01
1.186424223330205141e+00
5.803554346957648935e-01
1.659699065072184343e+00
7.257411365616828203e-01
4.368330602441571342e-01
3.273248467154616370e-01
5.402273755417980050e-01
4.614728010512016976e-01
3.527627745182452257e-01
6.216931678595964961e-01
3.269970231029822316e-01
5.890771300449405556e-01
3.118859424180936979e-01
1.196953945709837042e+00
5.333262684735871062e-01
1.204446935541914510e+00
8.615961849844383513e-01
1.375289439348606813e+00
7.345365559944146971e-01
7.450551749142516611e-01
6.808731538934577054e-01
3.724340372508379016e-01
8.804176000152704740e-01
3.077294582218701446e-01
1.263320865500042745e+00
4.214736720685552385e-01
9.544958834071713971e-01
4.467446099323704178e-01
6.362519874859824398e-01
8.819808859509700172e-01
6.710215822637065619e-01
1.667558706667873480e-01
7.249184596033786399e-01
2.239940734587640314e+00
6.919089769898525422e-01
4.231515960865274706e-01
4.810080018762157295e-01
1.006360814453459041e+00
1.255085262407236391e+00
1.019523527987122202e+00
3.849436259478652977e-01
4.824822590295238522e-01
1.732146025635472153e+00
2.007261111390083119e+00
2.589498143144933096e+00
2.240258745880042035e+00
6.213350676658911942e-01
4.705281475941295866e-01
7.667275227899713608e-01
1.055955825098267242e+00
2.463811601420627106e-01
7.771116012777814497e-01
1.422737172830500496e+00
2.274104512485797536e-01
4.039509154227142740e-01
4.386563909976189946e-01
5.390075538512222320e-01
3.753523647483067438e-01
1.578585075859310904e-01
6.177805678810674994e-01
1.084396594522881174e-01
5.998541444305831583e-01
2.533462231247517460e-01
4.464116149435328751e-01
5.350649989339208989e-01
9.356587980253389114e-01
1.303852895809857637e+00
1.308539782235044191e+00
2.561430263743156299e+00
3.062754317592290665e+00
1.815987112075445831e+00
8.601434635909320503e-02
3.000052135034494971e-01
8.344891799370857122e-01
2.455151314496831494e-01
7.561647333184700059e-01
5.583914656707182900e-01
1.347172240128051257e+00
2.756032787071515111e-01
4.996520646838790158e-01
4.334610052167867655e-01
1.958399741410674855e+00
6.874935783140907475e-01
1.440648373795624604e+00
1.088214381711509748e+00
1.375388730270266924e-01
1.165331681166347666e+00
5.961964204858318794e-01
4.776713620345234279e-01
1.167651671458643570e+00
8.644249095788577586e-01
5.198712059578608491e-01
9.699224883227117733e-01
1.236706069031468846e+00
6.922166784613138502e-01
1.535751868841602474e-01
1.123669069343948168e+00
7.170042516078182215e-01
1.583023580576348177e-01
4.318824797168823726e-01
8.504575184086009543e-01
6.173198730200128992e-01
7.762572379544012691e-01
6.092153035600762490e-01
2.423705013658687124e-01
5.744290483668509362e-01
5.487672976570714400e-01
8.119381020111811065e-01
9.450305082567425075e-01
3.118993052773307295e-01
8.573829318207284444e-01
5.012115939320145319e-01
7.206225567490086581e-01
7.653269950694082668e-01
1.734906073807171323e+00
2.830547493837945794e+00
2.544969739563638811e+00
5.126418825982439476e-01
4.306216909532851744e-01
4.763147287475757441e-01
9.239823624635051802e-01
2.378534775623058761e-01
3.896055532992866999e-01
4.243163591809351320e-01
8.744269952439476246e-01
1.077628790743433873e+00
1.030888281526625150e+00
3.478210624666100981e-01
7.632286547777931141e-01
4.090735771210199934e-01
5.463162046746848910e-01
8.014728450936062787e-01
9.226514891516381933e-01
4.052217930597261653e-01
4.692956429633656223e-01
6.681325712379015958e-01
8.665424642386665433e-01
6.824825365770919028e-01
2.771898585290299977e-01
4.101943733747498433e-01
1.976857652327015380e-01
4.067590722141992687e-01
8.072850901023475023e-01
4.624043264616205517e-01
3.575751630519511171e+00
1.940934059661397759e+00
7.709687706283127051e-01
5.136799348054769121e-01
7.934883925424704998e-01
3.859978728327108644e-01
4.455189126598296245e-01
4.120925148499555712e-01
6.057890443759087473e-01
1.291272221423803435e-01
8.088029985434722624e-01
1.271866060487479411e+00
1.262887437106552380e+00
1.274875776998255217e-01
2.356813618877267036e-01
