1.314667803362280285e+00
1.591922950473092069e+00
1.550106392549061574e-01
6.354791645422425139e-01
2.001682784765767276e-01
9.219408415545767843e-01
7.096594468764477748e-01
6.264321569788346977e-01
6.757390189695171578e-01
6.634565510264314181e-01
1.670185750619995302e+00
6.515953077142766503e-01
6.402444179579107608e-01
1.129559551686369234e+00
1.161503248631893026e+00
7.929204198877224385e-01
1.918016847811175651e+00
5.903205456897880898e-01
6.718389220068476941e-02
9.274795433750184781e-01
3.262836754772108772e-01
5.374268804116358877e-01
6.061762619299145838e-01
6.412065127141398646e-01
7.755149351253285417e-01
1.270391101473045570e+00
1.459175801096397329e+00
1.312580781304054200e+00
1.318078922826823707e+00
8.546863640158197661e-01
3.194958557441502367e-01
5.357847056241374917e-01
6.063923762926504146e-01
5.462622588048899885e-01
5.693647257526479599e-01
9.047295815208717951e-01
5.310826959842088746e-01
1.036138727395786496e+00
1.800991440120124132e+00
1.066680421664212508e+00
7.842003042889303943e-01
8.632571597142127962e-01
5.346801172821821213e-01
7.100820108266273634e-01
1.323931199205109044e+00
9.977387923601647168e-01
9.293475308700852588e-01
2.059854075014459163e+00
9.233617859420775176e-01
2.700247999120657938e-01
3.265390172436362648e-01
2.931347793332390594e-01
5.374138962763621574e-01
1.552892814594844406e+00
8.946625548716233833e-01
6.947071755139831994e-01
4.411967701363525562e-01
3.951843118005101130e-01
6.587620500866823159e-01
1.374809053927994684e+00
9.428971991536722053e-01
1.757532023975391544e+00
1.723019540343058376e+00
1.056864337629570327e+00
1.853030625589514868e-01
6.412264062357037053e-01
2.026219311622645680e-01
7.167451400881558188e-01
2.324079724475248965e-01
8.569419712615170548e-01
8.783306271705578760e-01
1.153796596027887755e+00
6.173073237416489834e-01
4.296229359692436134e-01
9.930157499811729238e-01
1.001339800227983634e+00
2.059357142628458759e-01
7.366012570105532342e-01
7.874693175085415442e-01
1.420604167281559027e+00
7.626357342185722255e-01
2.133191203802657643e-01
2.929539892952943633e-02
1.776889879960506236e-01
9.043784463229495030e-01
2.077952872484960523e+00
8.856854530162812100e-01
1.251599935417597287e+00
1.409562563113098355e+00
8.244644951922194265e-01
1.870114324957637963e+00
1.687778083304241727e+00
5.193053115209600445e-01
4.882059785949781072e-01
2.282848349009810818e+00
2.720530463455753112e-01
5.690167868490964009e-01
6.222485779363294833e-01
5.762581683590346504e-01
1.626101480568628688e+00
1.658141661913990594e+00
2.314562995755599928e-01
1.060829211649738868e+00
5.898853500559155805e-01
8.480430274335533092e-01
9.377223476173776051e-01
5.444369692895251189e-01
1.189692490000440639e+00
9.444004216312270605e-01
6.566330688121180259e-01
8.924266737537563943e-01
7.383511506416794434e-01
1.117801685670942513e+00
7.568802941066862244e-01
1.527723770679766391e+00
5.942925701401735594e-01
1.599748403562882171e+00
8.334247319408027987e-01
1.485738292118711223e+00
1.968808331434435122e+00
1.390469122990138695e+00
8.038008374202657569e-01
1.706131975028616576e+00
7.826917876792921502e-01
4.598975111696416707e-01
6.580359079178168535e-01
7.368364468419634772e-01
1.838659128537985521e-01
1.050069644695861504e+00
1.465173786389597499e+00
1.272219062009818380e+00
5.881236514156163997e-01
1.003471084519496737e+00
9.982697283963657409e-01
3.220087190784998721e-01
6.712526425232956395e-01
1.171631518990432275e+00
3.816070014858495840e-01
8.153388204486817781e-01
1.340215910807688982e+00
1.257150819447021339e+00
2.458418814306191913e-01
9.300422137240377252e-01
8.982168592102635074e-01
1.049095864686307333e+00
1.206781157217805545e+00
1.479623820460428618e+00
1.295760346441888533e+00
6.082973192125019635e-01
5.717737301154695029e-01
1.528456086468507502e+00
6.158271874961471770e-01
5.351186775801978213e-01
1.128209152567465567e+00
1.232838542991758324e+00
1.635599456253770345e+00
1.917861571150546229e+00
1.843304715208184286e+00
2.917975253088209153e-01
1.980763273397423418e+00
8.197178421267026227e-01
1.125274132459908483e+00
6.986708455555171726e-01
4.273580162081334066e-01
2.855449176526649868e-01
1.146310709603963085e+00
1.546082224879552935e+00
7.958457328410951659e-01
1.455446434375903264e+00
1.058937617368737705e+00
5.520150824025543690e-01
1.161719076138481244e+00
7.445422085833527381e-01
9.127369056981569084e-01
5.654201586662923606e-01
7.561592781375444661e-01
8.401389586740327653e-01
6.841132966911581681e-01
6.807932685299905584e-01
2.652194906184123790e-01
5.495168683249349595e-01
2.562492883948002120e-01
9.248562773041756335e-01
1.253090208730047950e+00
1.317381903879525584e+00
7.274312062458662131e-01
8.392378564002501706e-01
2.851428819170360285e+00
1.595372394949450268e+00
5.220471337811535273e-01
1.167129438862453128e+00
1.251037976232071802e+00
3.049557487129435529e+00
1.345969598182981342e+00
5.422843377362120965e-01
2.272137231095009646e+00
9.229341723278420284e-01
4.845841963042718525e-01
5.384042683565198883e-01
1.106823140605879052e+00
8.615753414073568095e-01
1.129703747210774045e+00
7.729396895701288184e-01
6.667159845282070174e-01
2.923599950244903378e-01
1.116950087125901270e+00
1.241643119335197554e+00
5.241555276861031842e-01
2.906543069762050346e-01
1.737751719311376064e+00
1.558117970971822697e+00
4.857019791879958470e-01
5.096818162202811919e-01
5.836602230328643559e-01
9.895795521425820862e-01
2.444106541552020673e+00
6.919732271634094767e-01
1.495046872027008034e+00
2.824562784399242132e-01
1.218468470151554905e+00
1.303093877949349499e-01
2.580593641015765938e-01
6.775536789820880701e-01
5.492933887874111853e-01
5.450386392129241697e-01
4.776639642394181484e-01
2.854069120823757300e-01
4.938087020714974074e-01
1.264187553731379365e+00
8.993866267537491410e-01
7.244714783892207688e-01
5.341946848314208518e-01
1.839753537173476117e+00
3.370405269351670063e-01
1.586703214416895769e+00
2.243819272100322504e+00
2.003539762807635238e+00
1.517644872491842767e+00
2.008164504483943347e+00
8.408853964910455447e-01
6.317035105921157134e-01
1.123337939538062269e+00
9.671236726016271268e-01
1.744955550706312364e+00
8.068530228538067783e-01
1.310361100683386404e+00
6.417798317979980238e-01
2.703840745474923590e-01
1.477320657120919645e+00
1.431883374056637459e+00
1.364888363306273389e+00
1.031131403474282004e+00
1.522058407673678504e+00
1.114492078617008275e+00
9.872580291371013672e-01
9.035719762293773494e-01
1.132212588541136933e+00
9.037401544767176276e-01
1.285469913914378148e+00
3.393610326977596903e-01
3.892707770595036365e-01
7.307007481224232492e-01
6.428005211005166641e-01
5.424184358223913677e-02
4.718136600090950261e-01
9.039660633611983354e-01
5.730537681572438480e-01
2.224924721738220368e-01
7.671140049533374805e-01
1.200039364106495476e+00
4.230966579426208019e-01
7.393986822490972166e-01
8.011313688661826360e-01
1.140892818021277622e+00
6.102724083735850957e-01
3.869909171056369890e-01
4.802034800744247045e-01
4.362752897205806613e-01
6.858463010371198543e-01
5.701940625481504155e-01
9.370961750547225355e-01
1.349347633949548042e+00
7.958408025965754140e-01
6.389070142125755636e-01
1.290896349886638372e+00
6.664206276321930078e-01
1.200011697507618491e+00
1.000355776644465067e+00
1.223440194362722000e+00
4.565425183816907984e-01
7.340145444001190400e-01
1.376873049631583967e+00
1.077492921929513736e+00
9.787279131194781545e-01
1.853182113611364423e+00
8.957011986729017661e-01
3.849638957822520413e-01
1.734166443361476961e+00
1.001520780833927482e+00
1.641484242763477652e-01
1.349743161246348189e+00
3.168885645032786247e-01
7.483736948233254971e-01
2.010543627088167140e-01
4.942308827639282365e-01
4.506014520944769397e-01
1.243966715176904048e+00
5.677199575786766594e-01
1.858615567160203152e+00
1.380581632862775132e+00
1.241106750434432637e+00
1.154139706837459478e+00
1.390635563929419893e+00
5.293451000717886989e-01
9.051232503008553865e-01
1.125355883102856502e+00
2.223262069432954957e-01
3.904158940171355563e-01
6.719925611278008137e-01
1.038781419861888322e+00
7.020134886070727998e-01
2.736725986896356710e-01
6.808731198365773896e-01
1.301927716386520162e+00
8.391194214543794549e-01
1.633738627845892744e+00
8.845428797229060169e-01
1.512690296141378177e+00
7.575949918815987338e-01
3.002578938530995334e-01
1.159168781113753210e+00
7.765459287976073099e-01
8.746080822000237287e-01
5.946708585060406227e-01
7.493248466643418482e-01
6.628096956431603903e-01
3.823790536977120791e-01
6.157935306068975656e-01
4.812445585894324918e-01
2.106263085454612161e-01
1.500469616621585400e+00
1.149831326004457033e+00
1.727023247668346695e+00
1.724557152946923688e+00
1.296269801321749071e+00
8.408782585619219985e-01
7.757320018531632666e-01
2.082062767531968617e-01
1.176036611830002077e+00
1.460189754112683591e+00
1.772548957338157427e+00
1.485071330490834507e+00
3.943181630646418467e-01
8.403982539092147430e-01
6.408052920881811554e-01
1.692705204281841791e+00
1.196736666803695393e+00
1.457529761993014317e+00
2.134521245830231173e+00
1.331355287649087948e+00
1.838934946311409524e+00
1.570773577672045507e+00
1.297352804426821216e+00
1.095711342458730364e+00
8.873521097876990726e-01
1.677244546735067399e+00
1.089579388834474027e+00
1.417319296381232885e+00
1.389481303760909392e-01
1.310160462537946380e+00
6.807120537310027419e-01
3.866060644231498200e-01
6.877060645901185154e-01
5.260396968198900458e-01
1.579110936091599471e-01
7.204177720076014868e-01
9.106822139250023151e-02
7.205563489084727546e-01
6.771217952351805680e-01
3.925733046190174602e-01
5.637147669072560818e-01
1.565634710135624275e+00
7.429366211100393302e-01
5.986764738631820126e-01
6.246795391559120114e-01
5.523095610123300858e-01
8.370809826918865770e-01
7.159683179557921884e-01
7.035374555591700219e-01
5.271868366651152327e-01
1.035093147574190242e+00
4.570700473214857062e-01
7.430270388693647199e-01
6.370477770065683387e-01
2.009998517874912682e+00
5.461776180994415419e-01
8.521108186153510955e-01
7.024847581290284415e-01
5.894460468000400910e-01
2.023677551544846021e-01
3.866859711731429616e-01
3.267343861250660564e-01
7.481162217043876295e-01
3.443791354611634437e-01
2.274945727093025560e+00
1.668965338292444534e+00
4.142758658471046296e-01
7.993640551738422362e-01
7.957437930731042774e-01
6.641511585507449134e-01
9.821124897321729108e-01
3.188443365153134645e-01
1.236156387059949235e+00
8.210928060391794459e-01
5.151564772623276056e-01
8.500961872584923418e-01
1.633807311823819441e+00
5.180614597744348515e-01
6.057989148606438556e-01
6.400278568082485853e-01
3.140294485754296927e-01
7.271493858547100064e-01
3.968543884993728788e-01
1.986251017544582720e-01
9.141085850037951044e-01
1.224837864121787634e+00
1.055300965800649582e-01
4.897295577794378851e-01
1.019632264934991595e+00
1.310319445500280067e-01
3.607489830060198188e-01
3.094458437323592270e-01
1.133780445234115142e+00
7.665605800876427178e-01
7.937108123944064397e-01
3.005463228974118439e-01
1.033017511998244764e+00
6.456341508812897256e-01
1.161322446803198627e+00
4.229708506468870866e+00
3.473651153485193266e-01
1.176549895577152505e+00
4.282511906837577209e-01
9.229949026318760019e-01
5.996234012581059813e-01
3.887754944182019168e-01
5.420072325611934305e-01
4.383185284118193970e-01
3.201346229837672697e-01
9.353966648640321679e-01
2.186878331829471112e+00
1.422503776487816340e+00
6.697946299886353705e-01
1.668727955585546319e+00
1.972789927012352118e+00
1.612243880693405629e+00
6.177691994633356387e-01
8.671641901736768521e-01
1.846233752428658281e+00
9.368626536225047596e-01
1.243683408344042673e+00
4.595838185749992477e-01
3.856981468152275716e-01
1.127220231665631456e+00
1.039346943329981787e+00
7.130149027250325400e-01
1.222710662011549099e+00
1.126810778391224899e+00
3.371813496365743124e-01
5.225049000466686078e-01
1.250013872050435237e+00
9.577964360532053023e-01
4.331707159139646657e-01
8.888817954162208101e-01
1.876337265697116674e-01
6.237370293947872568e-01
5.157239189260212076e-01
4.677697763983709178e-01
5.023015189595961827e-01
7.215016507165863402e-01
1.431137650682022588e+00
1.654418233991165721e+00
1.102666691122770715e+00
6.596168083060690579e-01
1.503687685228166648e+00
2.088785967014658240e+00
8.740546009599883259e-01
9.989491267984755840e-01
1.137169359560104231e+00
1.637669166938544141e+00
4.377021391557111563e-01
1.688792764521081402e+00
5.846856253794685543e-01
4.357691122454954713e-01
1.015185404180724005e+00
3.113161998674303654e-01
8.445661536339175157e-01
6.171087239220960363e-01
1.334041010745251832e+00
8.691251526699600438e-01
6.083982242621829295e-01
1.043489974976824497e+00
1.184797326554370978e+00
5.325344748660744143e-01
7.807322946472137204e-01
7.302069834313374974e-01
7.651097991794073572e-01
7.219372493729974138e-01
5.909693202483732311e-01
3.525998231848787579e-01
1.743041665802143037e+00
1.186915859759835046e+00
7.978920497276118518e-01
4.884061830840020213e-01
1.408149264172063431e+00
4.917480114137113278e-01
5.472046208708779974e-02
6.225742616802327767e-01
9.036257545165585769e-01
5.045701585438412407e-01
1.148882004602786555e+00
1.107507755351641476e+00
2.229269850905110761e+00
5.787532738649068254e-01
2.235122642209192156e-01
1.131355955641608846e+00
4.054053361119537846e-01
5.136940658116985192e-01
5.691934685771568025e-01
4.729388492113525966e-01
3.342961649802597690e-01
8.049015587465908617e-01
4.001277120824585087e-01
5.573493160517091205e-01
8.452732856196335520e-01
6.744246275353676934e-01
8.726926098237592910e-01
5.473513230170438115e-01
7.848989256760801059e-01
1.275699067615530868e+00
1.178886834890452207e+00
7.465585994752593768e-01
1.564564092402456752e-01
7.883528545972237067e-01
4.652813895145760936e-01
1.873942723636496055e+00
1.980677501222984471e+00
7.421948441960454224e-01
1.751020726878406986e-01
1.338380090108653775e+00
7.931959874784832998e-01
4.173513697422708280e-01
1.196049524525820251e+00
8.020964888662858172e-01
7.793957678866622052e-01
7.172910502787700482e-01
1.091256158979301061e+00
7.423936468710946590e-01
9.879102500339264070e-01
5.239091572241952877e-01
1.045082950052627968e+00
1.126563678884706432e+00
1.739392211390831944e-01
4.446700928102342298e-01
1.527420848123610675e-01
5.467024821250004996e-01
5.519360956138791297e-01
2.957152043371897854e-01
1.474606693910047506e+00
7.560235387667223472e-01
1.011268725661299328e+00
3.611634439966316945e-01
7.411726882003053518e-01
4.876386597842118920e-01
3.869823503183062452e-01
2.539667589190465757e-01
5.038179943474335731e-01
1.008496601354627265e+00
8.746780011503016983e-01
5.420707954836022635e-01
1.411308936175990292e+00
6.038106795422562012e-01
1.301877576646939483e+00
1.202203130018050681e+00
7.481621425239405321e-01
1.021182940427503461e+00
1.715958345232718507e+00
1.711044514646793191e+00
7.309467662107694830e-01
3.246005923416641625e-01
8.957099960737539002e-01
5.892752704845676259e-01
4.916034414395569208e-01
9.007358846600374003e-01
9.530314914614339550e-01
1.170446702466908073e+00
8.624944498923234892e-01
9.977662369738343751e-01
8.558555817880671157e-02
7.844409992530367859e-01
1.674034085475352374e+00
9.384824200781104464e-01
8.795144609296715599e-01
1.377863816862994639e+00
1.345687904650257671e+00
9.208765063922165206e-01
1.428890501288115455e+00
3.673047861936933056e-02
5.511023898548401689e-01
5.320072954457729653e-01
5.648375641628017307e-01
8.424426323692263407e-01
1.378729835791368874e+00
9.399069957652163021e-01
8.185567640887969620e-01
1.262715354945175728e+00
5.247373716002362576e-01
4.971225118809545207e-01
1.012602772091767855e+00
8.945249452750674291e-01
9.414694806629779755e-01
8.164539089855648024e-01
1.542593583673217195e+00
1.150110852739304690e+00
1.320544558708330873e+00
1.114396016933650202e+00
4.093249484675234307e-01
1.316878790668769339e+00
3.317872880626969168e-01
8.081449423128188592e-01
4.549579162441369506e-01
8.455255358215060246e-01
3.627271085092104719e-01
5.628407305189244703e-01
3.192802560921983446e-01
6.794795796675060506e-01
4.445387613854109854e-01
1.854931995370706632e-01
1.809599038456619347e-01
5.004315280052563653e-01
6.967653012468387752e-01
3.903668332322113299e-01
9.864465616092168432e-01
9.314993681145324889e-01
8.783698389429508424e-01
9.985081739325393224e-01
7.037377281282993779e-01
7.532496814175194677e-01
9.171705717933461566e-01
1.805378226022530397e-01
1.129342446153912105e+00
6.986063137229328035e-01
8.209395211496479661e-01
5.860278847363378230e-01
5.931440137339524243e-01
7.510502539510710562e-01
1.335929182295880091e+00
8.452564765311383344e-01
1.417588180103227291e+00
1.410362574724244311e+00
1.290866733969713520e+00
1.374224539737229245e+00
1.471820162931160914e+00
5.521499024965241809e-01
1.155970222989155971e+00
5.030669624418692143e-01
4.357711399414906372e-01
3.212175748717385759e-01
1.441620649024060175e+00
9.337665843519740161e-01
6.766898949150040865e-01
1.220262708896259651e+00
8.807622246816297906e-01
2.047643842723611274e-01
7.091946815514122981e-01
9.658954140679369971e-01
4.219283186360298643e-01
3.106331894586325526e-01
1.263144868472614535e+00
8.192439777168186721e-01
5.704306558876688360e-01
1.425012839043362289e+00
1.371467269979494308e+00
4.273317895808717570e-01
4.457001139676884383e-01
7.950663690372453685e-01
9.117459272027308437e-01
6.355662737822739272e-01
5.557760429742726327e-01
4.438446827348010992e-01
9.208844394391729749e-01
2.349358356788575908e-01
2.052537836982578079e-01
5.315072175658713816e-01
5.826907704473909266e-01
1.152648537529589179e+00
9.679360705454103098e-01
1.012398399032879315e+00
1.195446621015872735e+00
1.018143853307757585e+00
4.387175358712870343e-01
3.485676802565078058e-01
8.419948887558167394e-01
1.165801410766278190e+00
4.911862093229754089e-01
1.856973825689218205e-01
2.677345885775893053e-01
8.346225787539296448e-01
7.744599270482528386e-01
1.973827861348831647e-01
1.286620835523279993e+00
6.316466451630207146e-01
2.787006057451020258e-01
8.398043087654263883e-02
5.347577806819349133e-01
1.123987451343117394e+00
1.218514738581784052e+00
6.397461879774297699e-01
2.386079963165723239e+00
1.231905290470796110e+00
6.148318708967818180e-01
8.310039760109816376e-01
1.285794334588806098e+00
1.555935258085111572e+00
5.647609124521333346e-01
1.552776962197958577e+00
8.301326040348174784e-01
7.165972743139201739e-01
4.621244380301816612e-01
8.345681134180480409e-01
1.562888870083116721e+00
1.162375153135338346e+00
8.099054854844172091e-01
6.028297916031860604e-01
1.915451405360422354e+00
1.543676292147555529e+00
7.868841951316820627e-01
8.368179844402849898e-01
1.481228805265400128e+00
1.481515411629538370e+00
6.188421622375912534e-01
3.437714723833744102e-01
3.526957620253927672e-01
4.433113241601848165e-01
5.008170264083741108e-01
6.737854397127350792e-01
1.191734825842154955e+00
1.416539813438746909e-01
5.686733263347524270e-01
2.701641276352750864e-01
1.712691017158680662e-01
3.627559383355042910e-01
6.700513532115920379e-01
1.111681257416774482e+00
6.641715327927825152e-01
1.885935441461815132e-01
1.068476877791006974e+00
1.125475569633340056e+00
1.600888717106788706e-01
8.540180424151829763e-01
6.930164374933694971e-01
6.698120233936263324e-01
9.499324559962105674e-01
6.219467208533093761e-01
8.682215887572517499e-01
2.242503126313314665e-01
7.105196461620709725e-01
1.167189300129063634e+00
1.161068552673526488e+00
7.541764179350077812e-01
1.994396780084535914e+00
6.532611341229443980e-01
8.600425645689920851e-01
4.503737930073449247e-01
7.024561614088132844e-01
1.079590056047316837e+00
6.449824779367753225e-01
1.328196037462144208e+00
8.548752242631796339e-01
3.344016048757414428e-01
2.332828722466919746e+00
4.965885307958534112e-01
2.579776752505900550e+00
9.336756004893542737e-01
4.543850479368571893e-01
6.734363311749088643e-01
3.095619105003124538e-01
1.433151350570112559e+00
1.141209225534392857e+00
1.225591538025654792e+00
7.754499326499384448e-01
4.139527939946811563e-01
2.324826347133293947e+00
1.206051336502411697e+00
1.267452925044226797e+00
6.576985278955114200e-01
1.548036635838999198e+00
1.703201096926737268e+00
1.440064758562641600e+00
1.079383495644343327e+00
1.386107226225058164e-01
3.426985238312325044e-01
6.732886362806550506e-01
3.404299334417740241e-01
4.101782351956499983e-01
7.907443638544743303e-01
1.164667578571343398e+00
8.549046523172552092e-01
1.041164780406067525e+00
7.011994722567669314e-01
6.144035660922092523e-01
5.652762380869326142e-01
5.063198045108447953e-01
5.525544758197856732e-01
7.851440895203133374e-01
1.168280802716857858e+00
1.347691251250975109e+00
6.207113021380580298e-01
1.024668040583733397e+00
3.185502792343221645e-01
4.619176654165575990e-01
2.454147503082588333e+00
5.124532476326172370e-01
4.291470099269571459e-01
4.894228481678979392e-01
3.077054419781076189e-01
1.244975411294231560e-01
8.420347830167851377e-01
3.596719039958430897e-01
8.721142586291405485e-02
3.907298221997282939e-01
8.613636631600181393e-02
7.199366230478549955e-01
1.019791081474587635e+00
6.920015919612432231e-01
5.500680602372125527e-01
3.002663274458706177e-01
1.913802123156032320e-01
5.747217325100024699e-01
1.328461657178861222e+00
3.264982505160337611e-01
3.619006858996693943e-01
1.368410387360541769e+00
1.117257962890395362e+00
6.562447278295213682e-01
4.069668191967527604e-01
1.518986118090594362e+00
5.217930939725975437e-01
3.310670574694928314e-01
1.138431504486478785e+00
5.829741530199461508e-01
1.769795151539595435e-01
1.272625376997252644e+00
8.355940475963320457e-01
7.414702811903363111e-01
8.966659242816740205e-01
7.470470640753478220e-01
1.003020375926128693e+00
6.715412779889731176e-01
1.594540956690312816e+00
3.407563958728948572e-01
8.743595448236454182e-01
2.102951905522381926e-01
3.785988741648462774e-01
7.159188924379960017e-01
8.644766668184459268e-01
4.883283174845411412e-01
9.114654326114830507e-01
2.670470649502403870e-01
1.415486179739829931e+00
1.477129673677102017e+00
9.595056490289430862e-01
1.614765057837391771e+00
9.945681239728598744e-01
4.766719828509928258e-01
5.444515390126303256e-01
4.612375051604598597e-01
1.195675749836854429e+00
9.500551725443416862e-01
5.469465776011462887e-01
3.215777532546887918e-01
1.377546626849896372e+00
2.593968752863567429e-01
1.144068656313288912e+00
1.538252252209494797e+00
1.311424739745400858e+00
7.040732999193420882e-01
8.988743278463179331e-01
5.276232848210289372e-01
4.590694990455429503e-01
1.078735745053565287e+00
7.559374019522431265e-01
3.160017825745337294e+00
1.053974737722870092e+00
1.766977147422726047e+00
1.292217702038005900e+00
1.243966173695546074e+00
2.916273594603666641e-01
5.052331601598777366e-01
7.317815729208364539e-01
6.237944907825390128e-01
5.270230106672391113e-01
7.280496704856324053e-01
3.872265329725520511e-01
1.410819779856241629e+00
8.686298562127572898e-02
5.381403118406402619e-01
2.820189782790010757e-01
1.739550421346212294e+00
7.325137484462277415e-01
1.984651547322795251e+00
1.680976029844171604e+00
7.307793719291204582e-01
1.052719342610150211e+00
1.070707151772359644e+00
7.586942420811955134e-01
3.697855150502685762e-01
3.285870642737259706e-01
5.596131676663803622e-01
1.286209623245630207e-01
7.480890704835296834e-01
6.635734986013438474e-01
1.335668799638175530e+00
6.410743256671717072e-01
5.778670817743429833e-01
8.627166337037638355e-01
1.248109300819739476e+00
4.981378358262058548e-01
6.591936055634687319e-01
3.539086789454127802e-01
5.688561493002929348e-01
6.339848248124120289e-01
5.246913778578430332e-01
8.375157767787794194e-01
8.280660669551584974e-01
3.925171993031204565e-01
3.355460568270209332e-01
3.825743162538883246e-01
1.111317341965087691e+00
3.603956018604368428e-01
5.799874009937467934e-01
7.624489544746010372e-01
9.379908379019121778e-01
1.339092957682800789e+00
4.795784845153652776e-01
8.830789088481211246e-01
7.008434688025296788e-01
2.613402653174214052e+00
8.988482636524726122e-01
8.014520005880494402e-01
1.091970723155564871e+00
1.786665125268549703e+00
7.122311688332279012e-01
9.948333193716344391e-01
1.235461408215439816e+00
8.969100851843051503e-01
2.733779988156612717e+00
2.471488909335229689e+00
2.101298448923068385e+00
1.143457923668473430e+00
1.096948973683257389e+00
7.153485507029898605e-01
4.687539393496214513e-01
8.534351807151981939e-01
1.024836675394982244e+00
4.586412284100983006e-01
6.099618666997465022e-01
6.710650463813906397e-01
7.561983614291831746e-01
6.060975107803990847e-01
3.599178257814503179e-01
1.739814823790805542e+00
4.738144511743839771e-01
1.433079766076551298e+00
1.087645777405708447e+00
6.883457691681919011e-01
9.342215631162975598e-01
3.777225898489697253e-01
1.874245630691021014e-01
1.722064467960894962e+00
1.251881832684534679e+00
5.193471636147978243e-01
6.663705788251635953e-01
8.913899484953569097e-01
7.896789088298252768e-01
4.592513132105656148e-01
5.566432732058351762e-01
9.743104043948344062e-01
8.924750045571969714e-01
1.361511726890435758e+00
7.448043999862766773e-01
8.792993897508502021e-01
1.848563297609864542e-01
8.709038607305331636e-01
2.976105155974316865e-02
1.208913033712435858e+00
1.000692998674574286e+00
4.957368362370174197e-01
6.455596137707737547e-01
9.853735522786285506e-01
1.267175549568467341e+00
1.934603113155863419e+00
2.050266636837045076e-01
9.673891414154411894e-01
7.286761556147453023e-01
3.058120707250532866e-01
6.338623693692211347e-01
5.768488622995242565e-01
9.259548567962566645e-01
1.041007422167485430e+00
3.487108000860582591e-01
6.936288363582308047e-01
4.792901549250749293e-01
4.023526698350179398e-01
1.896840560999560610e-01
4.513468876396226626e-01
4.279070079286837469e-01
1.382999180465133371e+00
1.102079236756858593e+00
5.908418958567743795e-01
4.573687233059467450e-01
1.093641161252594696e+00
5.273985984432469909e-01
6.898061605669653096e-01
5.257178593805854616e-01
6.772508914510944056e-01
8.918265884730015580e-01
7.082756401769862986e-01
6.901144386255738672e-01
1.415468590443897945e+00
8.625601940197796802e-01
2.104566723962172925e-01
4.216172400542265719e-01
1.021160680534581422e+00
9.542243714163204382e-01
1.226700671271998777e+00
1.278970262668128299e+00
9.598636845185130051e-01
1.199093119553196196e+00
1.808092902601024399e+00
1.264056997007692251e+00
4.905037356497661816e-01
7.111060412521736929e-01
1.180334524616806213e+00
6.856530382451196948e-01
4.271976350927479960e-01
6.068263259354849115e-01
8.711479600410586555e-01
7.612054046475786873e-01
3.673432795141323148e-01
2.801992049833488263e-01
8.059396080842299304e-01
1.558723837282068647e+00
5.345743383748524646e-01
3.442774972904016018e+00
1.043173839999156804e+00
7.816920676647929334e-01
5.694165627682972186e-01
6.910081311544463700e-02
3.122194227033527891e-01
8.123311359048235314e-01
7.732801378153160154e-01
5.066754749945494574e-01
1.899840311517822233e-01
9.641414228482609872e-01
9.409310601039669875e-01
1.028908832865402356e+00
1.163622318383986887e+00
3.965010057509023023e-01
1.829381768893672877e+00
1.685159338085144620e+00
8.581656131964229273e-01
1.436071027648790910e-01
2.090497707007471229e-01
1.801009960290585799e+00
6.062381928202346115e-01
6.583823301511715353e-01
7.249588673361039293e-01
5.875973110164353086e-01
9.786841993165215081e-01
7.308930890643005052e-01
4.723223986416980047e-01
2.632165879566922828e-01
1.568610838377987537e+00
1.251821135580857947e+00
9.422740561897661182e-01
9.264896597293472702e-01
1.355039507165995749e+00
4.820123969532103536e-01
1.605015748378012752e+00
4.989993875945311630e-01
3.341499867174638760e-01
4.875676584095118282e-01
1.018154552371786759e+00
4.148868573993110265e-01
4.115913763328480357e-01
7.874911652362267533e-01
8.729080450636799160e-01
9.525879744492632417e-01
8.258246041052275110e-01
9.727216918494471232e-01
8.901694969457668583e-01
9.267059008461128178e-01
4.523012509294963013e-01
1.348753075986697914e+00
2.338691050365221180e+00
1.103583975914594228e+00
2.949153556790514163e-01
7.163782302706620531e-01
5.155101392456704623e-01
9.347609565874512860e-01
2.891485963810148108e-01
2.085624325077926944e+00
4.317107007144879161e-01
9.732383954843353280e-01
7.747256500258994372e-01
8.355155626934965829e-01
1.303951072815345835e-01
7.652468703006403139e-01
2.340142671529343854e-01
4.102692777471564356e-01
1.114078941447850912e+00
1.099673435902696284e+00
9.441353692123928276e-01
1.577060341857171588e+00
2.449175006988748571e+00
5.417404586620515605e-01
1.005648403949931824e+00
5.339574934744186763e-01
1.086164875174809863e+00
1.322282968370736445e+00
9.816803615179149345e-01
1.322020765139572562e+00
1.750673782621046337e+00
2.038496379225828825e+00
9.090545552796476247e-01
7.240446478414080955e-01
1.042642343316945164e+00
1.219352251878833560e+00
2.063261815832356572e+00
4.720558658509013683e-01
7.197782864801151037e-01
1.571953229738072499e+00
2.034115366285825566e+00
2.552540303063025595e-01
9.301645602459603923e-01
7.232444320254011183e-01
7.950563343623553436e-01
1.092033090310218890e+00
1.222643151756551250e+00
9.250378900960716244e-01
1.053171577327258523e+00
9.183448725284042435e-01
1.349577562218870597e+00
6.174117539324215365e-01
6.244579280460477166e-01
1.255880594636778369e+00
8.281176387792822391e-01
8.577206885372095080e-01
8.307207971764820620e-01
3.640714717088587293e-01
5.387355737401458011e-01
6.106717047405779697e-01
3.834540527326834036e-01
5.726205215819079042e-01
9.697205660923895465e-01
6.034137385257137831e-01
6.025909019709855263e-01
4.989165660288776838e-01
5.523394091764076697e-01
1.133993902812552301e+00
1.454412700534680747e+00
1.812943520176728551e-01
4.412728475555399710e-01
7.186747036273717359e-01
4.154548886099354021e-01
4.872923197835871134e-01
7.332020087075532544e-01
1.015677033596488421e+00
1.100028160299165281e+00
9.223371132947225659e-01
1.513904482863767997e+00
5.526513394718766126e-01
1.133041233031227613e+00
2.263829099402175693e+00
1.332045422078585561e+00
6.410539514273542183e-01
3.832940836436365406e-01
1.791858464921196603e-01
2.986274694225870885e+00
9.239531958894398045e-01
1.130223383370001278e+00
4.365298842668697277e-01
4.083438590433191018e-01
4.233246669642796722e-01
1.488590377020634348e+00
1.524803620367017221e+00
1.755671491882236035e+00
8.252147194128865992e-01
6.125799544156753651e-01
1.069850053419804548e+00
6.476467929243631128e-01
8.903038508208845903e-01
1.019906843961980281e+00
1.022647105080761509e+00
1.681668443945369296e+00
2.220433113320076757e+00
2.260630890352903766e-01
5.785009089853769826e-01
4.903872542168642434e-01
6.742992620277460381e-01
2.076675965211979502e+00
2.318848429066071137e+00
4.253519920994295878e-01
8.362720998656547611e-01
9.248138929039504408e-01
6.084676428519362190e-01
1.063860808301197780e+00
1.088702835351865739e+00
6.793228012572191110e-01
6.528018629359622071e-01
4.364671964519565295e-01
6.389972737272500147e-01
4.436587338073897380e-01
5.855606630346820163e-01
1.004431386577311347e+00
2.363798151499613809e+00
9.272248963794724741e-01
2.822455527724084257e-01
9.087419764378332765e-01
4.427820433811578971e-01
2.762050993393307952e-01
1.153570038566055000e+00
2.227551715393472909e-01
6.016980534349964937e-01
1.557715242770542297e+00
2.033371582985955328e+00
2.169267753635788942e+00
5.152611692971862389e-01
4.399304509157043741e-01
4.977834151229349469e-01
8.598347691864692832e-01
7.122802259713222339e-01
3.592612121209292630e-01
8.346606201499932043e-01
7.210605994213268310e-01
1.106646705997323732e+00
8.811292397023657852e-01
2.522549961326210344e-01
8.414495427231611924e-01
9.894298781360986172e-01
1.097230566396487195e+00
1.660725137652829586e+00
9.232805216909620860e-01
1.150612098025713514e+00
1.088289129598571936e+00
1.584758443041945242e+00
1.135978073297237545e+00
1.858609286624671952e+00
2.166258160754193973e+00
1.628977658313750521e+00
6.240195961738089769e-01
1.417097008769167665e+00
3.974396625274336237e-01
4.344186789714617469e-01
1.154989115823229273e+00
6.454483548927830716e-01
7.664951614988742001e-01
1.105948227293879649e+00
6.368737762210598952e-01
4.350363190776639910e-01
4.567503089513315073e-01
2.799591601782183137e+00
1.423277954007468926e+00
6.602586468698719013e-01
4.190056036203210210e-01
4.492404079180837284e-01
7.641799236351624058e-01
4.913539655010520923e-01
7.770527063584854455e-01
1.471835305057946908e+00
1.025572178626752207e+00
6.150984331120633586e-01
3.503474156151381580e-01
1.371370370780553571e+00
1.435556298667035602e+00
6.488090495190118601e-01
6.971728033665344215e-01
2.723268628338335051e-01
9.909488474118571810e-01
8.254034054434625789e-01
1.476850859087721402e+00
5.681205086264767834e-01
1.374705939019240652e+00
7.709884132234847698e-01
6.172972031223540323e-01
2.709301957566614960e-01
1.118859456518372708e+00
9.150939253117258421e-01
2.228275028246259115e+00
1.864907093544113104e-01
3.635398751970308484e-01
2.803293084491732312e+00
2.728544769248531843e+00
5.873628290443476674e-01
5.351931228500504956e-01
6.125063325336208564e-01
7.858322025358629448e-01
7.570344312064859471e-01
1.707275955245077803e-01
5.971439177916161301e-01
4.365100637489266466e-01
2.793766778907818549e-01
1.068834549449126481e+00
9.407873627616689660e-01
3.152648282669652802e-01
9.413336117198165542e-01
6.891453025860333481e-01
3.420999098731178911e-01
6.750627840303179417e-01
1.322458358836329451e+00
2.840670604285682188e+00
1.250538689998047071e+00
8.625873669134948019e-01
7.257730449869780331e-01
9.832827491802365039e-01
5.539104828590852847e-01
2.494577709344048433e+00
1.792489591839981689e+00
1.553606245419208109e+00
7.667936024653521088e-01
3.963620882799630540e-01
1.023629519795611786e+00
4.597256976255948979e-01
1.666576257747741430e+00
6.678525379084730984e-01
5.995244060761353300e-01
1.219458485402982406e+00
6.671594937002558456e-01
9.613936936592970550e-01
2.952015425441909535e-01
9.104081675876996016e-01
5.088338161707471885e-01
5.756105723482688452e-01
8.447292280320611857e-01
6.773998269087700974e-01
4.458385748858166298e-01
4.317715489031867526e-01
1.335894249425305658e+00
7.288781796490917397e-01
6.881390389966842713e-01
6.877340298362536464e-01
4.826684239673480481e-01
7.686256546207986817e-01
6.291529091080630964e-01
8.320836260523759575e-01
1.141098603588002414e+00
1.731032332836472287e+00
4.463118023383152999e-01
7.928216574116497828e-01
2.548878535729809935e-01
8.342656560827315104e-01
1.342423697868498023e+00
1.224073193554972461e+00
7.803394519124345896e-01
1.363330662841335528e+00
7.946655303159819717e-01
2.086061951020782290e-01
9.479330627292885669e-01
1.018379226822113459e+00
6.819934258675734995e-01
6.539791315994760712e-01
7.107759687501780110e-01
1.112773931895856716e+00
8.961926082788916892e-01
8.199587594240671518e-01
8.024024477675257838e-01
4.607044059260049784e-01
6.712086393893249014e-02
7.034766269855060594e-01
5.483062689115806299e-01
4.065998671234561379e-01
4.365610532605485594e-01
1.122054384792433801e+00
9.892038336448658598e-01
6.179721573067830098e-01
6.935616155971776609e-01
1.004031716375922256e+00
1.976140349462565671e-01
2.370511453240506494e+00
6.895392290312555295e-01
5.556749945313751438e-01
8.114959802035136560e-01
1.054844355301837455e-01
5.984850315870269277e-01
1.661430937355927284e+00
1.626418101649388603e+00
1.689666944498188883e+00
1.004577220635402002e+00
1.001097108026425042e+00
5.957549395568625394e-01
5.484552562865331327e-01
8.066763529657882126e-01
6.210374518348410477e-01
8.601792839736037699e-01
9.935277131626707448e-01
6.475318706643263811e-01
1.484654237597602122e-01
4.951880585444979888e-01
1.182503539951485383e+00
1.547543672770858025e+00
6.874893606175823679e-01
9.619067482339324071e-01
7.624419693385212637e-01
4.331029540810132361e-01
1.358242883791840105e+00
6.979406723673792223e-01
1.810791239630589189e-01
6.220815396187354684e-01
1.444653164054906069e+00
1.579383739828251976e+00
1.666097206567176858e+00
4.392868881776437195e-01
2.284164150395697479e-01
9.609441061352654856e-01
7.285048809322124397e-01
1.548561188503208452e+00
5.033706771598587260e-01
7.800244931661025616e-01
4.338483333519166929e-01
1.357939189031162730e+00
1.226121765440365330e+00
6.432468184878479267e-01
4.274782298251740276e-01
1.120123520222576108e+00
5.536326895254826130e-01
6.744898754705634936e-01
2.928678999118228266e+00
7.892050467021357596e-01
2.513808025116523570e+00
1.315131753667027503e+00
3.503452805042997498e-01
1.400111455897542934e+00
1.557102907495945265e+00
8.199979278563417351e-01
1.185867648719792333e+00
6.169869048128492350e-01
4.715788682322095693e-01
5.804955054696308014e-01
1.097719659062882602e+00
1.128427361472369439e+00
9.678438136831803984e-01
1.923612965966013055e+00
1.716448862968315447e+00
8.108459406710055717e-01
6.845976638184663177e-01
2.284005253140100500e+00
5.966544217971567754e-01
1.092263371807476791e+00
5.075391249395340143e-01
1.551301129829067427e-01
1.103336592314309250e+00
7.162940295131459134e-01
8.182314315879962718e-01
1.565378849101254077e-01
1.805348907318949925e+00
5.984292549435421549e-01
9.700086943925165794e-01
9.184205094924466906e-01
6.430710072567590307e-01
1.102239625265005518e+00
4.653765899485591828e-01
1.355791964747733669e+00
3.040492895307271293e-01
1.429383139409963421e+00
9.440972566779863850e-01
3.283915813544991957e-01
8.520939557484801252e-01
4.959165867020225438e-01
3.679395353578108208e-01
8.833806118126864559e-01
8.403988205392223243e-01
5.001025906339500171e-01
1.071573591584483731e+00
1.443595868355777245e+00
9.752366677375065018e-01
1.549387057211286223e+00
8.065282346907177713e-01
5.994668962494433817e-01
1.277200777694955436e+00
7.673812360417699985e-01
1.510549009858173364e-01
8.125378394421411965e-01
1.507468881016310158e+00
1.044608063940218656e+00
5.798142117406734908e-01
9.471708899852504526e-01
1.343701487994229282e+00
8.118481589933993492e-01
5.380312644940904443e-01
7.534316121134276845e-01
5.454422039862345528e-01
6.968311087901544187e-01
1.660597049315965412e+00
1.925221386066782170e+00
8.011132091299830726e-01
1.756595063006436419e+00
8.954510115390257319e-01
1.397216339633190474e+00
1.121812623904425488e+00
7.336496724653245316e-01
2.331727704105376109e+00
1.363160325947830209e+00
1.238693180009646788e+00
6.701645879317257304e-01
6.326326917815440209e-01
6.909737314320321122e-01
1.708683631589514029e-01
6.227077676404497719e-01
7.600588518415142270e-01
7.969814288093269861e-01
1.456465968778544451e-01
5.443797266444924121e-01
1.095818522697751041e+00
8.312202761593274758e-01
8.340799384061403643e-01
2.099719994576023929e-01
6.059353604682259364e-01
1.126275765410972074e+00
4.358720652550592267e-01
5.462511833374125159e-01
3.673014297915323523e-01
3.571307342128956508e-01
6.085379713486920306e-01
2.053079372520884016e-01
9.011227489547664060e-01
1.396500065004741664e+00
1.402424993154840482e+00
9.579823974832751832e-01
9.892300611176624292e-01
1.524907824220274266e+00
1.119670339746434040e+00
1.275056894010630604e+00
1.906166159546451189e+00
1.980247369265565882e-01
1.493729681343011872e+00
8.922153241692541981e-01
1.209057673360845797e+00
1.029824172390569226e+00
8.739283975931682047e-01
4.576578122227240586e-01
4.277330959760282103e-01
1.108829867665502178e+00
5.483845342623872021e-01
1.919290432468750973e-01
5.832494761147464235e-01
8.289605091625177336e-01
7.828642632737506935e-01
1.131560589429180474e+00
1.366617349689006611e+00
1.622972223795103419e+00
9.821060920688872153e-01
1.342782165352921275e+00
1.460394849938571327e-01
2.237581935575417014e-01
8.723019128651063880e-01
9.298430508618568124e-01
1.078203980702362008e+00
5.146135708765633421e-01
3.901074736129439002e-01
7.518938155471863727e-01
9.092820833632433430e-01
2.460739711516767847e-01
8.551053517848710150e-01
5.145379549256900997e-01
7.813234011258245459e-01
1.034281697234418429e+00
4.984216509949959129e-01
7.615076222811840712e-01
1.423324541080779104e+00
1.193522307883543965e+00
1.472977706751171789e+00
1.672637896057737716e+00
1.720918274766634948e+00
3.438406021105255839e-01
5.685430469278870413e-01
7.522605445798827839e-01
5.880504480240165144e-01
7.021048918948308293e-01
8.233173168000452735e-01
4.157211781860011279e-01
1.529796003904933421e+00
5.703364396565668848e-01
5.777427918647763949e-01
4.804552030340548674e-01
3.215659464969399806e-01
9.644414639959947300e-01
6.430430559553487191e-01
9.164974718025462597e-01
6.999804292262110650e-01
3.946198222157759061e-01
1.493486842615129095e+00
1.921355211590934253e+00
6.207714644577511098e-01
3.776546683273111493e-01
4.323458508821013124e-01
3.828087677655666599e-01
1.628207099561150284e-01
5.275990413760378583e-01
1.717102635183198611e+00
1.415773044150633542e+00
1.935148292259954772e+00
1.374032424604530567e+00
1.617113425269126603e+00
1.434671936348149268e+00
7.352931425283854017e-01
5.471181441591073114e-01
6.047223166163022690e-01
3.706878402658323468e-01
2.470419452640258307e+00
9.371041370225273726e-01
6.925172031246766835e-01
4.153274909783663538e-01
1.147443393926284028e+00
8.046175304852339893e-01
9.781785891924971166e-01
6.552581605974566736e-01
7.790522301931011029e-01
9.140761435064367335e-01
3.462282023019432886e-01
1.526656416725266308e+00
9.529059894091311822e-01
3.601160829755610249e-01
7.321294722137799971e-01
1.065285536435215175e+00
1.233038750743105316e+00
7.439328215140507128e-01
1.359716310096765746e+00
8.083328884656701963e-01
7.322659975446679237e-01
6.296975991442587128e-01
2.746797814154508521e-01
4.560280176160361187e-01
1.153114312535632680e+00
2.864224516735154880e-01
7.155339175046675493e-01
6.722041276939881849e-01
3.084745852644907305e-01
4.652006264660427104e-01
5.830912441690454528e-01
4.548232196898617796e-01
8.779498542953062534e-01
7.771581103084339581e-01
7.507949695765209208e-01
1.192583462987284459e+00
4.664208756523132715e-01
1.920063239670430466e+00
5.944993526958998187e-01
7.730108472028841549e-01
6.563086017735323408e-01
5.191642390248636385e-01
1.311227574596784295e+00
1.012804206104245264e+00
1.129969960760764114e-01
1.158580188706355374e+00
6.370462974744813822e-01
4.869230291711270087e-01
5.098947836943952261e-01
5.534242479699282846e-01
1.233304703500623489e+00
8.537985322797854160e-01
1.046466893226765338e+00
5.308294192769335007e-01
4.432747105919623287e-01
1.347366073072663095e+00
3.392194554010989904e-01
3.771551478468431751e-01
1.163071214568255130e+00
9.867157387398517443e-01
1.151744043870557066e+00
1.196625116082741247e+00
1.232328828747166316e+00
3.387670065065985781e-01
1.262214335706387081e+00
8.209907497591119041e-01
1.725217003521887005e+00
2.717096642130493733e-01
5.664088610446232908e-01
1.071689310962106623e+00
6.582388329492111501e-01
8.119773386612462174e-01
3.830164701382998138e-01
4.992168847398797960e-01
6.836213902612561233e-01
8.433415547614540042e-01
1.629757673237029802e+00
2.276415583146540023e+00
2.568726604945390068e+00
8.427659160708341757e-01
4.582295869268309674e-01
3.664825492766022874e-01
7.786670698237394550e-01
9.001356424267311640e-01
8.021888334580892232e-01
5.070844212010525709e-01
3.533669796960336451e-01
7.856430134771140716e-01
1.485689881225758180e+00
1.078635520853181928e+00
1.340080864913449243e+00
2.447409300941453536e-01
3.453530381747372258e-01
6.385876511156810542e-01
1.391874933724512209e+00
2.054042218699267952e+00
5.042205437306342963e-01
6.452574026176972621e-01
1.258031765024621995e+00
9.529377551240973965e-01
5.750302631594723657e-01
7.094398455601227393e-01
9.256219081338962207e-01
9.818078101272627034e-01
1.416582872180342401e+00
1.347153226963845873e-01
1.259443192160996983e+00
2.709463387617720542e+00
1.205344227905003285e+00
6.060821835017589088e-01
1.125906655929918010e+00
7.614207144098305013e-01
6.364896647058309043e-01
1.330779312005244019e+00
3.601690038321203602e-01
5.699887715288355361e-01
8.628769774079676491e-01
4.671004876962814301e-01
7.714792688813388866e-01
1.094086315496662465e+00
6.810486003303864999e-01
8.215595310658104777e-01
1.353782658938819994e+00
2.911242201981817379e-01
3.234165966075469578e-01
4.496143497869615202e-01
1.531376633052562442e+00
8.439849250158666383e-01
1.184880303502523713e+00
2.018146679921739572e-01
9.917059891043892295e-01
8.704996708349398427e-01
2.975885194880483198e-01
6.119545392977338016e-01
4.933245770784714379e-01
8.787600739387925186e-01
7.563921285681562967e-01
1.026372117031086884e+00
8.045910975939568610e-01
9.668475966276143252e-01
1.764992342356669353e+00
3.765297741139863041e-01
1.050109906619236755e+00
4.549846037540056232e-01
5.593794324661400807e-01
9.536154986637529474e-01
1.482613682800641541e+00
1.441499681918409381e+00
1.053760760431552201e+00
6.864458593784996676e-01
1.063561891124555014e+00
1.516530807660984248e+00
1.034912627664879459e+00
1.286460708117376006e+00
4.528976903626601436e-01
1.203507152875049835e+00
8.860043844510370192e-01
5.845210262286353320e-01
6.160514390513102123e-01
5.891586139511569842e-01
7.186816962169426670e-01
5.292040367110324439e-01
8.784700390342484733e-01
6.789937256522793341e-01
8.001786713862766298e-01
4.635631232121084078e-01
4.942586241204781072e-01
8.108532144145896847e-01
8.283296301399831751e-01
1.112250535530747708e+00
1.647349931611384655e+00
1.407246173078842144e+00
1.527284801880143705e+00
1.358569024530252412e+00
2.374718249228805256e+00
2.541407904970133247e-01
8.747106122520639238e-01
2.033433271943514975e-01
1.224768116796316475e+00
7.165370080044624057e-01
3.792189582458138086e-01
1.940871935202487908e+00
6.568761225479616828e-01
1.223716891221775960e+00
1.868603203716213912e+00
1.049529732640510415e+00
3.750235029913537854e-01
7.273958781730521794e-01
6.496098210040480714e-01
1.665242682695633747e-01
1.099314011020758652e+00
1.803222245027962245e+00
3.645294968592283080e-01
9.218798266333236846e-01
1.221853367717032235e+00
1.743062870995288005e+00
5.608144686101503851e-01
8.543898078656653183e-01
3.530857386269822817e-01
1.494500341980997016e+00
5.333297310525570989e-01
1.580383829760108494e+00
1.142195831824407870e+00
5.135071014331912265e-01
6.285227695088195787e-01
3.683577290218448819e-01
9.925736498768563676e-01
2.465036702471954111e-01
1.149442999178318520e-01
6.968872852407460849e-02
8.463534634129707968e-01
6.974394607909192301e-01
9.006965602190951659e-01
5.012749631206525613e-01
1.244569814895674309e+00
7.301346633771896855e-01
5.281743479233568239e-01
2.140198604406142291e+00
1.585015816189917048e+00
9.014866901397594612e-01
1.032459683392451755e+00
5.495642170993987330e-01
7.593499939066246096e-01
7.688887687284102768e-01
7.789784922011744328e-01
1.188935912441058784e+00
5.106093547103333075e-01
3.311743146269877647e-01
7.166141209610795704e-01
1.201337493681530200e+00
9.664679775465937484e-01
3.317628798546191082e-01
9.227979215608211883e-01
1.605193486038758721e-01
3.942932650854641397e-01
6.893146741459353910e-01
8.202089809882794347e-01
1.731041415170646136e+00
1.365007488625898047e+00
7.289708617909970156e-01
1.167894917103107444e+00
7.659031288567179629e-01
8.017700019170166392e-01
7.861738220074120376e-01
1.148221954030444580e+00
7.436685514210217285e-01
8.515417277875735325e-01
1.732532771846237996e+00
3.914042872201929923e-01
6.124706731371941659e-01
6.549954500960303294e-01
6.164593880125821546e-01
7.102739595913539761e-01
3.435979032558992285e-01
2.625740635225848330e-01
7.593108367389485025e-01
7.122066102897791628e-01
9.589718557059871973e-01
6.457343479492975158e-01
1.112621421032232050e+00
4.769384369482425057e-01
2.322170233365035696e-01
4.131293419576847481e-01
6.713875397076735085e-01
6.932224078000072121e-01
5.551240739008657110e-01
2.360810155076685513e-01
9.185599628297659303e-01
1.019848684126291261e+00
1.181177800368617081e+00
5.497390926715866044e-01
8.483012740665077933e-01
3.418944096322307780e-01
8.359359826979705366e-01
9.999589883473483098e-01
4.931759412018874023e-01
5.951259938548155715e-01
4.105800858716342483e-01
1.228734468823627690e+00
5.655658680812601924e-01
5.556177022199715321e-01
1.323586545180391871e+00
6.663857783736403251e-01
1.148826870965612201e+00
9.225158208922531466e-01
2.674841323042189134e-01
2.363746626522972072e+00
3.216082275460226958e-01
3.054124753965741679e+00
8.332203654769962942e-01
5.648936147518094364e-01
8.671338065199147849e-01
6.409011323408900784e-01
9.203959852147165499e-01
1.344103390497283668e+00
1.433571434464161187e-01
2.301144532153398536e+00
1.465752688453504371e+00
8.384810878421439240e-01
1.152335808767359637e+00
1.136064253607149688e+00
1.283356397657014369e+00
8.716959913134726401e-01
1.532087582390973868e+00
5.103373474816118582e-01
2.632565443343512501e-01
1.128286864743746065e+00
6.061575384859307913e-01
3.350694212367419378e-01
1.474931313256459875e+00
8.721546765525772793e-01
1.144553571293787236e-01
1.002956177886921374e+00
5.325857208702630130e-01
1.141115838400270199e+00
4.406619064105359862e-01
1.389318327470238978e+00
1.021239779275064485e+00
6.981914175447532234e-01
1.129766248718188759e+00
1.098613708398786137e+00
6.545045219688023774e-01
9.905149994428381621e-01
2.925301859676926464e-01
1.661878065197744503e+00
1.534493780018330922e+00
5.357304282985155819e-01
1.110174065955087608e+00
1.191628417972164788e+00
1.031977581394440957e+00
4.019926114028263830e-01
2.278793560566484688e-01
1.494629832130054181e+00
1.312637253989062058e+00
8.879560433034707767e-01
1.490668609289209856e+00
1.027290840464568644e+00
1.475346152629930518e+00
1.194914802979499369e+00
1.241505368064555803e+00
1.068304085992741292e+00
7.476821042975643206e-01
4.056345720149548972e-01
5.766029287066741782e-01
6.721053885408844186e-01
1.368560501913343996e+00
1.023567802923110781e+00
5.304952586741751297e-01
8.846525660255913914e-01
5.946936999604244267e-01
7.304100393065996455e-01
5.129310865582918932e-01
3.348878032843078389e-01
8.375302575075728173e-01
1.031003569258006625e+00
8.031051338776618032e-01
7.577653828178788631e-01
7.160207915472293072e-01
2.435066375579597042e-01
3.722011141743785112e-01
4.268111041211214984e-01
5.380515336479570199e-02
1.438101516688008896e+00
9.358110306623488306e-01
1.095577544206574494e+00
7.094143519461020286e-01
5.281684195319511499e-01
1.962041489294750862e+00
8.642119424776977255e-01
1.272153103718554057e-01
6.386896344641177503e-01
2.768191604346076362e-01
9.125020453529869568e-01
6.966902614794023840e-01
1.157860779418429242e+00
3.601528164292726042e-01
8.172345059593818517e-01
4.303350525067661803e-01
7.605456065322016013e-01
6.198037712099739860e-01
1.235814397098763173e+00
2.757824876630576849e-01
2.945512930044111854e-01
4.347461084310322299e-01
3.169159618196080164e-01
6.057165175729134488e-01
3.717165591616004572e-01
1.128236137234585934e+00
4.204838924784096710e-01
8.462035800295226728e-01
5.914794901571476249e-01
1.117442631914682849e+00
1.175656297441064924e+00
1.891400126208983679e+00
1.268016777584550780e+00
1.018047843896394467e+00
3.902855005910321751e-01
9.108887662393079232e-01
4.346947957277057517e-01
3.174064178135427849e-01
6.398008149999865335e-01
5.219470867653476231e-01
6.455666025928141760e-01
1.034844401482098109e+00
7.740791639347126551e-01
1.470181328691744893e+00
6.617490511608389303e-01
9.067924997043105284e-01
1.304173017315456429e+00
5.968023064529730526e-01
7.317894523371980542e-01
7.400666554336247094e-01
3.027846578860250437e-01
5.875637979262237076e-01
1.054587379977804051e+00
7.784841891239865364e-01
1.389428199349481030e+00
1.201276534364249526e+00
9.842648776458937654e-01
8.109133642924060137e-01
7.050705509286459005e-01
1.127863400481529332e+00
1.460770625159808933e+00
5.368527748500557806e-01
9.830213033777339682e-01
8.147041769588222460e-01
2.337688588636298803e+00
2.350643712341230263e+00
1.690267176163615659e+00
6.223436383479025169e-01
6.434385374931324009e-01
8.576963153038389409e-01
4.095872179266494273e-01
2.535730712877613868e+00
1.472459898829069358e+00
1.683899189234602023e+00
1.272252803555284251e+00
1.515767899330306978e+00
1.893366379020797075e+00
1.585916974211481589e+00
9.409606612665265546e-01
4.076171814633284818e-01
6.857162987665861298e-01
5.695536236300094979e-01
1.368921297376473944e+00
1.050796683555722977e+00
4.387752001160708515e-01
1.847707109822478211e+00
7.634072906875041253e-01
7.930588267811025105e-01
1.139163518566399302e+00
9.238741063208800730e-01
3.235619233434189890e-01
6.336268688724420173e-01
4.178507948308626818e-01
1.456974309286097391e+00
8.242361457409251857e-01
1.669753754978498872e+00
3.626280098561770471e-01
7.068090914737615860e-01
1.707467923029035051e+00
9.551850363175483638e-01
7.684968956718544186e-01
2.200883143455234503e+00
1.105470159737948377e+00
5.781228571525482973e-01
5.701996361898077348e-01
5.609058965648585637e-01
7.277734434368555716e-01
9.510224757532929063e-01
7.793971676490212275e-01
7.448356695714773990e-01
1.059358698005138377e+00
6.462197802682715375e-01
5.376685502794774640e-01
6.261544881741422097e-01
3.405150548335948990e-01
4.450345009722502798e-01
1.099819101303598723e+00
7.979673246694150013e-01
6.704375547863631324e-01
1.914560364259072500e+00
1.046105302124659797e+00
1.246323225073621810e+00
1.063796285270767639e+00
1.814176958042717835e+00
7.834429796106314736e-01
1.290017571952905451e+00
1.074240599700692744e+00
7.677930446082310567e-01
2.274370457876853546e+00
1.227239074552803455e+00
4.515868529643234930e-01
5.864276459095536520e-01
6.070985314668322363e-01
5.578472453771492479e-01
9.649620783219015063e-01
1.435119013522363041e+00
1.008912801788044877e+00
8.219504559481786155e-01
6.248990721907773382e-01
9.717591732215931088e-01
4.699485885716441769e-01
7.269418425122248228e-01
3.549954411033542923e-01
8.302172392423139424e-01
1.322613787858394119e+00
1.313289199559795950e+00
6.459424812304017660e-01
5.176005600721259592e-01
1.215275448021607474e+00
8.547926977244170166e-01
1.481609232846605506e+00
6.339454444758004792e-01
5.977999513684719712e-01
1.453071342188951620e+00
1.062173023701735275e+00
6.122243280720058856e-01
4.737192097637482058e-01
5.520005482690389931e-01
1.216883116661087172e-01
2.603430317002830563e-01
4.967292186069533488e-01
5.318369349594938011e-01
8.136598668270943469e-01
4.976277333049700102e-01
7.924611283336663314e-01
8.620833598234116657e-01
2.059651443641325574e+00
1.501601543991735399e+00
2.542761967119307798e+00
4.721481925252876133e-01
7.444361413390204740e-01
3.849157419383135714e-01
1.179177809960992640e+00
7.117848234577708322e-01
4.196480881305932331e-01
9.272208649024656912e-01
8.213280738795935010e-01
7.678093045766577474e-01
5.125057111133162202e-01
7.164256267950859236e-01
8.896329165750167522e-01
7.820493079115308221e-01
1.024294391437890583e+00
2.041353007556394594e+00
5.571928758994229014e-01
9.096636822798138677e-01
4.335491876527579613e-01
6.474980420259003333e-01
6.235931409422627025e-01
1.316794551390148005e+00
8.657698697855092940e-01
1.855269904381643187e+00
6.519048654655361652e-01
5.947192876690426955e-01
2.699881624500172217e-01
1.155146441835995574e+00
5.692793408588432413e-01
1.127685103914997544e+00
4.827096074091190014e-01
5.800628902482101168e-01
8.202232847857374720e-01
7.591311917296492684e-01
7.593088081282487467e-01
2.358082203310531089e+00
2.155882648568866244e+00
5.620990555153166923e-01
1.060345780228857837e+00
7.829684085264961846e-01
6.129196614710916702e-01
9.858998983119222626e-01
5.892124608013862841e-02
4.682172880201055931e-01
1.358592219037784155e+00
1.394145491525007330e+00
6.455556662523714850e-01
9.587021266283406451e-01
8.574426388552937039e-01
6.043377821018944829e-01
5.708860419508081652e-01
1.427992091329075786e+00
1.171741485687619821e+00
1.517538007115762699e+00
6.261644145866974709e-01
6.421793135636063576e-01
3.368295488396049753e-01
5.749764672601352933e-01
9.375593039253172778e-01
1.375224914466716131e+00
8.660672860192800693e-01
7.143786010378829765e-01
6.036924608238837253e-01
2.332556830739550280e-01
8.423117538964904893e-01
1.493534022723391530e+00
6.910285597885662545e-01
2.445057438900866131e-01
6.572717420257464527e-01
3.178087100049686864e-01
6.468779276510856491e-01
1.335483913219426277e-01
8.517115990202752673e-01
1.006692378937413146e+00
9.712953996584454686e-01
7.216641524784351835e-01
1.094183280513592704e+00
9.271091437873074659e-01
1.191473232485714684e+00
3.341951025964011723e-01
5.547323297772652761e-01
1.676602230976753427e+00
4.065941705490174307e+00
1.005976060401112537e+00
6.004417495014651163e-01
8.803325264896095792e-01
1.589752117754764382e-01
1.214005656978800252e+00
1.760384290511932903e+00
9.375965624737068183e-01
7.602590170460427066e-01
1.155422571771004270e+00
3.178185402789240888e-01
7.178392150033194863e-01
4.792400461365986519e-01
6.787430796669703392e-01
1.084526855557330860e+00
1.212645527720502603e+00
4.557424299942174351e-01
6.696796749888769273e-01
5.830663189665046264e-01
8.032454762753102884e-01
2.421393432946089552e-01
1.222745849397978368e+00
1.141492538029181381e+00
8.023289929988224323e-01
9.191463529998261661e-01
1.129287265425166886e+00
9.624297532090905216e-01
5.088659276103298934e-01
2.066152697077088818e-01
9.589808291700446796e-01
1.009993579394037777e+00
6.519202047724618199e-01
1.438669128144852261e+00
1.193380735470870091e+00
9.467151883181526006e-01
1.176242233649342550e+00
1.109694680549105028e+00
5.796345250122570958e-01
3.747806798235298054e-01
7.463169948860879366e-01
1.168866687697513784e+00
6.403921485371186773e-01
5.796303684839482218e-01
2.117531047792354237e-01
5.587538613196992854e-01
5.180605704480847340e-01
9.002895868268268043e-01
2.709423523726492422e-01
4.230138774005072766e-01
1.509552875960265883e+00
5.299401454814508527e-01
8.651653482110340798e-01
4.359917624614987330e-01
1.168176711574326454e+00
4.993105089572275612e-01
7.255548747328643966e-01
7.338588055215063966e-01
7.120306118578413335e-01
4.703539472840431723e-01
9.930311954816914977e-01
7.278548711168386642e-01
9.310972603482005061e-01
1.274317249062206225e-01
4.303289803912207501e-01
8.055658624321537786e-01
6.824676838542271806e-01
9.708199586040376916e-01
1.341992863630120825e+00
1.280668816801459053e+00
1.493510281247312887e+00
6.544237611431220625e-01
5.618127732974250721e-01
1.140947966688764303e+00
1.098747432247030087e+00
1.056693522396540130e+00
6.073065121139588074e-01
9.853914704779298539e-01
2.205271191937305530e-01
6.040890624829907685e-01
1.653780668061356485e+00
7.922233694007071447e-01
9.866548570556663567e-01
7.346408936546706681e-01
1.556592812799722836e+00
2.633962927447305868e-01
1.701081426610943526e+00
1.635070436614105116e+00
1.296863344516440142e+00
1.487411725443037458e+00
1.526882141687364802e+00
3.444587244946340499e-01
1.038304316878886802e+00
6.184617513234472730e-01
3.723716921869856811e-01
5.461735467242050390e-01
8.739078523998400350e-01
1.290838303294004064e+00
1.933723207533348587e+00
2.942036163475166166e+00
1.285783985898218296e+00
9.523834480987654061e-01
1.304481862138580750e+00
5.071955084278169101e-01
7.456117491519652640e-01
6.115184737140673121e-01
6.658247332275621932e-01
9.337146036310115527e-01
2.626596124211774130e-01
8.051583491491941524e-01
9.047496529486087624e-01
1.844233422955575241e+00
1.771687529712995923e+00
8.735204158545682718e-02
2.851560713413716086e-01
3.955184390400640626e-01
9.958070030481175339e-01
1.646498980388597877e+00
4.173702979264407587e-01
4.681473098692636170e-01
1.026638674389537487e+00
1.041539568885790690e+00
4.135782751405110425e-01
2.651844887071874712e-01
3.655558674194500646e-01
7.129334318216892230e-01
7.056704496476452482e-01
1.903475959698648634e-01
2.835863748516548877e-01
1.127406363858389549e+00
6.928919304701992576e-01
8.582704469047928164e-01
2.664777122474459303e-01
7.855197712706034618e-01
6.176971047584642882e-01
1.468178986805059039e-01
7.791073972111168811e-01
8.162423043110206278e-01
5.427806846856539913e-01
6.054438123071911315e-01
1.048966538394558778e+00
2.839983973833035136e-01
8.198234362116122442e-01
1.801408458052219663e-01
6.400046357928499408e-01
7.947446604321706243e-01
3.811400190172706814e-01
1.005900734232553217e+00
5.077277821960072268e-01
1.371346272567016689e+00
1.067984996418456900e+00
4.620194673533778995e-01
8.847950478311424893e-01
5.636987176774385100e-01
6.622887642047311507e-01
4.087697718559053506e-01
1.802211311541131733e-01
1.043719200757589727e+00
8.181937989557835911e-01
9.786382943193101536e-01
1.305569890253436727e+00
5.279717512522077438e-01
9.188954021160533614e-01
1.117098041460125923e+00
5.504343783312485305e-01
8.997655712855755494e-01
2.553770918469825180e+00
1.964176878317503538e+00
7.572085911120338686e-01
9.782458666294103766e-01
9.648034624875815313e-01
1.135160255780482075e+00
2.821226749834478964e-01
8.859716995057298483e-01
5.172173948549896316e-01
5.258047940321890490e-01
7.262751985321378445e-01
5.813497549645514351e-01
2.661326472134976306e+00
2.256867223368197006e+00
5.364994379209159225e-01
9.390193563816175981e-01
6.368058760227830462e-01
9.830595569903742836e-01
1.025622481253655849e+00
4.237251436477842415e-01
7.911452283546883679e-01
1.008113591135663789e+00
9.051158005003422380e-01
4.858766527633581189e-01
1.074519017508092977e+00
1.460672942936050323e+00
8.256765497160009071e-01
7.602982572153593743e-01
1.089463084177120900e+00
2.782076036829464472e-01
7.426930361243374579e-01
6.496688633177872818e-01
7.847692992750737728e-01
8.233344011171064292e-01
6.508530581410172378e-01
2.101321193310088098e-01
1.371671669908052227e+00
6.925200631218130232e-01
1.183444964283065115e+00
1.375510128474553007e+00
5.810361928358166450e-01
7.084476482864431324e-01
1.020322165284147431e+00
2.363106530485259982e-01
9.007732275738647987e-01
1.544807623144343278e+00
1.205884133912278111e+00
9.385510790930115532e-02
1.449188714224711960e+00
4.962929460267947457e-01
9.247066777221635281e-01
1.023796920069666605e+00
7.373133317354821914e-01
6.311721545422612767e-01
9.933521447470065047e-01
1.116054524154765915e+00
1.293127811793101545e+00
6.688908052037041418e-01
2.921457745448976517e-01
3.784565468892546747e-01
1.479344471122741700e+00
8.799768850937149667e-01
1.856526700319692136e+00
1.047378291148486573e+00
5.491465429322900382e-01
6.455921165318185828e-01
3.735283619424344947e-01
9.460799089557272445e-01
2.098052405712308222e+00
8.145449638443196250e-01
9.646243395383603536e-01
2.771468809095818941e-01
2.411189085173590207e+00
1.651125311368229376e+00
1.796105836981127357e+00
5.112296239405695886e-01
4.353903268820591976e-01
3.806500015421792615e-01
3.049714493173779628e-01
5.238550797096056533e-01
7.132598584658763619e-01
7.132663141085626712e-01
3.135526029205593090e-01
1.045331605052979729e+00
5.327981895327364992e-01
9.708888674099732663e-01
1.010441327026292413e+00
5.060072578307552860e-01
1.283592546801817669e+00
7.337028446042143104e-01
1.384436868934317166e+00
1.479640042528552524e+00
1.365763454088885887e+00
1.869301449938983062e+00
1.435593085702475680e+00
2.222056865885108923e-01
7.221240678001784596e-01
7.317377526812272048e-01
1.047846264484225021e+00
4.417663768067172092e-01
7.259638305544301451e-01
8.658933132033395097e-01
5.434061765567754776e-01
7.556850115463553674e-01
1.427928110784053573e+00
1.687712191098723391e+00
7.069969773093058851e-01
1.045155695717402855e+00
3.075225612692408794e-01
5.122826196591772074e-01
2.545304815608175897e+00
1.804348134021712013e+00
1.102480117352208522e+00
6.285472443468266279e-01
6.458220856815322097e-01
8.877254260773741468e-01
1.278691077260431852e+00
1.288428719741347983e+00
1.334299184854454756e+00
1.655040158381428261e+00
1.628832982124022388e+00
1.535628379978070335e+00
5.574673355017856213e-01
3.860889571151309152e-01
1.180143103994210740e+00
1.048130321829030764e+00
7.397710576221175893e-01
1.039714657898531458e+00
6.008509529808825356e-01
6.381457437926936205e-01
9.070932653976665483e-02
2.636038572568303873e-01
7.114754493262219759e-01
7.866030735291453801e-01
6.560364391723384481e-01
9.403383218404791632e-01
1.161211011700374662e+00
8.174542078729897243e-01
3.493405246833123368e-01
5.601302293829578671e-01
1.540277105900575316e+00
2.654466952368722765e+00
3.312314970816958137e+00
1.141557011491218132e+00
1.145370572597190550e+00
1.596743228553309635e+00
1.409637973213478668e-01
7.736057270792360274e-01
1.106893539203914978e+00
2.592978223642726232e-01
1.994871568020394614e-01
9.866366365845464781e-01
8.072365923476617633e-01
1.385702964923745784e+00
1.338792472492266850e+00
4.779447457337084870e-01
1.163828188702642485e+00
2.310430360880640244e+00
9.072232237210082761e-01
6.469756827709460811e-01
3.402872530605458579e-01
3.465772701080103713e-01
7.125312308734302880e-01
2.322939860809936086e+00
2.825386841288245243e+00
2.174142222035941430e+00
6.648209414544894447e-01
6.517029991838458880e-01
4.527330434630598699e-01
7.260106888625019739e-01
6.472235403526993558e-01
5.149837542933654033e-01
1.892107697909055086e-01
1.852053403394867959e-01
4.112781338602513603e-01
1.401119127627807659e+00
1.334986547287569714e+00
3.157017578610136765e-01
6.487261996744188020e-01
4.368727285038074837e-01
8.632221452381966253e-01
7.356852850618943174e-02
6.534454326435680249e-01
6.194312192102520154e-01
1.338606606063360127e+00
9.636679236204214183e-01
4.273565154688513945e-01
1.770687556169839305e-01
5.808862893948613104e-01
6.117047686872807422e-01
6.640219470112973532e-01
1.285352317814317802e+00
7.136646720952755096e-01
1.183658823573671581e+00
1.433509920315892083e+00
5.671391412975806956e-01
1.117080490193692377e+00
7.527040993219202836e-01
1.779991636336963889e-01
3.107104200446634268e-01
4.147540905605031081e-01
5.650883745707129258e-01
5.218155953553164084e-01
1.082759882488613989e+00
1.109428214494795784e+00
2.139556165245853903e-01
5.326018996028054620e-01
3.135994886562524786e-01
1.119763234953800257e+00
8.851630463243873592e-01
4.115905587028480528e-01
3.304285190676800599e-01
9.233480246023256788e-01
8.027065303503891913e-01
5.971576033183121357e-01
7.675709752330154290e-01
8.196008413612377863e-01
4.379722075610250065e-01
4.920744117345655089e-01
8.576019955996361244e-01
2.531571361894792704e-01
8.925134342485299133e-01
3.599385201085389951e-01
8.593778765599797698e-01
1.112956823779490234e+00
1.295746919575054612e+00
8.006734133604669346e-01
7.027515653389445616e-01
8.982979371859399764e-01
1.129668155565982213e+00
6.170788125377210109e-01
1.207691345152227536e+00
5.569570630557225677e-01
6.202536590950534778e-01
7.762946721100464353e-01
1.008578696057103707e+00
1.599727029120500132e+00
7.681764482317933185e-01
4.898673341217347210e-01
1.351501101845824948e+00
1.037275276569635807e+00
1.080369136975294353e+00
9.147791173672069343e-02
8.056301132831771294e-01
5.841281729761561570e-01
5.532429897482563641e-01
7.457323483364022287e-01
1.758208477308339734e+00
2.339553390177380177e-01
8.383028687197566775e-01
4.126055038018590637e-01
4.962781908206885251e-01
6.969918624973677757e-01
7.890732060420451166e-01
1.747117263177666358e+00
1.323340203824570072e+00
1.256784725135831282e+00
7.941034289997429552e-01
9.413580128069668485e-01
7.892095747699605646e-01
2.540497469138891518e+00
5.312696277725490468e-01
6.505044980338431371e-01
1.197648078852502129e+00
9.028783188624629474e-01
7.305977816959908777e-01
1.146735142288366927e+00
9.514494433423521524e-01
1.884200681621723550e-01
2.831043633453555142e+00
7.369643334621022168e-01
1.372357082632030156e+00
1.418357878139881789e+00
8.171845583610463093e-01
8.223881634149813324e-01
7.114004825095467943e-01
1.699958834218292081e+00
9.502014664718678727e-01
1.101973843894495708e+00
1.664631314689968500e+00
1.112847160513309452e+00
2.854111183915879035e+00
1.203008032553936069e+00
3.640825858345932975e-01
6.057363167628958545e-01
7.052350401379043898e-01
5.712073903758249083e-01
6.817789262476254830e-01
9.537785866002270740e-01
1.015254835023992941e+00
8.961980822545037029e-01
1.385341949401633022e+00
8.526380833776761037e-01
8.830484314765204568e-01
8.983850626244018756e-01
6.396516496400422858e-01
7.139832883465188074e-01
7.900783656081555861e-01
1.217015640154952116e+00
1.284544169815839298e+00
5.323394460418703344e-01
2.623605928123535769e-01
6.746283466366513881e-01
6.378732660958229550e-01
1.340120892439447431e+00
1.043172982616746403e+00
2.157064212987208351e-01
4.494452499033873560e-01
4.971816660096591844e-01
1.460690218203425150e+00
1.638317135917435552e+00
6.765203849358686350e-01
1.508324274504582618e+00
1.019546931549017987e+00
5.997870196489861749e-01
3.687762417476604937e-01
1.570199620792523731e+00
6.159334579865621828e-01
6.725237673681023765e-01
5.338613724994234477e-01
6.367387538793199964e-01
1.028305848152629709e+00
3.666149474126564334e-01
5.729064120085899381e-01
8.335144242695092798e-01
1.031747774336555512e+00
1.093896909049387300e+00
2.336584827921225072e-01
1.887030619105213858e-01
7.718360781782388491e-01
1.034486815581751706e+00
1.675632813463612536e-01
6.102325369827447110e-01
1.089952745527222433e+00
8.686031230801448677e-01
3.780880047519205034e-01
7.056073939552528484e-01
4.367866797602350526e-01
1.061453638490128748e+00
1.894534045756949947e+00
1.749082879437076077e+00
1.165299009237849015e+00
6.629085382699972939e-01
8.075784646222954333e-01
5.270810329894840551e-01
1.228562025881118958e+00
8.196440503617065110e-01
5.206647336161491779e-01
1.047138595829843144e+00
9.795286402680457583e-01
7.156938067125654390e-01
4.575828817596590548e-01
1.381921687469028992e+00
1.158085405404188500e-01
1.154845319846679708e+00
1.115901547270258920e+00
1.887359316651296137e-01
1.049189636292168881e+00
5.626444236596215287e-01
6.664129673171330648e-01
1.208050987518912045e+00
1.249873835374662789e+00
8.571421057112323938e-01
6.378340394204656816e-01
3.690356718264890534e-01
6.976300712899721201e-01
6.620769671851256533e-01
8.742201342356114013e-01
1.822748334043570839e+00
2.519679978478809312e-01
1.003475607145981163e+00
1.030539186752338132e+00
7.506627716221619950e-01
6.521685574673792285e-01
5.870084372261871186e-01
1.118161072003095446e+00
6.980784811173386117e-01
4.640485722203448460e-01
8.040400321601823830e-01
3.757297777547034534e-01
5.184473688746316089e-01
1.452515577385808720e+00
1.547667271604506345e+00
9.692042719992464139e-01
6.507423543553291223e-01
8.372055750709148647e-01
1.272128364497376651e+00
1.206659685365063739e+00
9.911657830607215613e-01
1.389932851100453393e+00
1.213509475873364440e+00
3.385761484646223618e-01
4.145306723376088742e-01
1.482625516499507023e+00
7.983958339544762195e-01
2.063238939249666171e+00
2.243585358221295678e+00
1.357829958014909355e+00
1.898356668967272176e+00
6.987668951455746624e-01
8.661621425026824195e-01
9.010938037875790840e-01
5.852141688442152878e-01
9.804568316209941736e-01
7.044669615444091315e-01
9.205713045949447393e-01
1.584903092122484480e+00
4.478522129515352668e-01
3.329205916402205312e-01
5.195923910538966517e-01
6.937023844902792113e-01
7.414700390861310719e-01
5.255960684081213419e-01
2.303415880849584152e+00
1.047596822215018708e+00
8.331280428892816614e-01
8.288523210681782993e-01
4.106019865345914011e-01
7.706639384431416273e-01
1.253189715841252827e+00
4.747993964069713302e-01
4.732568637988463500e-01
1.194862465472411150e+00
9.061618780245911386e-01
6.941713418240623712e-01
1.020027386216058707e+00
3.827918838017288383e+00
1.176609551691296884e+00
2.075591141845934406e-01
1.091071417192812865e+00
1.589222965262868437e+00
1.396978463534974679e+00
1.021822589979120011e+00
1.560635219425862141e+00
1.343762743795712034e+00
7.293599114250142179e-01
1.029261581879696630e+00
5.351110845987618880e-01
5.003412790211826389e-01
6.368020145928419140e-01
4.719393944117027950e-01
6.334935326148564139e-01
5.496026523160300048e-01
7.524502912782067288e-01
9.281733310455232422e-01
1.082782162151215699e+00
1.507954910029347451e+00
7.888523886641498617e-01
1.171811129996079170e+00
1.486035035111875846e+00
8.982691985291655357e-01
2.271934600960550110e+00
1.422512005637767141e+00
8.259086832071914630e-01
1.548717092978920018e+00
8.485168867093725309e-01
1.110896588937928753e+00
1.009376517225408998e+00
1.163941281478100276e+00
1.158829973730275631e+00
5.855969408666267251e-01
6.253226056811768130e-01
6.204190564585797540e-01
4.228148725499222826e-01
5.523921308765380456e-01
1.116770445687988111e+00
1.439072517206392288e+00
8.801234173000666017e-01
1.324796271014897275e+00
7.764318890110984972e-01
1.118214134252801140e+00
8.303292620699250781e-01
1.054919479364657020e+00
6.694064420970036178e-01
1.768985972436722509e+00
7.138317843901907933e-01
5.420927187748579845e-01
1.448276265860944045e+00
2.954553455568972309e-01
5.213741248103623827e-01
7.813287589589863469e-01
7.317847484889341558e-01
1.859231765180157980e+00
1.105155131928038603e+00
7.897577059058186189e-01
4.092663761269937361e-01
3.934178411394551045e-01
1.539705444863729733e+00
8.049409572219022868e-01
4.925668763465350097e-01
5.609927278039413823e-01
7.740176837472344529e-01
1.638505538974923681e+00
1.262376017217170743e+00
5.163292516694618639e-01
7.041108655397888549e-01
9.727408894705271702e-01
2.900331136311526392e-01
7.035836454876667201e-01
2.228911923717458443e-01
2.926858208563706043e+00
1.964871526443881411e+00
2.267923884854321948e+00
1.032054213172545865e+00
2.354985125462205620e+00
3.425156900525997972e-01
9.239875763631849592e-01
1.843075146963437105e-01
1.050859046981724054e+00
1.781964721167685006e+00
8.405260230024065304e-01
1.368316565594436485e+00
9.604062128813063426e-01
1.682731790968135854e+00
1.330110980333299331e+00
1.943758510749804991e+00
1.978768923005040647e-01
3.736309652909270418e-01
1.435240353193192098e+00
1.010486203188853960e+00
7.324899417303687432e-01
4.154329898141780331e-01
8.518779852313230760e-01
1.693094830897241554e+00
1.182812432425076388e+00
5.548541087442047104e-01
1.468154158876780802e+00
6.371659622892668073e-01
6.479986908247726829e-01
3.727701653626589451e-01
1.072705022314150991e+00
1.358398635745144523e+00
7.623106823625316331e-01
1.031775405495432452e+00
1.027422645509254773e+00
9.809750933067538092e-01
1.035218626139993381e+00
1.048291481256830915e+00
1.176478001270231388e+00
6.586101487133724230e-01
6.756030628517739611e-01
1.993428995268493320e-01
1.627693284932222983e+00
1.075153142975882270e+00
1.657282919074472005e+00
1.865734335102806174e+00
5.858116646036952702e-01
8.225657028855265507e-01
6.589861507823908671e-01
1.467348953416975688e+00
1.102583721971996278e+00
5.326087942222426097e-01
6.233893827909305907e-01
6.227123104054969049e-01
1.585936915925886259e+00
6.513531347517959036e-01
9.305677274805423949e-01
4.465172491764489160e-01
1.078558229452917683e+00
2.583171955045475143e-01
2.511814084989723583e-01
4.899248548621490396e-01
9.580270257003502543e-01
6.309587627347449379e-01
6.999971803904715406e-01
5.756997547561381046e-01
1.439111544017488864e+00
7.447856622613113764e-01
1.037033347741161959e+00
2.995101186879147170e-01
1.003680622451195825e+00
1.855422460025539344e+00
1.839493781919390836e+00
1.070934367006364463e+00
8.352205576879488946e-01
4.029290277729310477e-01
2.146747327266128325e-01
4.697718744414681180e-01
4.407011368370882809e-01
1.229194608829730750e+00
8.112210580623478995e-01
6.926595532617561002e-01
1.085200824368316441e+00
1.123641740110932874e+00
9.818347167153086419e-01
8.158925364223881260e-01
6.080737163312521787e-01
3.399172100226475202e-01
1.030048401259095137e+00
1.037659477215664205e+00
5.915786757563580300e-01
1.167295013616745036e+00
5.419600722334092513e-01
7.409262250550883167e-01
1.205146468710148966e+00
2.902448716591508049e-01
7.200845182051854865e-01
1.286789003864651226e+00
1.172136157679231516e+00
4.551571626973178741e-01
4.483015459022647864e-01
1.510813983286968476e+00
1.124973250775648692e+00
8.376288409286832826e-01
4.323669489461871573e-01
1.271836133237019162e+00
1.244124818715075076e+00
1.022216613706697919e+00
5.236447970993174383e-01
1.377766978368121453e+00
4.793556978945962554e-01
5.303181749757577279e-01
7.617991250357138977e-01
5.851725262565998786e-01
5.275173192148157053e-01
6.624014658506891529e-01
4.720947349576122831e-01
6.872439225290094544e-01
6.049106837267698156e-01
1.220041044277980768e+00
1.031631265604826098e+00
1.044476053841984609e+00
5.837437666131278791e-01
9.610471366231453372e-01
7.949014702581294056e-01
2.539374512924438276e-01
9.414974793399323305e-01
5.463730643311708324e-01
5.618095198760536535e-01
3.597196128210680133e-01
1.405438984556706350e+00
4.706221762428533517e-01
6.166162232603665805e-01
5.419840309609377238e-01
5.604235132209423043e-01
8.070087171760215172e-02
6.799500765747691355e-01
3.450357363954354994e-01
1.445159445431429601e+00
7.456514872514009573e-01
1.268867609604516833e+00
8.541882873651773789e-01
1.312008091599558890e+00
1.076355688333213934e+00
7.184452674032419939e-01
8.388401179555277087e-01
8.104644587219617113e-01
1.273136996020482803e+00
6.651768942091202952e-01
7.796646016451664885e-01
1.176442194573076971e+00
7.706192039564571106e-01
1.169452644525131646e+00
2.168543996730440071e+00
1.343040920261305837e+00
1.441441108800100901e+00
2.534373371058029623e-01
7.598774651746603714e-01
7.283359951187858838e-01
4.586250340497505240e-01
4.525171618336565893e-01
6.161332458639141585e-01
3.577405427783917902e-01
3.664966011441177507e-01
1.204387031981061229e+00
6.456183225671605630e-01
8.175704333031746929e-01
8.302870984947909871e-01
6.670428690325899135e-01
7.180981011376151857e-01
1.072184897242097090e+00
1.191054282293154687e+00
6.581399453602527760e-01
1.013120053885252503e+00
2.064587995671917753e+00
2.214954868715789171e+00
5.279417570960139861e-01
8.550753565253108590e-01
7.653275183344631083e-01
2.563055183701761219e-01
4.195212927752267618e-01
1.166521345872224336e+00
1.060374010651695231e+00
1.470456892337405286e+00
1.054464678775981046e+00
6.871601274279146576e-01
6.044767798349581778e-01
7.983026307328615623e-01
1.243625486110957690e+00
9.094462620897353355e-01
1.149426230355010681e+00
9.864207657122771034e-01
1.160550138212894877e+00
1.691334683433388941e-01
8.187286726795671710e-01
6.471531960075732615e-01
4.611328482091839320e-01
1.642430096203177481e+00
7.209538540127721218e-01
9.854462159323512660e-01
6.547258048049794388e-01
4.592320716664788915e-01
1.485725095127931272e+00
4.385904268465746214e-01
3.170500845399326639e-01
6.443612515111527550e-01
7.044772729031436587e-01
1.061985156459851476e+00
1.886601789191642675e+00
2.340107377289354584e+00
6.224503084200879721e-01
7.520049162669111276e-01
9.380520158691617594e-01
8.109309623209309814e-01
1.006709093426639390e+00
4.543970154527136596e-01
8.494583929841627024e-01
1.098047454309737381e+00
7.660121965205887173e-01
6.534457561817819116e-01
3.249419793515949118e-01
9.192532076777540917e-01
1.130302881321033182e+00
1.123773163138761966e+00
1.184170335091396131e+00
4.499330532618966427e-01
1.056009624430897631e+00
5.275059345838272185e-01
9.062371397341409951e-01
6.984138425483445989e-01
1.008849388157251559e+00
7.088361917396366341e-01
4.777991423406691140e-01
8.152686818878022157e-01
1.197455786791980836e+00
6.845087751098818396e-01
6.377321157580689848e-01
3.274181153652576115e-01
1.131571421940115396e+00
3.232660740686022494e-01
6.253789687699728983e-01
1.062748059031397352e+00
1.796673932172049071e+00
8.729617055783570612e-01
8.770429773492837144e-01
1.767178988801199613e-01
3.552581223538647248e-01
6.098140913913862038e-01
5.353637584489105983e-01
7.109430593218195593e-01
6.761247164670571852e-01
7.246471445898741148e-01
2.375478734290800142e-01
9.769568010240162748e-01
4.578784629395145078e-01
1.209218225505782063e-01
9.073608435088177659e-02
7.071180677710815488e-01
1.382151767578946089e+00
4.653673479635831445e-01
6.127362462480107075e-01
1.265272438897293572e+00
4.571402116381012015e-01
6.874800863976326948e-01
7.768362619560650328e-01
1.410323390874739014e+00
7.977410603971966108e-01
9.610291565589663687e-01
9.862566157573857684e-01
6.653436079217797117e-01
3.410206380113693925e-01
8.448368238759293991e-01
5.307128192200634142e-01
6.655228516362486912e-01
3.644015800979986119e-01
7.303457121447932687e-01
4.094877057317065083e-01
2.408927257215988105e-01
1.527345950059027402e+00
1.200681008399761662e+00
9.217843077791068040e-01
5.505230469899025092e-01
9.984898410915074018e-01
1.726985902567623299e+00
2.111587661674477534e+00
1.062737823257675629e+00
1.096234384315211141e+00
1.777724872461372785e+00
2.916643082046654900e-01
1.325923696647910877e+00
1.825170629472450123e+00
5.529820805664651395e-01
6.193774034876435852e-01
2.606045044255884680e-01
7.869226696879699778e-01
5.710967628469055812e-01
4.257801714989673525e-01
1.382224803959538395e+00
3.286241314735029451e-01
3.080223533044568890e-02
1.446174164480171331e+00
1.219747867655595952e+00
1.165312801764319284e+00
7.876032836812022486e-01
1.200445233828244529e+00
5.088509741518030260e-01
6.926250403225678864e-01
7.307710874117347988e-01
4.696662644325508285e-01
1.847191140621702587e-01
3.596334990164565815e-01
9.643363568323489732e-01
5.550427268262645430e-01
9.403914227048093544e-02
9.602081461759723879e-01
4.923738783137615593e-01
2.233023815570627235e-01
5.682562440481704336e-01
9.182100327571857123e-01
1.748991843412442293e+00
1.497398112635698331e+00
1.802806993969271465e+00
6.621291091079946067e-01
2.226032425348971056e-01
5.566030544485823794e-01
1.129825252157972582e+00
3.306100811048848787e-01
2.283318561106056688e+00
9.612694677880284644e-01
2.858469625798292779e-01
1.079676328264328689e+00
7.119826298957760979e-01
4.844015992966588802e-01
8.251247613449543827e-01
5.412524273924281815e-01
5.289854118683404716e-01
1.058826467606792887e+00
1.352566748608247993e+00
1.393542078804495876e+00
1.756951110176693698e+00
3.603064227045678636e-01
6.720233846795431454e-01
1.583371854885105845e-01
8.057977620392582363e-01
1.184946788752742730e+00
6.325682064652031755e-01
7.663942880817147252e-01
7.747240314086579760e-01
1.001062817314835707e+00
6.744837328692456779e-01
7.841880005064444381e-02
4.632159258576197813e-01
9.370744018765618799e-01
1.285874333956537052e+00
2.055951260543830372e+00
7.167134099799842284e-01
1.347827780128780129e+00
1.661511793696114125e+00
1.597769817504716361e+00
1.869217296328459899e+00
1.324225998317106967e+00
8.609316324906294282e-01
6.050258407883870593e-01
6.420116454809456918e-01
1.344806287637175801e+00
7.736769665804654750e-01
1.121974284668966870e+00
3.171593979656591178e-01
6.758165526738770801e-01
5.419915838974402877e-01
1.395891288646221140e+00
3.669965945286836617e-01
1.327988438398198356e+00
7.826699929341296436e-01
5.040201011602500891e-01
9.843853513920860498e-01
5.182884545003713095e-01
1.538099628097234328e+00
1.191868846906871227e+00
1.343231572829965970e+00
8.756046263516269468e-01
2.783164048721328832e-01
7.126312450239138396e-01
1.318067876499267044e+00
6.825062824990011379e-01
5.168938983406898835e-01
1.692887339838181071e-01
6.488728452695097237e-01
5.591143198312572560e-01
5.415142061427244968e-01
6.207435466446490357e-01
8.018152631614237080e-01
9.562777786738589914e-01
1.688094719802551769e+00
1.842094493613531281e+00
1.358466397937654779e+00
3.457625258482206476e-01
2.123122098799315793e+00
1.554723162459912933e+00
7.908405867454678662e-01
1.048330228610545811e+00
9.247059674449159550e-01
1.354909401979726757e+00
1.908738175559416383e+00
9.987731326204599691e-01
9.368618705769368171e-01
5.426677630316555367e-01
1.585039840304806269e+00
1.083181687044598052e+00
3.841305844580864687e-02
6.948410480218879526e-01
3.513921773922623060e-01
3.563518413923777439e-01
6.643814937598208070e-01
4.219886016864600187e-01
5.025520788060173771e-01
1.045445256423381153e+00
6.029598297336771218e-01
8.618250817602363112e-01
7.245706796245935388e-01
9.228339171330575130e-01
5.325452118805157342e-01
1.279212386193297135e+00
6.578050147710665652e-01
3.102502359397794618e-01
1.113232884820220425e+00
1.240781996060490888e+00
8.888525764690997644e-01
6.502981343205773701e-01
5.314340898522241785e-01
8.117832702746932139e-01
5.093495815006198191e-01
7.313474567560499517e-01
1.533702052011424399e+00
1.309016929932376394e+00
1.493812720091021840e+00
2.263622358003748225e+00
1.229170841289186189e+00
8.593981223130932046e-01
4.189711448044836639e-01
4.757295208784459439e-01
6.519406062540101798e-01
1.426251117901877752e+00
1.090321369967332421e+00
8.480297870545900896e-01
6.180142302128645015e-01
5.749236264253031470e-01
1.324869255120564748e+00
5.920228222451429101e-01
1.367395150717135799e+00
9.035334591148108663e-01
4.161351430970278154e-01
6.269880529128376567e-01
2.672448756276512571e-01
6.101887348965958635e-01
8.125582578855109483e-01
1.393749354702602306e+00
3.155866644049799552e-01
6.747694650702691366e-01
1.106953144662030430e+00
1.820978271307991170e+00
3.049981186945811551e-01
7.709994851012434980e-01
3.354723370600471433e-01
1.665299054347890439e-01
3.222160637177900466e-01
1.060907412988427501e+00
4.704812616107721945e-01
1.640449261138890336e+00
5.150603825594699536e-01
9.801043870819972081e-01
8.077092250285451414e-01
4.702895751284886239e-01
1.283152194847208438e+00
5.984632503161201322e-01
4.948628848359973298e-01
9.316198383227242141e-01
2.787984335790204327e+00
9.082420006589233541e-01
1.121554142782859476e+00
4.089449958986624001e-01
3.484824935436410809e-01
8.533853285559105384e-01
6.434799691295510771e-01
1.782847483029131430e+00
1.138706199218759485e+00
4.109291939687151896e-01
9.701120071235950215e-01
1.566986796373516011e+00
1.919797557766483642e+00
5.107178656284121487e-01
9.984354965195454401e-01
2.187613839802304561e-01
2.235654684834248451e-01
9.844473801460084106e-01
4.044138071380870558e-01
9.372743553823610352e-01
1.173961391837647028e+00
1.008009072592630506e+00
2.788959788918271010e-01
5.698177324095872187e-01
2.089575450464938311e-01
6.558763003862767560e-01
8.586963939209503183e-01
3.043255321616243902e-01
1.259337041065746732e+00
3.437209767862745013e-01
9.471986036181518909e-01
5.339378135282915050e-01
5.236737772988188100e-01
1.262287901210834340e+00
1.182866051854381872e+00
1.067920484293279237e+00
8.625457960799971513e-01
1.168529432235410059e+00
1.015505073165267280e+00
5.970103950954339656e-01
3.054735901091557571e-01
3.780895213770747443e-01
1.678877227824198792e+00
9.087001696838258313e-01
7.030190573766879059e-01
7.637612168441171301e-01
9.800523072967961546e-01
1.068692711179230592e+00
3.559187000168950732e-01
9.003432306211572866e-01
7.485833957939502792e-01
7.943318154002825260e-01
1.264667875004998887e+00
1.489035420644979180e+00
1.538063357311963752e+00
1.487537821555893647e+00
7.429967628703949556e-01
9.145853674111183162e-02
3.704623465626791790e-01
1.498660396960369123e+00
1.167920488041204852e+00
1.486038134179852754e+00
8.495094818782851220e-01
9.585691462719648781e-01
1.173952380185549593e+00
5.992211621437161240e-01
5.735571908116333661e-01
1.421232124028262822e+00
1.120312529551050318e+00
9.139376793621173389e-01
1.162949364932483576e+00
7.571765216189965120e-01
1.059097764471305991e+00
1.854085914699695303e+00
4.687735820250593100e-01
5.302076663391456224e-01
5.386635444275683637e-01
6.347085082436475512e-01
6.826195860274835159e-01
6.905677930771156880e-01
6.787639586417790749e-01
1.181895470561683092e+00
4.966561229787833653e-01
6.038750981230476267e-01
9.781524962715965055e-01
7.316566413924766588e-01
1.204939974210342157e+00
1.740568439770665110e+00
1.125514364738596784e+00
7.902548783619963713e-01
9.215074374537205459e-01
6.751177038729395674e-01
7.442978536343594076e-01
8.223517759694741747e-01
5.629884938670264294e-01
7.444286837779097166e-01
1.341331268683804145e+00
1.023111970946940730e+00
1.257913248542776197e+00
1.024322912742986702e+00
4.696582147278985930e-01
3.252267851617328676e-01
1.501484671500145973e+00
2.800280522961652308e-01
1.712135928782136274e+00
1.783349778095741467e+00
9.421878513052918125e-01
1.377671846983133053e+00
3.035716584844759258e-01
5.109041202618381794e-01
1.682704307304266900e+00
1.517814497362017789e+00
8.914387755254652435e-01
3.903793391756992248e-01
9.710759496045292538e-01
5.827139412772343041e-01
7.087441414272308560e-01
5.814338185403817860e-01
5.849557171160184588e-01
1.158849699112247222e+00
9.819770764322688361e-01
1.588685599369011436e+00
4.468365868109153705e-01
5.231328634545159284e-01
1.033283755512638846e+00
2.575016345583330812e-01
1.181178018180705891e+00
5.878439386205743800e-01
3.278303876998021060e-01
1.092589153444192274e+00
4.709115316791056549e-01
3.976628409470726599e-01
7.695983895127938013e-01
7.805436108520334981e-01
8.908485418722611460e-01
8.112562905372270317e-01
4.438729513478013033e-01
7.151791339057839147e-01
8.083968276327098135e-01
1.698584220004693002e-01
1.134887533213293720e+00
1.266661505218578343e+00
2.217783381224403438e+00
1.794969190416530580e+00
1.203407526227978419e+00
2.232994731582373937e+00
7.861213374264490739e-01
3.687760343181379907e-01
4.707189826116473519e-01
4.483279507203867809e-01
7.050754319400279746e-01
3.051671789220649078e-01
5.820905529396288580e-01
7.289268397820523049e-01
2.682577808088175697e-01
8.945931747289436187e-01
5.901347413405891862e-01
1.031922961638097380e+00
8.306172245039553648e-01
1.306129946104732653e+00
4.624582155436807174e-01
4.995334227737226462e-01
1.068578687189192244e+00
9.278402122077347158e-01
5.893248530321905099e-01
1.733739225076782908e+00
6.576245883560321026e-01
9.543472594884644389e-01
4.214519104458459009e-01
1.245407476859934803e+00
5.449598953498622222e-01
1.385627919933756447e+00
1.100204591020632616e+00
1.729745386697645326e+00
9.362226750078409543e-01
8.593024175988694946e-01
1.564481142366380029e+00
3.312244515589166105e-01
9.726829372801208962e-01
5.911532548092831574e-01
1.841183639378213499e+00
1.525932485751333667e+00
1.562372737724253113e+00
1.837101322996855357e+00
1.299805643270236732e+00
4.411291715654418466e-01
8.012812884881700404e-01
5.643886306727251556e-01
4.470335604358152137e-01
9.345173877192272105e-01
6.209801633202371995e-01
4.558419018821347479e-01
7.993417942461568115e-01
2.168644759376530562e+00
1.469842471998618505e+00
7.785759381493637665e-01
6.496205409517616380e-02
6.885066901853758026e-01
1.107253112481404012e+00
2.603640057373667882e-01
1.935573975984604456e+00
2.400898478889629484e+00
1.524396744355991595e+00
1.302065610664130180e+00
1.087714207904007413e+00
3.655623175542377368e-01
6.896174336465954458e-01
8.421348549650279347e-01
8.825235316343482683e-01
7.894952950381068923e-01
1.028893213280821506e+00
1.095624752564817506e+00
2.334507155226369424e+00
5.822143909825788777e-01
3.461305384876042224e-01
1.039022030852093659e+00
5.870255015952586808e-01
1.340283292391882819e+00
6.272454655370702792e-01
8.214185954489623409e-01
4.521691884470693812e-01
9.687691420046210533e-01
1.009904519125613409e-01
6.249328969664105227e-01
8.390427121689713053e-01
5.748971778116516163e-01
5.348663793165145952e-01
7.868901204105444025e-01
6.819874027463698196e-01
4.688422751969675839e-01
8.191510470025998858e-01
7.689693465731636257e-01
6.557605228849038292e-01
4.885678802633781626e-01
6.217920723162547736e-01
9.108618557454263298e-01
4.662732093641221987e-01
6.311139135187748828e-01
5.810173409345699147e-01
9.752398888210507266e-01
5.064255730402930089e-01
5.460244022060298796e-01
3.544167212204598072e-01
1.449710394822561366e+00
1.907719845807712977e-01
4.973471265983899214e-01
1.269082553818799752e+00
3.619373377465319730e-01
2.210504357030273148e+00
1.617004332156425139e+00
1.968306649955291476e+00
1.106746784524782701e+00
8.771906670127113115e-01
3.599608932623734603e-01
7.086456234379835406e-01
1.706115917646812141e+00
8.623052037281727644e-01
1.558455637316759290e+00
3.281478307937740202e-01
1.400109649649478261e+00
9.749021547643630381e-01
1.220408793998779329e+00
4.999776600527180981e-01
7.399000004399580721e-01
7.895560654731023087e-01
1.231276066493630500e-01
1.054116960111733059e+00
7.192414233253080491e-01
9.168532770612795035e-01
1.074389097938072579e+00
1.820356724037885288e+00
1.451309738564289464e+00
5.923087647718995319e-01
5.835672998794342314e-01
9.358953530057037007e-01
1.756691846212935781e-01
1.507412108773896087e+00
7.057254402377194369e-01
1.419044625034101781e+00
2.265933899414649400e-01
7.590417249316139259e-01
5.571273835665001561e-01
6.721369388813659695e-02
7.927629165825893498e-01
7.480499716355800688e-01
1.051495660789123932e+00
9.469575510415547681e-01
1.151669055309636924e+00
4.857245846112808185e-01
7.937670810775430130e-01
1.151931805466917202e+00
2.757259747331541333e-01
3.381090444997375544e-01
7.289471417375394946e-01
1.216929847711165635e+00
6.994305098926144604e-01
5.645668374292001079e-01
1.132337691130362201e+00
8.790893612418985148e-01
2.921469492384178301e-01
4.721285448666450724e-01
5.269613464251917678e-01
8.685744474787830960e-01
5.260983630781038700e-01
7.538891923819873719e-01
6.122116123419862888e-01
6.276161406689653166e-01
6.013379117335184709e-01
1.111168378500016596e+00
4.089331121818930437e-01
7.548319190927927913e-01
9.826175940180221779e-01
6.997364481938903591e-01
1.230985010402616542e+00
2.039751331389769273e+00
1.206707378603344205e+00
1.441355682573250307e+00
4.951948479549555526e-01
7.753364702724540036e-01
1.681935954092497854e+00
6.460096288833527822e-01
6.131178296576478282e-01
5.948300601356097950e-01
3.320662653476768034e-01
9.443093187284329337e-01
3.913835476069958963e-01
1.270841212932808606e+00
7.896962131291167530e-01
4.647852493378398786e-01
1.416105526175871043e+00
4.438099179250189485e-01
3.407207163534183292e-01
1.735481440761100780e-01
1.549487325746029542e+00
4.285376858861605909e-01
8.171653014412455507e-01
8.301620412109242952e-01
8.266843672935565435e-01
4.627790482317000187e-01
1.975629784720762394e-01
8.446440812170250556e-01
2.095271378554439123e-01
1.230139051548673645e+00
7.858220848732899722e-01
1.179182757722915476e+00
6.463773455429565606e-01
1.963441769129343095e+00
6.863657601241006656e-01
7.126219069073214119e-01
9.906052443968264842e-02
6.336581720563796427e-01
8.552145536275186366e-01
7.045549276184763787e-01
8.560714462037289918e-01
5.684823179063953624e-01
9.997075966122138668e-01
7.413899187591425077e-01
1.406220024686648751e+00
1.269712451792067043e+00
1.436450856784526442e+00
1.185372635970067812e+00
8.896406142017279084e-01
8.552778046024037684e-01
7.860497360073537276e-01
3.037858366382069075e-01
3.468722310431068268e-01
5.119371329651734026e-01
6.426950490004275096e-01
5.151922228610743559e-01
1.031716183554313382e+00
8.584387882420615457e-01
6.000637524757838070e-01
8.681630327222065180e-01
7.029393661794947068e-01
1.028578158360964778e+00
2.858546945628423486e-01
3.494504578904794045e-01
7.939764109245214252e-01
5.873897842537681990e-01
2.962633861364262766e-01
8.103757106120315079e-01
4.638294025035069046e-01
1.337583847254150804e+00
7.174036037229560847e-01
1.263373335788352536e+00
1.310989071526434402e-01
8.384389897107732414e-01
2.923907416877358778e-01
9.041896425265192327e-01
3.759644592517383810e-01
2.015347627319240775e+00
1.723739798011645785e+00
6.224883105619359869e-01
2.118825524089460455e-01
3.388611645793830340e-01
9.283379207109838660e-01
3.809784497136921022e-01
9.448800580161494933e-01
1.343435325519332979e+00
9.926649334202104491e-01
7.010579610053077060e-01
1.286099530889430298e+00
1.388313896485108723e+00
1.633667805527291739e+00
1.065049382360410135e+00
9.055410863345039196e-01
6.859538296857211614e-01
4.408820093734713286e-01
6.778816305841480760e-01
2.039676386049684709e+00
7.312995623372338105e-01
4.945127324339869679e-01
1.154325578804738628e+00
1.573159830352028665e+00
2.138806519208503065e+00
6.365752502975460247e-01
3.700058094381585283e-01
8.301005137348242968e-01
1.584901944644059091e+00
7.920127252031209375e-01
3.748773857026694301e-01
4.841248138365745746e-01
9.465316380461816781e-01
8.860151623289944656e-01
7.546483448581186027e-01
1.033433706901409455e+00
6.496273111179587945e-01
4.585424080972937411e-01
2.343894445787639280e-01
3.887802258066888061e-01
9.344900363642792973e-01
8.393844564345473991e-01
1.411823261151089692e+00
7.988068344841123825e-01
5.227591115264234034e-01
1.412625702364811886e+00
6.696935092521432153e-01
6.713459797141543284e-01
1.162794459337977093e+00
9.569412801633572219e-01
1.701293638068638536e+00
2.376942401276075922e-01
5.238228372112204712e-01
1.225814493532742799e-01
1.445727439015189963e+00
1.020892607842910804e+00
1.198928584935366581e+00
9.985338501053049320e-01
1.320964687698354068e+00
1.631577134965296050e-01
7.710714746551161625e-01
1.154906985702904620e+00
5.796504343975432683e-01
6.814308929164123452e-01
4.499889723806903552e-01
1.624278168350330009e+00
2.897630393365821511e-01
3.178809176392515035e+00
8.559514471610049080e-01
6.048888095852590352e-01
5.645914752414998850e-01
6.847508220979313665e-01
8.650663861517413622e-01
1.320542653088388141e+00
9.445138347337371787e-01
1.290563571956090394e+00
1.353068807487196601e+00
6.943776843535756083e-01
9.125169508586730149e-01
8.314606065711425131e-01
9.308120800562422748e-01
8.369241631125527991e-01
2.214017664779087902e+00
2.898081750276432444e+00
4.401390802738533448e-01
4.416035937365346276e-01
6.541598906914195544e-01
1.016896662593868239e+00
9.049174922500097251e-01
1.403095533389139948e+00
2.224459485080237720e+00
1.670199875785751908e+00
3.183829947885695177e-01
4.256615646380052520e-01
1.014343466037622044e+00
4.295697295704666852e-01
