6.237377073287551088e-01
3.385715222192935969e-01
2.909843719574636278e-01
2.063733065451624216e-01
2.567342328020995046e-01
4.909576995654769127e-01
3.171529432834321316e-01
2.278291600412143403e-01
1.851103186600788486e-01
1.414664123321238420e-01
1.685584386694410353e-01
4.184008730771721640e-01
6.582135748574842182e-01
1.433050997440327434e-01
2.678790961364748702e-01
5.058880466899373651e-01
1.757520097141587745e-01
2.940154272672582114e-01
3.781217775245703794e-01
2.134398251668651048e-01
1.872119907422231111e-01
7.861678016754481968e-01
6.180403546542327931e-01
3.881308195560859708e-01
2.709301216935043888e-01
2.474873971223141567e-01
2.057799311078523652e-01
5.082125416575560273e-01
3.485409157524317902e-01
3.988691194176122723e-01
2.869165809880756535e-01
2.710678814484868693e-01
8.408818786222115316e-01
4.754280325727822665e-01
1.725561229220156922e-01
2.733002939178367785e-01
3.502000834741658131e-01
3.286543737410401178e-01
2.444151552857434517e-01
4.850639783914351133e-01
6.187600122919942880e-01
2.107909045974094009e-01
2.662722369113361687e-01
1.446697263436795833e-01
6.473863949314566657e-01
3.177374760144232591e-01
2.766121044732973711e-01
2.757913402065513830e-01
3.301141573376682459e-01
4.100040345504589179e-01
4.062498334348331741e-01
3.737052735197972653e-01
5.709599235985779453e-01
2.261777073387439552e-01
3.898636140630450941e-01
1.391052519852122304e-01
2.651892944603437274e-01
7.112765143899584253e-01
4.534320627951166083e-01
1.655489881418429066e-01
3.916349304997818193e-01
5.139217261816405591e-01
2.015858081955783643e-01
5.805250392649112801e-01
1.449925561063920287e-01
2.351488776828944693e-01
5.382559371411490545e-01
3.197067307188841134e-01
1.715424564343344949e-01
4.158860668113651404e-01
7.097040669082556041e-01
2.339821939377735582e-01
3.254311338815274457e-01
5.043890151758041451e-01
1.887300089018158211e-01
3.857771540262640020e-01
3.805472596533077123e-01
2.479917317119339493e-01
3.615537104559821691e-01
3.446906019091569018e-01
6.125441757299389112e-01
6.013094009271898743e-01
3.678079810856241250e-01
4.130585920985286874e-01
4.918811783684355343e-01
3.677530039240990423e-01
1.604579701799787317e-01
3.793684097533610577e-01
2.092040533437592997e-01
3.919896651516413533e-01
2.620902129057692265e-01
2.298783797928957429e-01
3.516265176839725726e-01
4.013149558978442166e-01
3.284288547773251965e-01
4.812928404170003782e-01
2.945996494991565684e-01
4.838954926478752361e-01
1.142052749022863356e+00
1.839093808694512167e-01
1.825970673578434511e-01
1.882993972427559060e-01
3.389688578734785795e-01
8.970761188260675256e-01
4.000435639011981626e-01
1.067633062174751374e-01
2.714635637365384602e-01
5.432338471138736802e-01
2.885740049455349787e-01
4.319026432260503201e-01
5.838802610107723945e-01
2.977694571779342936e-01
1.431767625245301823e-01
6.373439286452745600e-01
1.510631373453613646e-01
2.238046283546476778e-01
5.519116096437781671e-01
4.699011460425211451e-01
3.381428118579899444e-01
3.831915269782698030e-01
3.240121640225935851e-01
1.596102279119687439e-01
4.390447437796761165e-01
2.046260335605780412e-01
3.186479980939181389e-01
8.161817212825580592e-01
2.453858519150180495e-01
3.602913188569771830e-01
2.719972142589419661e-01
2.747678466234411698e-01
5.616843295835486360e-01
2.023692799054215286e-01
4.840531288304616986e-01
5.225733955316400614e-01
2.054621842562290024e-01
1.943473583760826628e-01
3.034278384823499986e-01
4.864916840111634944e-01
2.734721998137326637e-01
3.496311285895626342e-01
4.510147642072093732e-01
1.359388006843517127e-01
2.350446314794667202e-01
3.750664330707793037e-01
3.949883537813013157e-01
2.383588999845251133e-01
3.593532451929745131e-01
3.175150948554977814e-01
4.004478676632284850e-01
2.268289136674806195e-01
3.218549272886507273e-01
1.029033520840310634e-01
2.348297315774477978e-01
2.549216145400963196e-01
3.164862456750028863e-01
4.722191756097311455e-01
8.909842068228507328e-02
6.412223836594123094e-01
1.900562637042036707e-01
3.428113134274402007e-01
2.222722030057287246e-01
1.151852692591193383e+00
2.733704856216177537e-01
4.383997388051896205e-01
3.156025118291855835e-01
4.288753701480292890e-01
2.822064584449033853e-01
3.457256761885959540e-01
5.753343504808946518e-01
4.210638476826560339e-01
2.297852535202473678e-01
3.212529418178416418e-01
3.678995995634908311e-01
6.161915147347912791e-01
5.196892773424802714e-01
5.119431893030377267e-01
3.250017298061886328e-01
4.761967304239291821e-01
2.830373058470360137e-01
2.206492031998719960e-01
3.078372670556193125e-01
6.056714024978681055e-01
8.960661231233383317e-01
4.427849203098705999e-01
4.747345942184184597e-01
3.281076663314855812e-01
3.493765491165586323e-01
3.886274986094003792e-01
9.132260561076448457e-01
3.267279905178840926e-01
2.965443355641814716e-01
2.073962929583399728e-01
3.044557549676334407e-01
5.668780417603441757e-01
6.229136886106090287e-01
3.382043972136297705e-01
5.206926619476670570e-01
3.457045348869023926e-01
2.570349847651474673e-01
1.286974735632542277e-01
2.890850978643364488e-01
2.057283117762002955e-01
3.918370391604207859e-01
2.374116754614756242e-01
3.466903847935046135e-01
1.088736775903572429e+00
5.632340333029897117e-01
7.593553117358962101e-01
2.049294711016183823e-01
3.091227359905911465e-01
3.780703348229289551e-01
6.668203967011157030e-01
4.903775795664692128e-01
2.303707501746544706e-01
4.739792665555477846e-01
3.193066977494114500e-01
2.125707697816302533e-01
7.947306895607954280e-02
6.372196159291061424e-01
4.571410665659524919e-01
3.515587789100381721e-01
3.949384271094941168e-01
2.724934649789573782e-01
4.402642725479675723e-01
2.115344530947820267e-01
3.635940696649898052e-01
1.307336733004552443e+00
4.925313433703953359e-01
3.093337170908500022e-01
6.415521977140516974e-01
7.582184723793643499e-01
5.443527683989701771e-01
3.098891004667795324e-01
3.878722528413512949e-01
1.617607313729883256e-01
2.162098834070260434e-01
3.106461883866464269e-01
2.393454196928425370e-01
1.462562473477235225e-01
5.498179398630571590e-01
3.164626132810597348e-01
4.218345487427744289e-01
3.130340147312913324e-01
4.176052318124506280e-01
3.206074975992898590e-01
3.166303311039415647e-01
1.197922729939204511e-01
2.221987670455651542e-01
2.788354814887479272e-01
1.907995643335954616e-01
3.381760342059687563e-01
3.451329733227796459e-01
2.518876107320634494e-01
2.158715038515528484e-01
2.819238534695097109e-01
2.128337522885409561e-01
1.103696119193938868e-01
3.810578218804960282e-01
3.365667947605588406e-01
3.530928282445138788e-01
3.921594574322529447e-01
2.094475651803750504e-01
1.998478065201851894e-01
2.049770944419767593e-01
1.151435776865757238e-01
7.960953802796570944e-01
3.638147239770249119e-01
2.778931677523685528e-01
1.617571001597608027e-01
2.373886203352050250e-01
1.934884727083741596e-01
2.614158322334036444e-01
3.740551599221101364e-01
5.758467541857381633e-02
2.558585525869485622e-01
5.349994648413618492e-01
1.135053056249934050e-01
2.248214257438219399e-01
3.272343100116022474e-01
2.148221733182516802e-01
4.372142608307373890e-01
1.691493373560234992e-01
2.344470342239866056e-01
6.272527053750633075e-02
3.206536514284267225e-01
8.666693437569286118e-01
3.220792253607080435e-01
2.151493324455144018e-01
7.034258359530913829e-01
9.170440424665983470e-02
2.886970828569135339e-01
5.900770021396682941e-01
2.758156144587662340e-01
2.015418939514578289e-01
6.143281424187519990e-01
7.285071758266148390e-02
5.125284834116631272e-01
2.924249608313094773e-01
2.578463752959459510e-01
5.724387575468284917e-01
2.821909122042288720e-01
2.823028779049054360e-01
1.306775845497024913e-01
2.692369169994377476e-01
2.709565217099734191e-01
1.631502816981151294e-01
4.227717750900318872e-01
2.078277968667712472e-01
4.235378044461658997e-01
1.331508880061661182e-01
3.672699876360896454e-01
4.545608271766383157e-01
2.290283478671869266e-01
1.455761716364596670e-01
2.358366679244069397e-01
2.504212461028587633e-01
1.718309720857804368e-01
2.079538520569820803e-01
4.693931613983837181e-01
1.666666912064681261e-01
4.261498669687412422e-01
8.793710452990757265e-01
1.674986859736175837e-01
4.476015955174589278e-01
4.027578169916264800e-02
1.106131212053499402e-01
4.240701392624835475e-01
7.269276182419596999e-02
2.007872910987448800e-01
2.265939838807300433e-01
3.744106179480335972e-01
4.749700897518112641e-01
4.428063936574386794e-01
7.583730171538352050e-01
3.297246856701164242e-01
2.631141845602881779e-01
7.575984005810599831e-01
2.250258933929329408e-01
2.461737428958512275e-01
2.606262164680596127e-01
3.403113105070752487e-01
4.058505253513516320e-01
2.931643921817985721e-01
1.305500824166722085e-01
4.794462964157547580e-01
3.339583034454220445e-01
2.782730887070544723e-01
3.521205916882298448e-01
3.025099527900342311e-01
2.588707367225086542e-01
1.339039682172794288e-01
2.837588743476662789e-01
1.993189264716517528e-01
4.102164997762539067e-01
2.172826221031198546e-01
2.302218308668604885e-01
3.010774561147620126e-02
1.601904961301991448e-01
8.459323926630960000e-02
1.496184856551791009e-01
1.458876143295276817e-01
9.981016256340460302e-01
3.100451549856216849e-01
1.710973909370031298e-01
4.933477618242232965e-01
3.239405947227245730e-01
5.944917832107291522e-01
3.111298045672301060e-01
1.475563749964233229e-01
1.700142459202478307e-01
1.372086256807913962e-01
2.584084962297560906e-01
1.734149526148654197e-01
3.837101139949510298e-01
4.217517062183510079e-01
2.348099556179414071e-01
9.028943722190427845e-01
1.474513879906651503e-01
2.832909025588564722e-01
1.798894980610774574e-01
2.461679354900978556e-01
3.113209072214376261e-01
2.127032239761116328e-01
8.899674306069640939e-02
1.999003451471683401e-01
5.597056251118974757e-01
3.530199203763488280e-01
4.302414263028943586e-01
2.300203396310254722e-01
3.043138811058396787e-01
2.789204754973779177e-01
5.225503791527461583e-01
3.129585852492980935e-01
1.712997412086609550e-01
2.257223773598945604e-01
2.086552480703577073e-01
3.927115433473190031e-01
1.921294779971081945e-01
2.341567155617189089e-01
3.256713659468996602e-01
6.966782371894316706e-01
4.110350911696675769e-01
3.893038566347492568e-01
2.109098844660788896e-01
2.150104022691828320e-01
8.521251450745048750e-01
1.629269930451817949e-01
2.601874390759901234e-01
2.991478002312988882e-01
2.017452457788137532e-01
1.099770427545398443e-01
8.451807306371343642e-02
2.913457987838944385e-01
2.798329431616863872e-01
4.570228282644048234e-01
2.794092811720831904e-01
2.869535670236131875e-01
4.319095900492061491e-01
2.268951543166381479e-01
3.360432635246683453e-01
1.152972328825989656e-01
2.326682151686456090e-01
5.490096540284576943e-01
9.264463227408942236e-01
4.115311501622821444e-01
2.427541877826377426e-01
4.345731158804730931e-01
3.180244742717124873e-01
1.342426735764282730e-01
1.690529666608197035e-01
2.244693797305225003e-01
5.040455066042974774e-01
3.992649345327023980e-01
3.145599866565183533e-01
1.700102455280751157e-01
1.557150250807338154e-01
2.894449426876804510e-01
7.934103241453034361e-01
2.211540517206566359e-01
4.106345746838007127e-01
8.385632418887425388e-01
3.811375731047125237e-01
2.374859161903823124e-01
2.131480116314425632e-01
4.300662472173075179e-02
2.707549370386534426e-01
2.519822475434193576e-01
3.197944520758709830e-01
7.090993636556239821e-01
4.095780136764499146e-01
2.613052300556913954e-01
1.760026093382662526e-01
1.377730709743461290e-01
2.902478547855543156e-01
1.921278713240865410e-01
2.287298821016397199e-01
1.211224075418752683e-01
2.457708689595140272e-01
2.386496488690535017e-02
2.855812242747501339e-01
5.189142454882451627e-01
2.153559436660581750e-01
3.255606951229150225e-01
2.898269911093842022e-01
2.201246595481279877e-01
2.544188996670264102e-01
6.519981923921700506e-01
1.091471568913685991e-01
1.175209812380910851e-01
2.857660933440164808e-01
1.872921057092719888e-01
1.257587130792015562e-01
2.324948164516658089e-01
1.439584211118120349e-01
1.303456074135858622e-01
3.097991172404763738e-01
1.384223614773153199e-01
2.863857353967043107e-01
3.359224508104756146e-01
5.028912560925071773e-01
1.616934420778504966e-01
2.123394102331845334e-01
3.163274716234131256e-01
4.923210182695082482e-01
2.239429442830488670e-01
1.485610265140767938e-01
1.340599100170148938e-01
1.143316737412011452e+00
2.886924429425856697e-01
1.187015303312739523e-01
1.602391664871070931e-01
1.444004832176659925e-01
3.112119954329787830e-01
1.435824916848731647e-01
1.622176554900423562e-01
1.628419188061726586e-01
1.749817031884709495e-01
3.319976125698205216e-01
1.736248838739282152e-01
3.669972512364934603e-01
4.609283925946555116e-01
1.996744654693234644e-01
3.692997983177922494e-01
3.242982007863188798e-01
2.479897740795407868e-01
2.510969622758028597e-01
1.655711033982282809e-01
4.771515027835917522e-01
3.177058442286825879e-01
2.721134726648896107e-01
2.458545012328313406e-01
2.123652325353893033e-01
1.477343059875734221e-01
5.538046181064342210e-01
6.129203510299777724e-01
1.592855430535185524e-01
4.093639123848119010e-01
1.867692317809224734e-01
2.090329752453508882e-01
2.081686431433459050e-01
1.320714144442477200e-01
9.574463713473065074e-02
2.101178734698508632e-01
2.050735471567297352e-01
4.529989785672871028e-01
1.909773022034782219e-01
1.630307931550106504e-01
8.027937268377238755e-02
1.512642327581389945e-01
4.763973671103729490e-01
1.681509649874232126e-01
3.664208375499167780e-01
6.081754222480481586e-02
2.448892951353700831e-01
2.086701983198985810e-01
1.387914175987689236e-01
1.964851351305770266e-01
2.187168591135028595e-01
2.790653401433720315e-01
1.209909595061438164e-01
4.151446464361452926e-01
1.664604270058574476e-01
3.463530686493223043e-01
1.793123807560664529e-01
2.788226646320211555e-01
1.122137884795339213e-01
1.399482452063542659e-01
1.580713609525982999e-01
2.441144071734372978e-01
4.132411516895159731e-01
2.637375537951726079e-01
1.394063698887720582e-01
2.186770163392834088e-01
4.521199021961663789e-01
4.344378085103841602e-01
4.740306203457210765e-01
3.365376038216704169e-01
2.615553221095169301e-01
1.644178955414660193e-01
2.513404063268922517e-01
1.396601831520550840e-01
2.435112757010340911e-01
1.740622694042163465e-01
1.428204819153006122e-01
1.946543679289244322e-01
1.736252966303962197e-01
1.938023596320112285e-01
1.137824287297377474e-01
1.550590469566403840e-01
3.797350344665030297e-01
2.921629392466764674e-01
1.624804230821359496e-01
2.334857464229184443e-01
1.573102264052288757e-01
1.440335446401071195e-01
1.075965937760138130e-01
2.026392729818749794e-01
2.979551597248980555e-01
2.047963499149396127e-01
7.659554349906344539e-02
4.404168646194649428e-01
2.143904845630609790e-01
1.892663082001573016e-01
8.890023775191907562e-02
1.820657783605900970e-01
3.658432811170772569e-01
2.047798238679393867e-01
7.808386506430723406e-01
3.054668911030968270e-01
2.481271068177741956e-01
1.863565825360254113e-01
2.496313678469048725e-01
2.112764142781123899e-01
3.493690504200539504e-01
4.031447477928742362e-01
1.749062563210260768e-01
1.923983616032079458e-01
2.046396572765841193e-01
2.421068507867536468e-01
3.310526679863315391e-01
8.086995869642001067e-02
2.422561870058191347e-01
1.802612238956447788e-01
2.262031479318051541e-01
2.086425617212550598e-02
3.901569083798495097e-01
1.509579754986450917e-01
1.895158791242506635e-01
2.973932777642856462e-01
2.351225585881252800e-01
2.330180694810360942e-01
4.276835334343937478e-01
4.642223185148066644e-01
3.433382001823245266e-01
2.657486257132901653e-01
1.692492077365038150e-01
2.306035312737212684e-01
1.273368570248698539e-01
3.639814258075165232e-01
9.931181159795859914e-02
4.164079765739804317e-01
2.545661045347452078e-01
1.213293674278740908e-01
1.838796462024288314e-01
2.227360508818458928e-01
2.000018974064937949e-01
1.477915190618138697e-01
2.242125231109003136e-01
1.052430600392708637e-01
2.017804266378417921e-01
4.508865571737044609e-01
2.075554337234280788e-01
2.762263615950835138e-01
1.210269483860180045e-01
1.949526501391757038e-01
1.965127275963958475e-01
3.816886773336075067e-01
1.356809212046247159e-01
5.732679269825053936e-01
4.936921729354748489e-01
1.527630752430304828e-01
8.419575201289886124e-02
2.307686384045413430e-01
2.715883589309931456e-01
3.631018371856853388e-01
2.530693685279306049e-01
3.358410016784725283e-01
1.216625810418150710e-01
1.761766931399398606e-01
1.724629473548410230e-01
1.699995920235961022e-01
1.470542292356459557e-01
1.693540998756549731e-01
2.910764189708318628e-01
1.664457391502576211e-01
2.565956964856704881e-01
2.872669562871134064e-01
3.078769994315406211e-01
2.333307343412883705e-01
2.451686962865147756e-01
2.192764540068476986e-01
2.329770640921658142e-01
2.304312789634814507e-01
1.968226470011913420e-01
2.446079788445399694e-01
1.141582910926667305e-01
3.806785056315257765e-01
3.438641808934919664e-01
1.581561650263100804e-01
1.399122981665881782e-01
3.621030706659026932e-01
3.559733221356953803e-01
1.880308091630326639e-01
4.152304833145106788e-01
5.378354392873886392e-01
1.880920438079357326e-01
7.283931535529103440e-02
4.422588749804048369e-01
1.189843081825567722e-01
1.880003743139062600e-01
4.579981314434635187e-01
3.110952783521139797e-01
3.297963317640688063e-01
3.943711174098588623e-01
2.485873006729885371e-01
2.774935983839152964e-01
5.177260780269654639e-01
1.419021002459021075e-01
2.044713561225937337e-01
1.873414077862085025e-01
1.870282939504657460e-01
1.544106753326262016e-01
1.475534153545919602e-01
2.150704786264533153e-01
5.271634966913740783e-01
1.307004065086370681e-01
3.013211354416448495e-01
1.139736975649220246e-01
3.853680347349788815e-01
4.184260671729162495e-01
1.620879570844204198e-01
4.009047405906528971e-01
1.292259665822639292e-01
1.731699666522522052e-01
3.068804333962365516e-01
7.492644706892004347e-02
2.669045052867044521e-01
2.273821462032372676e-01
3.044503880165038145e-01
2.826507225050688410e-01
1.577654424637177366e-01
2.472241479777143314e-01
2.932175312430055913e-01
2.833718023145739284e-01
2.168129793102074876e-01
2.375002057390286081e-01
3.926401404951289087e-01
3.089982580308543447e-01
3.260666145351517886e-01
1.944928783258213223e-01
5.865268096559171640e-02
3.257911587246978269e-01
6.528299637541581379e-01
2.533437899428560569e-01
3.355505503402719247e-01
1.266729965403845248e-01
2.093101298127889032e-01
1.633970156491719450e-01
1.723370659018420015e-01
2.626250607674523452e-01
3.471567601518766866e-01
2.995490361651422240e-01
2.064275016287861197e-01
3.762588461143323015e-01
3.756147184157237473e-01
4.434553996488826977e-01
1.083902218546428375e-01
5.397846725059272099e-01
3.949221023005318187e-01
2.532400160641566367e-01
9.994037976096542542e-02
1.694738011287602597e-01
1.283170465091887646e-01
1.947071175289269984e-01
2.274489177248319172e-01
1.705968421165781901e-01
1.808617282842135965e-01
2.772498348999180573e-01
8.463168632963412319e-02
3.437707098827236241e-01
1.285731398894360000e-01
1.505104069058141314e-01
6.783458494073605349e-01
4.607060023809140259e-01
1.969484403319398946e-01
3.030115988816992068e-01
3.033373912217383062e-01
6.494993467702629975e-01
9.065468710817689013e-01
2.298927603901445293e-01
2.553657365726821893e-01
1.960310706134507641e-01
3.390911106203955416e-01
1.809983070456317178e-01
1.844857658657520771e-01
1.863960865056711602e-01
2.308358892519527805e-01
4.143260134262230499e-01
9.999158897911832045e-02
1.045907707028795874e-01
4.784103017989870810e-01
4.349564015724093347e-01
3.122778578567689256e-01
1.786008508438424180e-01
5.214223987696459117e-01
2.000517238479757876e-01
3.554382997106969033e-01
3.995830905487449125e-01
3.885568281207566477e-01
1.865266530195287542e-01
8.552162308392485812e-02
2.840153783145069610e-01
8.947853002610610396e-02
2.973396404132935822e-01
2.497385782367610441e-01
1.439768096393055641e-01
2.234876719200498962e-01
1.286319251496028937e-01
2.690311982916685496e-01
2.998894842167044716e-01
2.016658073357895375e-01
2.609809836503363401e-01
4.988845830061230391e-01
8.110804947668519282e-02
1.128861056663959528e-01
1.562729768567751865e-01
2.911142663507366724e-01
4.466940876400699589e-01
3.378630065145321604e-01
2.875287610962090623e-01
3.172032444268423901e-01
1.339013615138376634e-01
2.594831184241843114e-01
3.512034848289984912e-01
1.367967483124050698e-01
3.740410464138166913e-01
4.270377107008482831e-01
6.177900036414422091e-01
3.116335726955177243e-01
1.476617982027338405e-01
3.946615008536372149e-01
1.974276155235201169e-01
2.614399078273954569e-01
2.659708968796601347e-01
1.809191709964473038e-01
2.243324572090190372e-01
1.776226631253300381e-01
6.196489756681541339e-01
8.918562937214268294e-01
1.476958696362653811e-01
3.302927926776220713e-01
2.213681702030659282e-01
1.966090029737261879e-01
2.004282223367681026e-01
1.841888402055924245e-01
4.051574769888544036e-01
3.764843423903198039e-01
1.544359242375930030e-01
3.672542206296173228e-01
1.663907872670903620e-01
1.830474271155607124e-01
3.731372778527730083e-01
3.591312804591975105e-01
7.090087604075284711e-02
2.429944247554204628e-01
2.668714016980152648e-01
2.587628696932299244e-01
2.607704333199055147e-01
1.863592452964265844e-01
2.338985475486386467e-01
1.450173259818886007e-01
2.900852878025053094e-01
4.313416285400286099e-01
3.033278159163751986e-01
1.873189715323447802e-01
2.162706068189492181e-01
1.931537587609017115e-01
1.004168976652016765e-01
1.043877563258182317e-01
1.997885576932568463e-01
1.020995118132223822e-01
3.957171442495934777e-01
2.654831544809112542e-01
2.405153021615487052e-01
9.714556086302224280e-02
1.232456446797459276e-01
2.012710500104159805e-01
1.167210293539225202e-01
2.734255780676141945e-01
3.851519534393532118e-01
4.783626228875666464e-01
1.464563312650639937e-01
3.306471880553931153e-01
4.711821109012192532e-01
3.211225789920414964e-01
7.111332451206207883e-02
8.466938459406081474e-02
3.817260221231101314e-01
2.532612007598134540e-01
2.171988776542286004e-01
2.838749623671004696e-01
2.165423088604391533e-01
5.047760942153145525e-01
2.757209616793439566e-01
2.200399085957288614e-01
2.141249618222809126e-01
4.481542868115802047e-01
3.836347928888421133e-01
2.408531877755342443e-01
3.983358092621713253e-01
2.044494440234593813e-01
3.284422109289346081e-01
1.211740374260669856e-01
2.524724408105344375e-01
1.740780641922227423e-01
2.375152761845382432e-01
6.321176357773921062e-01
1.100005780128021637e-01
6.731751687713960486e-01
3.236045438389266726e-01
3.093626694682806155e-01
1.408660980787336814e-01
2.772119612979992986e-01
2.621708980799280497e-01
1.280222151356245619e-01
1.621252385014062825e-01
1.923240488820938121e-01
1.788164791077190563e-01
3.582438445944423067e-01
2.035115486631528248e-01
1.999866250965473546e-01
2.894917441837828731e-01
1.855399028788098093e-01
2.607278992922636984e-01
2.095128718725783878e-01
3.188833749965147013e-01
1.913332913875513130e-01
2.514871927928185036e-01
4.854158315831826331e-01
1.266796192556329248e-01
4.685957414947606314e-01
2.574018050526261647e-01
3.804615645950607528e-01
1.191866661268926458e-01
2.146716498391598449e-01
9.526642729750367522e-02
1.855790103632062593e-01
1.833908883055912487e-01
6.242269847996108068e-01
1.095330556532988081e-01
5.760811571511190721e-01
7.863485969525228769e-02
3.505393005100778669e-01
1.789074348159150896e-01
