1.669639007242707862e+01
2.416862672459427586e+01
1.951178298186056281e+01
3.314048272591789157e+01
7.338412212913212329e+00
1.073424973495382062e+01
2.500620499129961161e+01
2.464650476286077918e+01
1.941066065032414656e+01
1.093864757346109684e+01
1.534583686509354550e+01
2.347173703963812841e+01
2.259486858373234952e+01
1.777282368820377201e+01
1.312239734027895111e+01
2.195395831025290789e+01
1.917482809881757078e+01
1.846809940418309282e+01
1.233675667776991247e+01
2.536212446126545217e+01
1.448611744147686409e+01
1.159671215022785873e+01
2.704369621794456435e+01
2.346527394883192130e+01
1.486924123375443685e+01
2.317017568849328768e+01
2.255339437738382458e+01
8.749444765986638117e+00
1.247225064152907237e+01
2.711387292362105939e+01
2.950064385912916265e+01
7.314044050675661879e+00
2.181091297411551011e+01
1.742501327570518299e+01
2.358051768106918189e+01
1.064354662175051658e+01
1.714459377306710053e+01
2.305770631900232104e+01
1.749217606229700550e+01
2.395045793715439686e+01
1.614981046061569714e+01
3.096140928138937909e+01
2.600754030489269297e+01
2.456676905635471542e+01
1.280714900809821444e+01
8.083805941698145148e+00
7.272873613641593238e+00
1.568070151150922698e+01
1.634081944670754183e+00
2.147721790368693462e+01
2.798525352338577932e+01
1.831299485235308566e+01
1.948892953275725404e+01
1.173208534029964767e+01
1.680923875141554902e+01
2.712427528943396737e+01
1.637658920559692888e+01
1.571744677682356439e+01
2.449832990434528313e+01
2.701438695864430883e+01
1.546819255893706213e+01
2.549434848851899460e+01
2.036366792395968162e+01
1.161777218240931120e+01
2.547812482237335985e+01
2.159709705892343123e+01
1.683955831057966179e+01
1.523039456160968541e+01
1.722997120748796362e+01
2.159026308577113440e+01
2.023692770655168260e+01
1.746249856354678087e+01
1.344806677758910496e+01
1.175335781331224894e+01
1.820475079882741909e+01
2.362496921553646700e+01
1.863271932264468944e+01
2.488174049625241935e+01
1.687921321586387080e+01
1.734397172361643413e+01
1.820313857193745832e+01
3.549412776692042826e+01
8.935906465092656958e+00
2.113444239894235466e+01
1.679707593185199244e+01
1.047572241594438935e+01
2.273523318113164748e+01
2.328387685187713885e+01
1.907785085465748409e+01
1.830577959917673780e+01
2.200816438004661535e+01
1.619837387642559179e+01
1.881908196595254879e+01
2.331059075075953047e+01
1.633576691650667101e+01
1.970862045792247841e+01
2.757588021268661294e+01
2.616311490037246301e+01
1.638898920830682471e+01
1.612089095401280758e+01
2.266067776107006182e+01
1.581481052151666233e+01
9.092758815123971772e+00
2.124102195985688013e+01
1.759013095153126471e+01
1.525662163715225006e+01
3.361343252694960881e+01
1.599411218935136958e+01
9.480373650156138865e+00
2.847598483429094074e+01
2.463425496491446154e+01
1.835802410728028633e+01
1.612345980121635591e+01
1.013897982167857492e+01
2.115981422091532238e+01
2.974921154814671809e+01
1.044135121926527177e+01
1.363253144005450679e+01
2.244502121168930131e+01
2.819947795889007125e+01
2.351055351946043004e+01
2.026317800848264028e+01
2.330039985403513469e+01
2.376273220708486633e+01
2.524808063934755609e+01
2.894442918559997224e+01
1.459039279575979720e+01
1.614228114042708739e+01
1.050817541755111506e+01
1.617353682732071718e+01
2.119788860790526996e+01
2.481470638416821828e+01
1.619594336256926681e+01
1.407205099213126687e+01
3.374240524037772104e+01
6.815505815451579963e+00
2.958414893947481517e+01
1.548605312841820592e+01
2.703075076189443848e+01
1.580595160988501391e+01
3.254636646393828414e+01
1.009235797024197723e+01
8.825479604275159318e+00
1.529794741296261407e+01
1.906543576466695100e+01
2.038348486080826660e+01
1.408648518990825949e+01
1.172092797920647911e+01
1.817751136128412526e+01
1.437858651024824042e+01
1.775287691357344499e+01
1.978332199726742147e+01
2.643921680088968174e+01
1.892837477631473320e+01
1.910777793259244106e+01
2.006226052939116755e+01
1.520354083663052336e+01
1.816593205916788634e+01
1.619900302044517559e+01
1.910146218723949119e+01
2.938326201350525935e+01
1.864113193810445068e+01
2.162928994781752579e+01
2.116748965003424132e+00
2.155040281600945207e+01
2.098994160873766646e+01
1.692388953220745407e+01
2.503256904975928165e+01
2.352186862960580527e+01
1.711046724044915379e+01
1.955060841107017922e+01
2.552522318804062706e+01
2.994702002666366525e+01
1.963589506442365007e+01
1.512534938188237277e+01
2.820537727790046745e+01
2.182076833042719244e+01
2.234281343736881809e+01
2.505951341739543636e+01
1.880749628178163846e+01
1.646436501709885647e+01
1.792884222270518535e+01
1.195750621757058241e+01
2.684602565317961620e+01
3.050595993864209277e+01
2.647055166532794601e+01
2.333907604987659568e+01
1.454190003396797692e+01
2.047276912486557876e+01
1.914695113974388363e+01
2.450786932482516534e+01
2.133558385231843602e+01
1.651882085455164884e+01
1.526105227328874747e+01
2.438751454042967026e+01
1.514211467861048988e+01
1.706977326192462385e+01
4.013378853948964320e+01
1.915007790701903900e+01
1.452835529135012393e+01
1.463046237003827343e+01
2.099103690139970979e+01
1.955391885830620424e+01
1.294687117209944915e+01
1.514938392839144399e+01
2.556854679115845386e+01
2.320321924116292678e+01
8.529617198456605820e+00
1.647448957282406923e+01
1.176332080557378390e+01
2.442562417820249010e+01
1.958550845807906171e+01
2.317015369043646444e+01
1.615239468759325803e+01
2.128282297491611530e+01
1.342448547472814369e+01
2.093465710241746791e+01
1.703661135443583419e+01
3.052654532090695483e+01
2.286529308444230679e+01
2.030329271937770841e+01
2.451120808796042638e+01
1.490801550452251689e+01
1.459364251608548102e+01
2.729528598801672956e+01
2.614346935819435203e+01
1.897147404573107821e+01
1.826777693509722411e+01
8.209573003777919098e+00
1.122440105600628613e+01
2.352098476542809635e+01
2.439383664111801409e+01
1.135153875293720205e+01
1.744774686771552297e+01
1.930525658623454888e+01
2.906547018939397020e+01
1.562557190156247344e+01
1.464093643303512238e+01
1.534658647584632263e+01
1.796960301133238147e+01
1.128154523541485332e+01
2.164962150608467084e+01
1.972243417381330488e+01
1.819954962557093125e+01
9.682458050607550604e+00
1.907243778175417503e+01
1.496595203914755245e+01
1.213426671215718500e+01
2.062131007482296496e+01
3.025846030368361994e+01
1.010235968690587072e+01
1.956162346377034567e+01
1.565281344992311574e+01
1.699971227083545955e+01
1.348183159336409176e+01
1.756921930415607846e+01
2.038236283382948955e+01
2.402860065036883697e+01
7.791437399007122622e+00
2.277939418424784890e+01
2.273231045137930550e+01
2.010436775135285359e+01
1.494175601407889076e+01
1.119550832000474827e+01
2.461842058071896133e+01
1.275465175331811452e+01
5.795375429322525918e+00
9.954714339787344102e+00
2.255257777386340479e+01
1.987169143561783358e+01
2.892312027273470676e+01
2.116868132237084410e+01
2.720375690912651123e+01
1.126852470422683439e+01
1.821202820020675972e+01
2.113400528498024045e+01
1.923748680212972317e+01
2.145634295863477803e+01
2.355856001457098614e+01
2.766057356698235026e+01
2.355644884295874419e+01
1.583642512267012847e+01
1.623753457901469233e+01
1.852697445846507662e+01
8.013572778059369739e+00
2.826341869206191149e+01
8.868097762373082560e+00
2.221663915526686139e+01
2.022258582907969071e+01
6.365404801195779783e-01
1.505296962623197032e+01
2.505950336586079175e+01
2.656414583579888244e+01
2.556896225124317112e+01
1.683410520730369342e+01
2.490095119661435774e+01
1.685204588727698649e+01
2.196138239827800476e+01
2.639165343375591988e+01
2.167529675072950113e+01
1.683583658743198441e+01
7.089740376137271483e+00
1.104591302745376424e+01
1.235209698974274772e+01
1.265814563557576378e+01
2.286815225398458296e+01
2.311010245876460090e+01
3.500861429325033214e+01
1.331365014763593990e+01
1.301600683211894705e+01
2.666522674213248223e+01
2.510069657206031479e+01
1.914226551905830576e+01
2.594023114340581770e+01
1.988932024382621933e+01
2.693184699631763124e+01
1.515634628064762524e+01
1.950116551633522022e+01
1.731923862037395168e+01
1.844119523588591392e+01
1.852962785157460246e+01
2.501815114647749283e+01
2.477239292107813640e+01
1.005868834979928295e+01
2.379535687634732710e+01
1.697227237708182201e+01
2.050279265171294441e+01
2.410157460428274590e+01
3.120619545087197366e+01
2.148596070011639370e+01
1.654358819210104059e+01
2.471554089980394053e+01
2.486902872357210015e+01
1.346578518890635223e+01
1.917537616229560626e+01
1.307618759551317567e+01
2.231630684922461683e+01
3.058626476453455467e+01
1.876050405829473533e+01
2.043019919940491036e+01
1.783315281328597735e+01
1.996586170820059181e+01
2.066402344485858578e+01
1.467739311251195033e+01
1.384248178772142523e+01
1.664188972646071818e+01
1.396091433111398317e+01
2.824618529369810460e+01
2.308566403939882150e+01
2.284183788594823739e+01
7.824484124154864162e+00
1.662663616084992668e+01
1.629357056984071050e+01
2.014685559700988904e+01
2.089263692833652897e+01
2.110500826711630395e+01
8.911926086706969841e+00
1.479893675166694322e+01
1.876657689241496030e+01
1.324409368582624325e+01
2.758056497566367682e+01
1.363694015724738762e+01
1.999103919502005766e+01
1.645230070448860715e+01
1.176759185062351776e+01
1.326622788687167542e+01
2.748698036956720614e+01
2.796669802466540489e+01
3.054809650305995206e+01
1.456461782011379569e+01
1.812893121939433172e+01
1.867578489284969123e+01
2.126220381609434185e+01
2.436576157799910902e+01
2.909194508650107025e+01
1.730324441543550051e+01
2.226047789671031296e+01
1.745137018051143230e+01
1.951511070810424542e+01
1.611027348750263144e+01
2.015732340143805601e+01
2.912869448906957359e+01
1.773590772917468428e+01
2.115355952021603514e+01
1.703002299910511397e+01
1.444850568813042457e+01
2.126515684766088299e+01
3.425832787855929240e+01
7.598879169741209694e+00
2.344071262498431452e+01
8.983154719916299769e+00
2.614145255177662364e+01
2.190397154504065469e+01
2.249593780000633814e+01
1.866066644937158969e+01
2.874878616886974925e+01
3.938349933682533788e+01
2.322844648651157229e+01
1.582938058179605889e+01
9.814866104502875999e+00
2.664759926416897429e+01
5.656986710841309218e+00
2.201701416270459788e+01
1.877156237425107577e+01
1.380713190153461767e+01
2.387241291505962693e+01
1.883905401781148470e+01
1.430814198491839306e+01
1.049530518700488813e+01
1.624618372877836237e+01
1.959672795415997371e+01
2.714770769365072312e+01
1.604707752670245213e+01
1.963873318259734901e+01
8.925465302741145024e+00
2.048044297218631016e+01
2.231517547550434699e+01
2.507882926117787292e+01
7.410728169565530266e+00
2.369979875188977303e+01
8.843075845897033105e+00
1.985347972014864126e+00
4.084822078048873095e+00
2.758531882314964889e+01
2.031960573531155489e+01
3.195526439388321194e+01
2.093841017775206126e+01
2.233425520229326366e+01
2.855143877604989200e+01
1.296123310742986234e+01
1.476109280504110188e+01
2.583822507462632956e+01
1.804766895349285960e+01
1.921015797064002584e+01
1.604736809898838601e+01
1.674677377926214206e+01
2.152851407682452844e+01
1.010978935884914165e+01
1.137963010207243997e+01
1.704011549303821482e+01
1.827427149882512936e+01
1.776684325971596934e+01
1.272360941335361417e+01
2.201505508330428995e+01
1.153692413684444773e+01
1.614711961715057242e+01
1.717919031778866668e+01
2.325222044707417979e+01
1.531867526137646962e+01
1.338517433036892612e+01
1.344810517641020908e+01
2.737728983927137705e+01
3.024477033350507327e+01
2.505566185536650892e+01
2.303450166402630828e+01
1.295429078618927576e+01
2.356236911930560041e+01
1.632948320222733685e+01
1.723494933562713527e+01
2.152352287230239369e+01
1.868346147218890252e+01
1.831622663279108565e+01
1.410178029623288154e+01
1.570081744859934503e+01
1.542188390135744669e+01
1.217053302108841706e+01
2.093329259001095011e+01
1.676475832197612448e+01
9.850971647607735804e+00
1.487421196114219413e+01
2.074540879573049779e+01
2.084520753709752228e+01
1.460155106985629203e+01
1.655463400631431625e+01
1.446846994038529033e+01
2.251193350401744908e+01
1.544316141219761107e+01
7.969087355326038846e+00
1.140947638990812152e+01
2.310092094798127249e+01
1.678573482541442274e+01
1.785869073972492771e+01
1.227660458189264148e+01
2.678201441368230462e+01
1.898514904258342995e+01
1.721478014266144640e+01
2.460016307427590476e+01
2.035785348946117779e+01
4.986440784574540430e+00
1.427196788948226924e+01
1.670485488188936074e+01
2.515372712007936684e+01
2.133889515178643137e+01
1.691984040316238236e+01
3.419280398493434348e+01
1.841153681908821227e+01
2.334175211467736233e+01
2.407761758116338058e+01
1.051470246272658926e+01
7.462168197990877161e+00
1.190017919933897872e+01
2.124722856344563837e+01
1.398960115106211788e+01
1.092105251282457345e+01
1.296093834119982091e+01
2.093590234409170847e+01
9.172458288106511759e+00
1.775509981425847172e+01
1.141150397594367405e+01
1.980820667334432983e+01
9.669410115946064366e+00
1.079044630702857432e+01
2.667519184238214791e+01
1.487544405437220973e+01
1.640976429678546822e+01
7.490260205281131789e+00
1.787576131373810995e+01
2.299897260145731082e+01
1.017210832480574112e+01
2.256729310872468375e+01
9.737700428851141510e+00
1.854861982758878014e+01
1.728618559764605322e+01
1.285741347289945224e+01
2.873204199042645257e+01
2.804825357058157920e+01
2.421058771232284812e+01
1.518552807004730454e+01
2.071687754830835360e+01
3.265399206146162214e+01
2.128020989671418306e+01
3.006511982436671815e+01
1.209273672126890631e+01
9.598098924981485425e+00
1.515546866263116499e+01
2.091248845576978965e+01
1.744358507181551943e+01
2.113151709157548908e+01
1.823924614576441883e+01
1.199546254884231189e+01
1.787159424794404572e+01
2.062296477462292188e+01
2.052492411875515188e+01
3.316543393726167466e+01
1.867979866842332370e+01
2.029376490694552615e+01
2.024253406819583745e+01
2.455423267990732938e+01
1.793136735050134689e+01
2.128921922716055093e+01
2.400064614101893312e+00
1.623566136487266931e+01
2.163802775085709129e+01
3.242098902783267533e+01
1.541362765661355638e+01
5.974818547945346836e+00
7.332177502628368870e+00
2.393804516401183236e+01
2.150705576516307360e+01
1.815191434807618975e+01
1.271594768361924110e+01
1.841927688030266097e+01
1.942906550026616941e+01
1.890124059974009185e+01
1.425463106750926556e+01
2.350588776553759374e+01
2.449165930586823947e+01
-1.391663428421367144e+00
1.856408870232220920e+01
8.960726330945533391e+00
1.704606929539521332e+01
2.900866769707124604e+01
2.396453146884255148e+01
1.515690352636229932e+01
1.344127756844090271e+01
1.387034916430226161e+01
1.863781030254856574e+01
2.144217583075195677e+01
1.695687862062764850e+01
1.605430687937693790e+01
1.506587420921492537e+01
1.757351695101017697e+01
1.552005887116941807e+01
2.432514262199558885e+01
2.530341892127847814e+01
2.226794030653574197e+01
4.761217267268406772e+00
1.863653638845295291e+01
1.702688632510387379e+01
9.025354956378620841e+00
2.604669999001148994e+01
1.652846127989177205e+01
1.902272698095674741e+01
1.837932590909792907e+01
1.629159026015025802e+01
1.548295343897963505e+01
9.295594576298171319e+00
1.010924835640426522e+01
1.398123747363327141e+01
1.204802956668834213e+01
2.221773812184143537e+01
1.482552289440941706e+01
2.303009302439643591e+01
3.087958922306422949e+01
2.317904979197696491e+01
2.474031919170596439e+01
1.348632665291890476e+01
2.978016644633062526e+01
1.077160065438822301e+01
1.400474913775393304e+01
1.628582052958563509e+01
1.327580354127509565e+01
9.667521142604826423e+00
2.595528681365567536e+01
1.547764544692250865e+01
1.346880409574799842e+01
2.715270202331376481e+01
1.155475394615750417e+01
2.439388909120684445e+01
3.399607203335466465e+01
2.943053558100498890e+01
2.327953164377737494e+01
1.780094906137659905e+01
2.219781303870619382e+01
2.375479698115839255e+01
-2.068054122822360341e-02
3.030304079958233388e+01
1.979275921325123022e+01
1.489141260502142927e+01
8.255635425491306023e+00
1.955251996788128110e+01
2.164025367133521627e+01
2.399623724768725452e+01
2.302286630354669228e+01
2.345283783945048128e+01
2.692143606718724413e+01
1.087190135521100842e+01
8.080682221213535854e+00
1.006213656162314862e+01
1.870470422009589129e-01
1.898822034565898775e+01
1.842254700391588784e+01
1.812619572086150299e+01
1.530547625447842108e+01
1.977082166720037293e+01
8.065051692482981593e+00
1.964848627315119245e+01
2.889564460018164738e+01
1.985572346787023434e+00
2.223952409599039015e+01
3.127259670455417506e+01
3.009311715068632509e+01
1.196033007228730582e+01
1.603586650721220508e+01
1.939599705028565779e+01
1.806515045933399222e+01
9.369415234889288513e+00
2.008513412567013745e+01
2.212757792419895964e+01
1.250960277014630151e+01
1.879257324147253883e+01
1.695891292270357553e+01
3.934933212536066094e+00
2.500207472105049078e+01
2.538710098043901553e+01
2.443488346944702982e+01
2.898350387416618190e+01
2.033351035669058859e+01
3.299389083751636065e+01
2.006816993064833810e+01
1.017834906024994268e+01
1.266048818960859990e+01
2.540756849637362791e+01
1.117732244902228445e+01
8.707721823517147186e-01
2.211895020278469559e+01
2.572331751832824409e+01
1.170739894116863411e+01
2.525889333608679976e+01
2.125718087278542612e+01
1.900871565445496003e+01
2.669628754559158068e+01
4.401094093272142516e+01
1.985395471053372773e+01
1.115601530147044684e+01
1.596210889435512570e+01
1.563101617130718068e+01
1.867489764859439560e+01
8.768599129772240985e+00
1.726575407890173608e+01
1.589428833972671384e+01
2.265304397193133923e+01
1.953396737320920806e+01
2.195964963458749253e+01
2.663544037383370267e+01
1.075560293331656680e+01
2.785804693205056282e+01
1.781608252210345000e+01
2.296338375923247810e+01
2.116473338768044243e+01
2.829463862527605045e+01
1.831482067754343745e+01
1.561619700930171462e+01
2.689242469274996949e+01
1.270680774312091899e+01
1.690096593494584454e+01
2.342161759799877530e+01
2.430356339755167028e+01
1.391540776869098295e+01
1.417085903011256676e+01
3.274363269333275639e+01
2.731453454997729580e+01
2.365126251664321444e+00
2.173569767425161103e+01
1.398812339059111309e+01
3.190406412254219504e+00
2.618541700912928150e+01
1.967867397955200204e+01
2.346092040748328600e+01
1.587462993376232134e+01
8.101864675767586732e+00
2.487690107166707776e+01
2.058000702405486493e+01
1.685716039232090679e+01
8.677194096005052870e+00
1.088781274629397444e+01
2.869611329927543864e+01
2.658159970675430372e+01
3.167567602398383997e+01
1.816123486237721352e+01
2.023904796936673733e+01
1.797632852556694161e+01
1.393403927378572860e+01
2.216165640203227838e+01
2.056898436792940998e+01
1.035212756114314914e+01
1.425585776424274798e+01
1.048847812798243240e+00
3.153097171426311718e+01
1.868860063276633809e+01
2.243756178812735413e+01
1.939222824019016400e+01
2.502493393065175553e+01
2.601221823550777401e+01
2.280382188171719804e+01
1.638433679768664319e+01
2.678151340894039834e+01
1.874147256648384996e+01
1.626620021176101716e+01
1.831606537177259497e+01
1.762324211060020929e+01
2.195526078177638851e+01
1.982278264287353409e+01
1.905367976783003314e+01
4.969467316482649721e+00
7.178470506540904239e+00
5.767621232154965583e+00
1.827509739013684253e+01
1.954117941743874098e+01
1.574168536489857217e+01
1.834836344982240064e+01
2.112837892012790064e+01
1.429223989492059843e+01
9.360590054182651443e+00
1.234268966200910711e+01
1.868196376231001921e+01
1.491262123064323930e+01
2.039307886021570226e+01
2.690460908707314758e+01
2.623585108570375724e+01
7.277003344703345533e+00
1.832567221337799879e+01
8.873186055305779973e+00
1.835548796767929502e+01
1.372025108388295678e+01
2.038209977408307338e+01
1.777158000469817978e+01
2.611640497014552409e+01
1.953073946068096944e+01
1.998564727706818189e+01
1.851707059955025159e+01
2.043482128978693879e+01
2.260715951938463775e+01
1.564897502273520047e+01
3.103689429912343201e+00
5.536637318339288072e+00
2.228878374842917509e+01
3.097600598059344179e+01
1.128023562867336693e+01
1.565400620051591574e+01
2.152340972295290555e+01
1.838294489947566746e+01
2.075204684519603404e+01
3.059841438879210784e+01
2.574387980223666261e+01
6.933532836289060697e+00
2.001613032060919295e+01
1.014214703374440774e+01
1.261681066578248078e+01
2.521990618210070068e+01
2.574430456328440897e+01
1.823616576526249844e+01
1.487607692758224687e+01
1.764917632938333725e+01
8.262945166673759445e+00
1.673753150726489025e+01
1.329552072556863607e+01
8.733397604744808973e+00
2.007773662598284403e+01
1.461047123117717206e+01
2.542435950170840897e+01
2.142470007538466348e+01
1.315959089193124498e+01
1.654566964440451216e+01
1.683363583878302450e+01
1.968229214497883106e+01
2.535246089913778889e+01
1.337678617262348268e+01
9.948625915160462796e+00
2.393217995351697169e+01
1.487666050905250614e+01
1.525528177462645374e+01
1.550070271002687861e+01
3.240410537328305196e+01
2.274408290891200579e+01
1.881513882281961969e+01
1.785339595711037930e+01
1.287365516324423709e+01
2.018272406735235336e+01
2.604150146376984765e+01
2.113393594909928908e+01
2.398212407614059316e+01
2.121433463857928814e+01
2.752723639532439392e+01
3.246921602066770163e+01
2.749537512484745605e+01
3.834610986494742235e+01
1.345023726933531805e+01
2.797087856415978280e+01
7.047616844603098230e+00
2.123584182991166358e+01
2.090465534181651464e+01
1.766588275508426875e+01
1.958498093475653690e+01
2.196900187407186422e+01
3.472798363482916528e+01
1.765738475197692026e+01
1.985522460060811056e+01
1.825347266006043867e+01
2.736763837099577756e+01
1.994086494919883989e+01
1.008383060200154091e+01
1.497615027016982481e+01
2.673915994822499442e+01
3.468156001325314719e+01
1.553165817450182828e+01
1.978028595304995463e+01
2.412395424424084922e+01
2.388860534196284391e+01
2.146041413979232715e+01
2.464332649571777267e+01
2.042475859879692734e+01
2.625681203882987802e+01
1.109501585841653082e+01
2.327708181567148671e+01
9.633864266799051279e+00
2.623399451190570630e+01
1.228630867239326108e+01
1.538012434834405440e+01
1.228072639865436599e+01
2.435485875724447880e+01
1.437540068214265432e+01
1.672063677888398558e+01
2.329900448948049529e+01
2.914582215276935528e+01
2.452952898367495038e+01
2.190160566874764214e+01
1.262161331359914129e+01
1.285568140511906421e+01
2.419102046000480044e+01
2.756951548042874123e+01
2.574633589080955431e+01
2.352626905726569362e+01
1.651039016580152463e+01
2.375162954792804726e+01
1.622213900225403904e+01
1.568589907850018506e+01
1.699950113263619755e+01
1.111270759161757837e+01
1.272504973193011324e+01
1.938253634214366627e+01
1.078326333578565510e+01
2.809241076514923918e+01
2.862200805720068786e+01
8.931952616115069077e+00
2.761952280800101533e+01
1.722765270961875217e+01
1.855310345615889389e+01
2.055352835600170636e+01
2.923248527329981528e+01
1.967244008536432887e+01
1.965938556259420267e+01
2.009048934406691700e+01
1.425171613565005657e+01
1.843108837658729726e+01
2.301836487319908287e+01
2.294470843281744976e+01
2.406035265616598906e+01
1.457622023341593831e+01
2.121115351365565971e+01
1.692151387657874295e+01
3.155732057199300300e+01
2.919204823196125176e+00
2.273102719803442540e+01
1.263666292805058333e+01
2.893595321628478700e+01
2.082536126257986098e+01
3.037002609418118482e+01
2.501426834467313398e+01
1.673584052163572267e+01
1.097467753372349364e+01
2.303102806692379545e+01
2.435180144688531811e+01
1.917939481591673712e+01
1.840016355981527596e+01
1.756809869590591688e+01
2.576367236740090050e+01
1.614654011353657381e+01
2.468488086695032280e+01
1.295614554428102849e+01
1.007491873167409580e+01
2.823743422168164585e+01
2.023287644944462471e+01
1.522823505331663085e+01
1.818018450730430402e+01
2.384000729705778099e+01
1.496356767478631866e+01
2.210368401857815002e+01
3.586694917635354329e+01
1.778365954179466257e+01
1.492617633559109436e+01
1.646267330870409751e+01
1.673335441027759884e+01
1.698283131436469517e+01
1.638457835360969028e+01
2.239986789041668658e+01
2.105528691738096825e+01
1.960209701977489516e+01
3.742397511479066452e+01
1.427157738332594761e+01
2.556760630407028145e+01
1.405873049505855477e+01
2.916456730423931276e+01
1.703570016526676056e+01
2.174563666598108824e+01
2.425114672358517964e+01
2.534560752669459305e+01
1.395887452204724610e+01
1.911332709398773488e+01
1.517924894869075558e+01
1.045950906007232106e+01
3.096599738915652011e+01
1.843965544151508595e+01
2.463406836898444396e+01
2.181993383159502997e+01
1.881241512971911334e+01
1.120500088166303954e+01
2.867515360685682424e+01
2.051594869145930033e+01
1.956930392121081042e+01
2.809574682190481099e+01
2.536604921805733426e+01
9.475843120252918084e+00
2.828417239335658451e+01
2.401949583145992051e+01
1.096488883440562034e+01
1.985741470598199498e+01
2.227375601026483309e+01
2.019707135450531155e+01
2.538644741003770378e+01
2.141133474901221234e+01
1.555970370320349616e+01
1.420761930060321276e+01
2.947436453602867346e+01
2.262053435361529807e+01
1.756416676737626403e+01
2.847521528511531130e+01
2.298995713924603024e+01
3.081476575017969566e+01
3.140782930765324465e+01
7.353541575164513233e+00
1.580928666625197820e+01
2.381997402617517423e+01
2.369132510062497943e+01
2.004266307766995681e+01
2.070843123286610421e+01
2.452310847004802952e+01
2.161765050786115694e+01
1.471050172272731515e+01
2.042637006799346011e+01
1.869092275742731601e+01
2.242874582343954870e+01
2.280183824350510235e+01
1.606529739829041148e+01
8.832769520847293165e+00
1.648475913399244064e+01
1.022065295920253902e+01
2.701729957674791649e+01
1.905533138851673414e+01
1.864728183835012487e+01
2.173110009806256926e+01
3.077014703029579579e+01
1.896686438685379983e+01
2.358693625796263404e+01
2.532416194356437700e+01
7.346938092347500060e+00
2.256835580661989127e+01
1.868004488374427297e+01
1.734605628832326829e+01
1.193778253003243606e+01
1.989642820616182917e+01
1.871562570361252398e+01
1.350022388005179153e+01
2.096184178543605015e+01
1.705172281379283561e+01
2.063572105799548240e+01
2.216030908967481139e+01
2.080418595318234765e+01
1.997687172482129370e+01
2.205621627170425825e+01
1.429487895778346740e+01
2.038685195327454380e+01
1.638828369403518082e+01
1.931766242285907964e+01
2.174382282217332829e+01
2.641008327348539808e+01
2.964804982666709066e+01
1.775354630627764152e+01
1.311202770449440891e+01
9.528580814442065616e+00
2.151786245134427134e+01
1.543249065299021083e+01
3.172224575761639187e+01
2.558298393548358263e+01
2.410420703603598724e+01
2.149491954599314170e+01
2.514908575040142580e+01
1.825110209321961463e+01
1.840854822100442334e+01
1.544265775289900944e+01
2.420392333915883398e+01
1.533903797880720532e+01
2.386494000055190412e+01
1.088861797532177889e+01
1.960025485927003785e+01
1.406734889460899751e+01
1.131598598976292891e+01
1.245746000479562099e+01
2.522797406864611958e+01
1.450969651582395414e+01
2.265865391199507428e+01
1.082170282256583960e+00
3.736523263581311483e+01
2.080843186212478457e+01
1.057169334954667761e+01
3.061940138854973270e+01
3.218204362895679083e+01
1.647371488805292472e+01
1.760744841939148841e+01
2.413697418226809788e+01
1.367037347657545610e+01
2.086593684240072832e+01
1.283845186251548398e+01
1.521878342811252338e+01
6.116973063102001618e+00
2.151210502103542410e+01
3.145251481641489022e+01
2.210119794860183617e+01
2.362448216535917567e+01
9.795409247268111130e+00
1.460005580954162241e+01
2.325029684561521037e+01
2.037471312720261807e+01
2.747346919243059915e+01
2.744427059755346932e+01
1.296086274387131709e+01
7.688142416858752881e+00
1.413540126610352843e+01
2.543452903416168454e+01
1.304642104017786153e+01
1.478642904878404352e+01
1.659482864579038619e+01
2.212589547222891895e+01
1.942951940856910653e+01
7.733215457235232293e+00
1.468170852827688577e+01
1.508312126388473473e+01
1.648337058530023569e+01
2.698662798249374362e+01
2.224986184765873531e+01
7.727352567586919463e+00
2.285580801413453855e+01
1.136833759106157515e+01
2.547008910331088316e+01
2.141604008489774458e+01
1.982108217392755023e+01
2.319540488513973742e+01
2.130999218924847582e+01
2.116136500288138222e+01
-6.396997631980781307e+00
2.120283507062444528e+01
1.711719904866700404e+01
1.733455169293560516e+01
1.767251601968310126e+01
1.411038787927047622e+01
2.350613372944982871e+01
3.073741322482327831e+01
1.291707360981152419e+01
2.495721955133829795e+01
2.013589234981843390e+01
1.547736779997421763e+01
2.125115875548537758e+01
1.297245565531262912e+01
3.097381021506960508e+01
1.554293558476300774e+01
2.020945336211137544e+01
2.108008481985598337e+01
2.961793325222794238e+01
1.377008618664639528e+01
2.349127140423047422e+01
1.930509915338097926e+01
1.368682211319446651e+01
1.383083754711955748e+01
2.221764724511765365e+01
2.728928253205161525e+01
2.261494408267856215e+01
5.155507491746561755e+00
2.407168913773139707e+01
2.114913458170143201e+01
1.362131456692294762e+01
8.436988260936765016e+00
1.875945535799289132e+01
1.154080658682163119e+01
-6.884262826605151986e-01
2.366841873300801069e+01
1.446652828428801740e+01
2.627113505884051392e+01
7.826248537808069727e+00
2.342851494180858651e+01
1.675577313352386000e+01
1.420660446240117381e+01
2.296314036605092213e+01
1.648183864925351827e+01
2.299479061807343783e+01
1.513731251415592283e+01
2.762793224733907493e+01
5.515025330127855341e+00
2.216237315200801561e+01
1.798696111488123961e+01
1.727888804284506818e+01
3.089073187947327881e+01
2.793858768787045221e+01
2.712596515312004186e+01
2.421119345529156419e+01
3.454667027599269602e+01
2.071064600855876847e+00
2.163765806381802292e+01
1.943619334722706071e+01
2.646816314916372903e+01
1.241204373719415344e+01
2.373342962288907643e+01
2.453939234520662893e+01
1.168671278777505051e+01
2.074418985530583370e+01
2.444207012674032597e+01
1.837165856106562956e+01
1.978751956264912337e+01
2.320426251896220293e+01
2.255122140596699865e+01
2.118251324202979902e+01
2.886086150559630426e+01
1.763484603897357061e+01
2.063187989618550944e+01
2.188620276605118420e+01
1.925273451555962367e+01
2.305868040537944808e+01
9.239123773309046328e+00
2.357287937177534332e+01
1.195894355686101562e+01
1.526631234176547025e+01
2.529108918846110043e+01
1.572248860584553398e+01
2.103570124578435241e+01
1.858597705615048312e+01
1.543260218447707643e+01
1.404775810869267616e+00
1.723172224876731207e+01
1.333145066345991836e+01
1.343431219568898882e+01
1.612947616397502770e+01
1.682903547483857665e+01
1.210745990624367607e+01
2.230505855787787084e+01
2.366867596365241866e+01
2.544135072977795176e+01
1.535467057385240963e+01
1.446796164792377226e+01
3.028159788769653460e+01
1.605447465727654333e+01
2.344100479793547720e+01
1.326663745714399312e+01
3.048746142567890161e+01
1.843981819600186611e+01
1.386521081354415230e+01
5.812158646205119794e+00
1.698657219865769008e+01
1.811404856188498513e+01
1.367108793971135583e+01
1.635194284187281966e+01
2.159380303698168291e+01
2.125978327576494564e+01
1.819374203588164107e+01
1.477383522827692275e+01
1.635553955520283864e+01
2.657001505932676366e+01
2.058838771595333839e+01
2.798706749182873921e+01
2.026422616578030045e+01
1.422634524205969342e+01
1.769713624688994003e+01
2.714246223936623892e+01
2.355544383349378279e+01
1.747876713507862689e+01
2.358869918266428556e+01
2.430633497823413336e+01
6.001059944687547443e+00
1.454737576881494476e+01
1.962914076812910480e+01
2.178889620825114548e+01
1.495018876211007353e+01
3.122623843339698624e+01
1.672761033517772944e+01
9.269388374500280747e+00
1.619872723786522783e+01
2.238293886360371232e+01
1.983983554595309329e+01
1.517818316829669101e+01
2.223239347165646507e+01
1.840029587394528221e+01
3.287021975113372463e+01
3.450243105125520060e+01
2.011012235023967776e+01
2.760074047189369395e+01
1.340408164975883665e+01
1.631028499920850550e+01
1.330799632765520357e+01
2.321961467259113476e+01
2.007522392820891355e+01
2.345066444126346283e+01
1.630271433027213845e+01
1.918316124620384500e+01
1.402348440438936450e+01
1.935087772492716596e+01
1.514308693825405783e+01
2.398803318682476515e+01
1.363657685449295087e+01
3.061773255623118928e+01
2.240721625681386797e+01
1.799647286968596660e+01
8.947438321655354798e+00
1.634351993478583864e+01
2.070901817365302122e+01
1.896362715595773807e+01
1.507470083803080740e+01
1.813580196274421041e+01
2.085723881383755440e+01
2.447821608253484271e+01
9.025984647287046414e+00
2.418619181546461760e+01
2.104473961799021708e+01
1.159280563490573002e+01
1.828257883801595085e+01
1.836396393637686231e+01
3.023205658526120487e+01
5.354253651996572216e+00
2.102313256372994488e+01
2.160204018113434188e+01
1.291573147277635769e+01
1.049954197150529467e+01
1.830809455307686306e+01
2.497772310940363383e+01
3.070026080649331846e+01
1.501133745543016573e+01
2.437078334311459571e+01
2.339717250966187123e+01
1.572728544182285759e+01
2.851441221079313948e+01
1.694653249371540227e+01
2.000766541988011937e+01
2.368809636934176410e+01
1.904796860616882981e+01
3.164052650967458646e+01
7.805439495946913553e+00
2.218430020134148606e+01
2.297360456384741667e+01
1.720844701601306781e+01
1.105084799107969218e+01
2.638535095652862594e+01
1.463439341411660166e+01
2.342225804343691919e+01
1.506612050142783232e+01
2.587510853622933382e+01
3.408492884116834887e+01
1.565406449992818239e+01
2.087902363827497254e+01
1.869908253234277140e+01
1.959797692421540205e+01
7.366944239536493910e+00
1.115077233817490310e+01
1.768849983038015239e+01
1.519790688302669679e+01
2.793630938387886431e+01
2.171798198927650958e+01
1.718817481192105845e+01
1.828436768033606796e+01
2.147260294188941998e+01
1.514210276777200193e+01
1.493493635314028722e+01
2.612244223636896834e+01
8.180954163409268176e+00
1.547233847740572799e+01
1.485663321485598942e+01
2.203957280603242452e+01
2.183619887718526797e+01
1.384247015794316837e+01
1.516270396536417309e+01
1.630089892356289738e+01
1.660179432124928667e+01
1.247109799304314492e+01
1.026444653629916104e+01
1.999575769571940498e+01
1.727122931900056813e+01
1.051962940135379654e+01
7.223073590206951167e+00
1.113786785241869381e+01
1.809228700663029343e+01
2.818288498062220526e+01
2.715978124301722119e+01
2.229227303715572361e+01
2.169206310684303673e+01
2.259763586642478117e+01
1.602347411137762379e+01
1.763371264863941690e+01
2.425787463969967206e+01
1.366187754365898854e+01
1.357211229622009796e+01
1.283716608713406515e+01
2.054935273844762378e+01
1.497193715479906473e+01
2.602196269731597056e+01
1.342995159112385295e+01
1.548008943891933598e+01
2.267070764554728868e+01
8.170818448471493411e+00
1.343719632483525572e+01
7.176190552718040294e+00
2.749418327547559215e+01
3.108240160844140121e+01
1.869405087503980667e+01
3.505071834921060514e+01
1.755971692842828702e+01
2.431664124989751485e+01
2.139654315193905632e+01
1.153655630965039336e+01
8.104080021870053940e+00
2.510060082323344233e+01
3.062784445319987014e+01
2.595882147664889317e+01
1.719478632596371170e+01
2.375000441522406192e+01
1.080453265706991317e+01
2.474973286440108922e+01
1.050909518913294960e+01
1.452053263104559733e+01
1.122034403692398996e+01
1.976580983975416927e+01
2.392497585799668514e+01
8.369376188202153344e+00
3.025601714662725783e+01
2.192295641395634220e+01
2.102605475614767272e+01
2.880180058653559882e+01
1.544827425131501286e+01
1.323510365979730352e+01
8.076068889134333517e+00
1.360273155591902849e+01
1.841810006711496328e+01
2.096172634639306409e+01
1.853903939314297844e+01
2.079340678300341949e+01
6.037333529664621778e+00
2.180369312905806112e+01
2.312922333839476607e+01
1.999523283513393324e+01
1.479226858480073759e+01
2.984055795600200156e+01
1.457363642294825468e+01
2.950366613067875221e+01
2.399664811296425171e+01
2.475285160203183921e+01
1.561664691648039138e+01
1.672829710060980801e+01
1.545107449534943100e+01
1.507336588837791425e+01
2.375696495237395567e+01
1.855797831721486091e+01
1.816507705818566620e+01
1.175666381146731965e+01
2.599767973246692065e+01
2.073978770128684346e+01
8.143065984266328883e+00
2.384167481814477441e+01
2.130598283580785335e+01
2.376196347087678618e+01
9.006407752222834517e+00
1.155424512245964763e+01
1.428083214736301443e+01
1.091621348742594932e+01
1.627051518980907474e+01
1.753962351682440612e+01
1.725911131626833139e+01
2.089537322154006915e+01
1.739618672696747126e+01
1.166181530257473753e+01
1.331282597067736617e+01
2.037205337775604619e+01
7.374186843196540053e+00
2.077433021646758249e+01
2.477605916383642182e+01
1.232381248000562124e+01
1.210007570094215623e+01
1.821853667507378560e+01
1.795341186794611588e+01
2.085857960219814800e+01
1.965038861086138411e+01
3.028084440770716412e+01
2.292488472239786290e+01
2.433608814979164947e+01
1.997718697755503570e+01
1.303494604956664205e+01
2.749263328371069548e+01
1.763423554506282187e+01
2.456324895188439683e+01
2.087594851206378621e+01
2.415591876652405290e+01
2.274803484988541413e+01
3.512667653884157914e+01
2.137990473465900010e+01
1.306461105061165995e+01
2.431620021327488246e+01
2.585661906205524474e+01
1.959257624702144085e+01
2.074708683375882146e+01
1.821979010762403561e+01
2.571434599967719237e+01
1.102968341529808072e+01
3.803712735700656822e+00
3.085384854440199831e+01
1.112976195287738790e+01
5.531366871371645288e+00
2.151232932449713076e+01
2.488761208712952566e+01
1.292672390571279095e+01
2.088730746742680822e+01
2.313241087933731421e+01
2.091555970060701952e+01
2.323544572985768752e+01
2.560867121951385883e+01
1.967457648374718815e+01
2.874052647949305594e+01
3.170493271173236849e+01
1.463164171192433116e+01
2.450544575277783110e+01
2.945640971661418916e+00
1.248103673895151644e+01
1.139683317738396795e+01
1.268631901271511708e+01
2.029972594139749731e+01
1.621504068451535829e+01
1.234987425811812045e+01
1.586463130900669682e+01
2.124520188665569265e+01
2.221527770782802946e+01
2.585897576064341763e+01
1.908854920674446021e+01
1.902768068318611938e+01
9.050391080149466916e+00
1.337912387018303662e+01
1.009102110473010327e+01
1.112662615576796554e+01
1.670081929139301735e+01
1.450902248394802996e+01
1.519154416833054455e+01
1.981525525891835571e+01
1.691545804235711614e+01
2.733682939671208345e+01
2.313198081988145560e+01
2.195110296293526631e+01
1.431875183949387065e+01
2.055390601262075734e+01
2.437092468152781066e+01
2.543778486250752024e+01
1.229299450528277760e+01
2.142542088799110900e+01
1.018030686027040588e+01
1.289127069281109073e+01
2.584375677843170394e+01
1.782276628924681461e+01
2.004104376882827410e+01
2.773724213772399594e+01
2.208282260451358781e+01
2.477628416421519830e+01
1.619897002568605160e+01
2.609500968317701108e+01
1.641956084128452886e+01
2.064906418838534563e+01
1.023845406767716781e+01
1.760371055136694451e+01
1.135769914679697479e+01
1.319746140232302878e+01
2.742018833564632985e+01
1.477925596287282417e+01
1.216171418410049654e+01
1.959321403869353873e+01
2.911656111409166670e+01
1.601143132587381501e+01
1.099472197389274442e+01
1.843538680585511003e+01
1.557955336662455181e+01
2.011118761533052179e+01
1.954031287556730945e+01
1.923205752502543930e+01
1.717469517289408998e+01
1.327495851573857522e+01
2.908133216847710401e+01
1.697600675352920518e+01
1.441220010846025446e+01
1.844792465285750893e+01
9.178741595947272458e+00
1.765512453161761641e+01
1.568504430774795821e+01
1.034909203343690365e+01
6.191687192546510232e+00
2.766489181238858919e+01
2.344502883498752510e+01
1.400955925168138094e+01
1.891943337287577265e+01
6.471220511158236377e+00
2.242280366242959389e+01
1.261458013319899862e+01
1.903018985095442162e+01
2.179399010778313084e+01
2.270429643128564123e+01
1.592157120046852015e+01
1.685792068599411664e+01
1.938081474713219876e+01
2.351525018797465805e+01
2.592453836441430326e+01
1.442068943731000985e+01
1.853445295329201770e+01
1.296317455063299917e+01
-1.934321350364740510e+00
1.978750749405123344e+01
3.189525914938781170e+01
2.417221829885518503e+01
1.988549799849715782e+01
1.449823181619024126e+01
1.822393948824704069e+01
1.583941940927169867e+01
1.772955095418659255e+01
2.587194946984601529e+01
1.746000865446720240e+01
2.531091883045703383e+01
1.436767997627271143e+01
1.483134317739590813e+01
3.011712194429463807e+01
1.936336303426560335e+01
1.295250626817610851e+01
8.697714963922038578e+00
1.796356526482601623e+01
6.028745238186644428e+00
1.124211980746507322e+01
2.460406002492496924e+01
1.027038548472353341e+01
1.459239754482418050e+00
1.596447243987722686e+01
2.635117697905120338e+01
2.099978995133746196e+01
2.016563837874446108e+01
6.458387361433125307e+00
1.740929170483381938e+01
1.812423930316202814e+01
1.884800184738618611e+01
2.987159286537048075e+01
1.581725676504419198e+01
5.327575087513110930e+00
3.106903950062213937e+01
2.619979896210574566e+01
8.057268474714476270e+00
1.824567548657381622e+01
2.140494490653406956e+01
2.469667111163033724e+01
1.521773148861848313e+01
2.103190541375470701e+01
2.082874625150854087e+01
2.715585130311511364e+01
1.489862366946368866e+01
1.440652262291176555e+01
1.397625478129108956e+01
1.441187705585856804e+01
1.457076360114068336e+01
2.169118737973050770e+01
1.241028974628763137e+01
2.007913206402831463e+01
1.418534147964976455e+01
2.955603630436479534e+01
1.681272975641511636e+01
1.582224153057218530e+01
1.335763087832242491e+01
1.581497435994353395e+01
2.290062823297096628e+01
1.763750464440602173e+01
2.356975326040007701e+01
2.341928018300370695e+01
2.543150354538857982e+01
1.116949578729881409e+01
1.770380835432700906e+01
1.992815565391637733e+01
2.539922651213387894e+01
2.138341691004598744e+01
2.189252353546966390e+01
2.478947290425966798e+01
3.055607948206348112e+01
4.285074387094226722e+00
1.070408240880912842e+01
1.792731135253758623e+01
1.225082246942567110e+01
8.316222323024902607e+00
2.853221016504205920e+01
4.333960707882589247e+01
2.174667890309282825e+01
2.075574216515121861e+01
1.642951042761967528e+01
2.244556507730638373e+01
1.007163013893337222e+01
2.941326314547750087e+01
1.966044986721897914e+01
1.180598760832729965e+01
2.263722817999000370e+01
2.172801880671161712e+01
1.464740962001843627e+01
1.680515245687921322e+01
2.189668957216129286e+01
2.414769218619431967e+01
1.452259997402168779e+01
9.002497434654088693e+00
1.305177775587253564e+01
2.022495254698986855e+01
2.543411208240132027e+01
2.139083238710567514e+01
2.822549251470715603e+01
2.417631286542502522e+01
2.235132340787767191e+01
2.021196305851185571e+01
6.381199952091790806e+00
1.443279914173426448e+01
1.460596079091764921e+01
1.422914984045513620e+01
1.610632681097311547e+01
2.558007166010565925e+01
7.544657165926011544e+00
1.426255048840225470e+01
9.814264037967049603e+00
1.758489990698700467e+01
1.872461027864197547e+01
1.656868860082585115e+01
1.345430480623257097e+01
2.902741438798067009e+01
1.352739860252551551e+01
1.714185791142720916e+01
1.703328177174078917e+01
1.963874094948948112e+01
1.138166754045879969e+01
2.167735802119140942e+01
1.658577726865473778e+01
1.344689807805677617e+01
2.433302171618719001e+01
1.847467914705189429e+01
2.180469902541642568e+01
2.539081052015502848e+01
1.813906926713099210e+01
1.645950909902489201e+01
1.673969933703153146e+01
1.332830114612075079e+01
2.198154418612804761e+01
1.730418239772211564e+01
1.350386188262426401e+01
2.056900286871206163e+01
1.794752749464461061e+01
2.046527200243119182e+01
1.288464103174675301e+00
2.273644960700012518e+01
2.945849684471976104e+01
2.667608389705565486e+01
1.182216100843686490e+01
1.656363155415597532e+01
9.000555418083138193e+00
2.335147340616019562e+01
2.295579857934502854e+01
1.706318242493026816e+01
1.713879092807147231e+01
1.751882000176891552e+01
3.876789346512921952e+00
1.560330703072592939e+01
2.430135460980099538e+01
1.515758215102762563e+01
1.537975124282159101e+01
1.990968900393916385e+01
2.854003337173785582e+01
2.297171566190120018e+01
1.811154585879229728e+01
2.186070162860703192e+01
1.768392416044536475e+01
3.351379513794368137e+01
1.762078222081490253e+01
1.540825193537710902e+01
2.771566513428614087e+01
2.891887296664675944e+01
1.661439420307030446e+01
3.163796720759415848e+01
1.641302494874516071e+01
1.970709282433669784e+01
1.725583575161449090e+01
2.737192577598399623e+01
1.978772285073330295e+01
1.731577119307851831e+01
1.904002718467135225e+01
5.739113095295678590e+00
2.410834858425643290e+01
2.070455287798146315e+01
1.174150329229560441e+01
2.071610700829096174e+01
3.356127310765963045e+01
1.055942537805222514e+01
3.744500599614261205e+01
2.634716017707867763e+01
2.082433184935055692e+01
1.911694172684775594e+01
2.250487626448806111e+01
3.290242350374689551e+01
1.809649892618148215e+01
2.559656309575294131e+01
2.554690753989466145e+01
1.747828940508037476e+01
1.506295472355752452e+01
1.960705149419028714e+01
1.349900849097823397e+01
1.229034951511879115e+01
1.696125498025840272e+01
2.149163009991434592e+01
1.550731694330824695e+01
2.083938371894140573e+01
1.215417093921888636e+01
8.393944867349915739e+00
2.269873084881102443e+01
1.029300437209374763e+01
2.322573366529425698e+01
1.564375671286000369e+01
1.597842856593510419e+01
2.657900527389639933e+01
1.814975330144135057e+01
7.538004984116867035e+00
2.100434983616640494e+01
2.141837574399495026e+01
6.990152791312510772e+00
6.261913601966128340e+00
2.338345442106519556e+01
2.188743271229857612e+01
2.186286286390314615e+01
2.913929979770762202e+01
2.511771450055398702e+01
2.140547042577162529e+01
2.789917776550507966e+01
2.478655842614620042e+01
2.598366271693770813e+01
2.078836132323559127e+01
1.138454207340438984e+01
1.701964986710285643e+01
2.132134739641278998e+01
4.819650982466995970e+00
2.263945206283069922e+01
1.084159840821695298e+01
1.948723087296265533e+01
1.359392653762590442e+01
2.425947259710230242e+01
1.437547353105406955e+01
1.888534861528714259e+01
1.436450357222499719e+01
1.795672356167154504e+01
1.717649738344077548e+01
1.196404096814869433e+01
2.075916303702008747e+01
3.258346682788598514e+01
1.814994356266996078e+01
1.298552275483062601e+01
1.780973241527334494e+01
1.745588616790081460e+01
1.436052253357087238e+01
1.213417907401733942e+00
2.039835242708355167e+01
1.225493469749517317e+01
1.624369506666025131e+01
1.445931419799752149e+01
1.540661734433518859e+01
1.208447358528012217e+01
2.793420618669634337e+01
1.474673409111598232e+01
1.767370653579433082e+01
1.748057332706109435e+01
9.611205999269287759e-01
2.111955124726695487e+01
1.452496926630265506e+01
2.539243125148817626e+01
1.090424772079015270e+01
2.410714731242977393e+01
2.748248838165282848e+01
2.044697355915806014e+01
8.547599986502262936e+00
2.000273482177554740e+01
2.247413608631058679e+01
2.408487562263641735e+01
1.713839871771511980e+01
1.397707966930731516e+01
1.464551808173160907e+01
8.127993732001087324e+00
2.259995688214817733e+01
1.883877783635532666e+01
2.290486570498269003e+01
2.133473917263950881e+01
1.820045787162135298e+01
1.222965554718436465e+01
2.278390268217935954e+01
1.916527123957756373e+01
1.810039730207164155e+01
1.447306056718732492e+01
2.257243282941493590e+01
1.458408646863722424e+01
1.149900648196867792e+01
1.615378571105449623e+01
1.770931590890569396e+01
2.393970004601484902e+01
1.722031383382662995e+01
1.866669039452876433e+01
1.394254090495718401e+01
1.532824094046038965e+01
2.607532212192313636e+01
2.386569767320462176e+01
1.731768125593203678e+01
2.264557242706004558e+01
1.688250879913253755e+01
9.749057720087542123e+00
2.031201351401297472e+01
2.554962268968709793e+01
2.606604569254795223e+01
1.673409643906589395e+01
9.674848518232010974e+00
8.033971633818836722e+00
1.089467703642994678e+01
8.876854520693200357e-03
1.476424887736197888e+01
2.060117621578457658e+01
1.954432453093852473e+01
2.409164232304723896e+01
2.781797208518153752e+01
1.933913574637990962e+01
1.935228325218560030e+01
1.777185967252512455e+01
2.380273793051398457e+01
2.807086096340751169e+01
1.620140744370549868e+01
1.768181428046833048e+01
1.530116179843727764e+01
2.121877785645280312e+01
1.536796459207401711e+01
1.480779856202762801e+01
3.809036150143882082e+00
2.518947927487572969e+01
1.049072252649331460e+01
2.960193270554650979e+01
2.024178783177771379e+01
2.487894837933160375e+01
3.401095361057723210e+01
1.838784842468754022e+01
1.515523942777340949e+01
3.094563956910436531e+01
2.408733143148604938e+01
1.482450545737418679e+01
1.478803166623156073e+01
4.933769782523796721e+00
2.312791270493693219e+01
8.131840506124973444e+00
3.303928433147108734e+01
1.862954763377990730e+01
1.292378103271288126e+01
1.693763203243855742e+01
1.681080395389656701e+01
1.203987549087987929e+01
1.211272841932670019e+01
1.103872513238269448e+01
8.265368538369685325e+00
1.970468920868488283e+01
1.346093729043678877e+01
3.169419518466979468e+01
4.308501789290886563e+00
1.008025825902082317e+01
2.249104318815345493e+01
2.856369652265568959e+01
2.304881393237160125e+01
2.076132316199505112e+01
2.542264759699307319e+01
1.112581032898465594e+01
2.178533637907041509e+01
1.738021782643261304e+01
2.186106069065936452e+01
9.804415376095185763e+00
2.940931115568280063e+01
1.344226685523005926e+01
2.115173788873256910e+01
1.306397176188208675e+01
1.763915010018921237e+01
1.499099579411785044e+01
1.097937027681946631e+01
2.283799678556938062e+01
-4.336537731423646846e+00
1.128055203140294083e+01
1.568517610405530149e+01
2.204979409719679495e+01
5.377520491019524229e+00
1.219645038813757765e+01
1.385831164622314304e+01
3.649609645550277293e+01
2.302740991067871335e+01
1.150740653741658548e+01
1.780408162041162967e+01
1.453286822203554607e+01
2.111898259576902603e+01
3.000367211952561064e+01
2.933919871573623794e+01
1.422768754171192995e+01
2.746600267813813190e+01
1.524193968793773024e+01
1.860352762579476860e+01
1.571135596213398600e+01
2.393330698890187591e+01
1.371011173746556722e+01
1.117005788654964249e+01
1.178797322539956838e+01
1.198868659681122040e+01
2.749746575747113297e+01
2.865856128333658859e+01
1.835179467642649342e+01
2.249087788887503336e+01
1.782433156764427196e+01
2.825557385229194551e+01
3.465193476497333336e+01
2.695930360422005378e+01
2.894291367367103618e+01
2.314232690451225949e+01
2.964754760217591922e+01
2.144264013724382778e+01
2.007334004661615978e+01
2.049385398834510852e+01
1.733674067181271994e+01
1.610490991288612150e+01
1.859412273155391659e+01
1.993809579847001601e+01
1.413198058761014408e+01
1.594690898884739738e+01
1.603811795423537490e+01
1.243093985771174204e+01
2.050857730439636839e+01
2.407082300424950461e+01
1.239339026268667254e+01
2.613795228192861941e+01
1.336880020612271380e+01
1.931432265846633811e+01
9.162841196956009071e+00
1.269545029550295112e+01
1.612292597283791906e+01
1.573002689537193532e+01
2.468895172071711386e+01
1.090030045595108277e+01
1.774341984023595842e+01
1.454844808213013607e+01
1.129040144308652316e+01
2.659093034641756503e+01
1.716151195491998749e+01
2.162495142070316234e+01
1.140006608994843873e+01
2.221991959316555665e+01
2.238479530702664988e+01
1.648314209657290519e+01
8.437384436975534641e+00
1.536142718609404767e+01
1.478902168534439454e+01
3.184789622935865339e+01
1.155726589014403061e+01
2.729386461188482826e+01
2.344534709105051462e+01
1.528909490147667327e+01
2.223383825274634518e+01
2.151291537705859014e+01
1.960040057150242632e+01
1.264968650438348163e+01
2.422453629958213384e+01
1.228858351332294774e+01
1.443632899317574925e+01
3.718349277870937186e+01
2.329193066683379243e+01
1.575582998220811248e+01
2.028708438267376835e+01
8.243165784727807477e+00
2.610563920436970875e+01
1.893992994765190474e+01
2.379790714688610365e+01
1.595303187229643527e+01
2.080479238540989684e+01
1.849458191260158912e+01
2.587740824503931236e+01
1.581004214540608643e+01
1.214817359965650212e+01
2.602128404951043450e+01
1.877854569702907384e+01
1.521330049411824348e+01
2.429419475825996244e+01
1.559841121235209016e+01
1.553417442411888771e+01
2.232436227114619953e+01
1.362098869173904347e+01
1.354727398294031104e+01
1.287148170440030981e+01
2.896366762729401501e+01
1.250745380401403395e+01
2.490602496185216808e+01
1.802046204691275477e+01
2.193465176221464219e+01
9.809507261251553700e+00
2.808366234075452184e+01
8.792154839937850852e+00
2.211449316176285862e+01
2.138417946663227553e+01
2.163042468983071842e+01
2.081736441553356087e+01
2.276605687746090467e+01
9.144486359864202996e+00
1.782057130579062232e+01
5.631852371327937590e+00
2.273768308759460410e+01
2.211636310080925227e+01
2.032611437246805508e+01
1.205414533934309418e+01
2.757666667308343733e+01
7.620088920125880350e+00
1.916005315230547978e+01
1.728333212253346574e+01
8.365961953969289766e+00
1.607137505063601424e+01
2.244554022878838140e+01
1.660393652479086768e+01
1.802348918107625053e+01
1.659469956013137448e+01
1.350362046813478401e+01
1.281603964988737232e+01
1.696981909077112505e+01
2.394537477375857293e+01
2.180173717817285706e+01
1.308497344003851026e+01
1.856358159665870744e+01
1.720365896118002524e+01
3.312643941681467652e+01
2.693387554566204756e+01
2.846304869397901882e+01
2.630901526705803661e+01
2.321597809927460787e+01
1.542713920426570695e+01
1.126863245549547798e+01
1.991059941902933872e+01
3.113017862692403526e+01
3.420170102539205459e+01
1.379023791665626675e+01
1.525173296090189723e+01
2.419683671000278480e+01
2.091871612262507085e+01
1.658330504419869555e+01
1.497923783463825487e+01
2.394075644193131325e+01
1.165463440180685950e+01
1.867956596877365882e+01
2.526331372656423468e+01
2.569138425680218063e+01
2.030831822094379646e+01
3.664427090434601553e+01
3.468869610847073659e+01
3.757141814264640800e+01
1.900839817756487093e+01
1.336233287948428483e+01
1.593520251202605209e+01
2.307574750038764222e+01
1.255465459707394871e+01
1.856325055064785090e+01
1.454136815716586284e+01
1.906891301324161248e+01
1.429932300223192954e+01
1.622619518256479410e+01
2.828800774336075108e+01
1.624497320607311224e+01
1.078653615166729196e+01
1.268391977497876155e+01
7.520734226866153449e+00
1.498903304798370328e+01
3.183037361313121494e+01
1.345677297136096229e+01
2.714980465599322201e+01
2.136911298484150734e+01
2.612673928940779433e+01
2.064647764674917596e+01
1.195140674957823990e+01
1.613547199553978828e+01
2.050495202794749616e+01
7.890309857045124886e+00
1.975903339532261782e+01
3.448326957299999407e+01
1.299876291513822935e+01
1.541110172025395286e+01
1.479526023418463865e+01
9.935189862642729963e+00
2.010506100213051184e+01
1.680447091670140480e+01
2.423252285403896167e+01
2.868720974544926605e+01
2.058168695586392261e+01
2.147525171875393113e+01
2.033826509195391452e+01
2.063255395824972993e+01
1.494851615504478559e+01
1.410634309821307397e+01
2.196956016328525862e+01
7.246117214904757020e+00
1.014208950687721256e+01
2.769680850640912695e+01
2.289947788141506635e+01
2.468426668751668274e+01
1.896904355440172196e+01
1.190484684723294606e+01
1.652950415790456873e+01
2.093149887752772997e+01
1.597614365230903388e+01
1.889619824621114930e+01
2.362379677173320403e+01
1.454554439567863255e+01
2.464494699262519362e+01
1.659523736444572251e+01
1.622904244530886331e+01
1.193421026859979861e+01
1.228234505314321723e+01
1.663305514506676275e+01
2.362162470643903589e+01
3.485077781979245515e+01
2.656036532454045584e+01
2.542902103350940024e+00
1.198668293801860329e+01
2.809026716020041192e+01
3.333069336041485542e+01
1.841047702553814247e+01
4.997086875740265555e+00
1.596004659568532702e+01
1.920370364958046139e+01
1.349800309589754477e+01
2.592508172565834457e+01
7.947277537006314674e+00
2.858237501481568188e+01
1.179824492834426053e+01
2.129813059105517681e+01
2.287923661520758856e+01
4.453142940343354894e+00
2.897070200404196783e+01
2.702849743946850936e+01
1.841977293372089264e+01
2.876178308663678251e+01
2.116500660078179408e+01
1.411021170229020072e+01
2.440518330654685286e+01
2.166431998196064512e+01
1.584193408364943423e+01
1.929175969847754857e+01
2.080488357561976898e+01
1.958732374624432993e+01
2.311515268768972931e+01
2.285136399964395082e+01
2.778656622645860352e+01
2.607862672715592822e+01
9.163242151287377624e+00
2.215166443033736243e+01
2.100473693584739010e+01
1.923691506219344660e+01
3.220478817634040070e+01
9.359361894253900971e+00
2.352682926686669163e+01
2.810005665217585857e+01
1.441766500324600031e+01
1.841300811981108154e+01
1.705716009567183278e+01
1.456246122257503828e+01
1.209014593425779083e+01
2.842807598819507575e+01
1.241967971514145574e+01
1.717569581083373720e+01
1.867751320785130531e+01
2.579977517791567720e+01
2.523473473156496993e+01
1.517403638426784340e+01
8.751004152875367481e+00
2.192146434404180866e+01
6.674542137401914488e+00
2.181873081058787989e+01
2.322890770065323807e+01
1.634281857353955303e+01
2.755119308885264218e+01
2.224330389036035882e+01
2.049565179763388301e+01
1.973797245516077226e+01
1.263189948373597815e+01
1.954509621374672435e+01
2.139347155629684494e+01
2.222232282673637371e+01
2.874011009308502196e+01
9.528441052175224968e-01
2.570599159149054458e+01
2.249245404162175532e+01
2.124308124145542820e+01
1.076624057556981029e+01
1.915855471412488953e+01
2.089433271761240007e+01
2.897829851233638010e+00
8.298605911396634838e+00
1.491192168069831325e+01
1.055710529915187124e+01
1.723278437929631934e+01
1.698963564212318289e+01
2.272910443522701485e+01
2.501212141230378450e+01
1.550623432682740344e+01
2.942739850269752111e+01
1.576662147927928714e+01
1.307270538721698472e+01
1.645478448146783279e+01
3.274818013679043816e+01
1.956656915405646657e+01
2.202713533496351772e+01
2.251546932326687767e+01
1.364799007118340057e+01
9.608809295286192764e+00
2.476580787869079359e+01
8.747917695562293261e+00
1.747226770531165840e+01
9.498173022994421899e+00
2.416816121105169657e+01
2.698348253828700649e+01
2.545601171214696734e+01
2.636429755947497711e+01
2.531643266355116850e+01
2.173475576267908593e+01
2.616484014911265632e+01
2.471838781141610042e+01
1.282190480814742273e+01
1.929239338096293466e+01
2.195049199820967090e+01
1.786642093862221259e+01
7.756246440760918404e+00
1.202670747046555277e+01
2.705491701636328372e+01
2.880801409746339914e+01
2.095947450997835659e+01
1.473599809499401658e+01
1.427107057873622864e+01
2.109032469980597568e+01
1.751883133959540828e+01
2.812684739172955517e+01
1.954832789852315500e+01
2.296286607913420141e+01
2.231738318426198475e+01
1.340143938290232484e+01
2.597557310682246623e+01
1.206259165893001750e+01
2.038377268391541008e+01
2.941370777941661174e+01
1.531462736563439364e+01
2.239208577954895674e+01
2.554424570159115149e+01
2.226241494078683303e+01
9.855325897077307218e+00
1.798088038316436155e+01
1.040383670084625578e+01
2.539645404536906881e+01
2.175955141402265269e+01
2.039146487343592185e+01
2.351870978083213970e+01
1.681765525091413593e+01
2.287631126836762974e+01
1.813777449096376415e+01
1.453276530011544310e+01
1.617879380033714654e+01
2.259841135458674444e+01
1.245995555452147130e+01
9.942390588602975754e+00
1.467317189995974047e+01
2.378780356944143648e+01
3.057792943072676906e+01
5.770694870315239200e+00
1.303397562330823689e+01
1.799064504012008570e+01
1.435715904939182508e+01
2.054413482469092855e+01
2.785115781981435390e+01
1.730672162687044846e+01
1.836001002803966031e+01
1.674964841628651868e+01
1.162364882039049974e+01
2.269713116848266310e+01
2.125200016870016384e+01
3.081444129888336647e+01
1.496554793436015984e+01
1.629922067720742973e+01
1.333290080523643439e+01
1.848014116122306660e+01
1.817885209947362313e+01
1.017847832818206655e+01
8.893375011302310895e+00
2.843768876706270987e+01
2.084674134586038008e+01
1.766625888530138155e+01
1.355170214892632430e+01
1.434524924754229858e+01
8.478763480265364194e+00
1.044080019427616435e+01
2.508274662309119662e+01
2.351856332309291986e+01
2.925984527964514825e+01
1.065765796740932103e+01
1.272119898614950273e+01
2.817331660064671439e+01
1.336821843512946373e+01
1.649708757312197349e+01
1.811063598390389018e+01
1.902260995434109248e+01
1.768999181325971648e+01
2.128368172603858000e+01
2.607229669253410975e+01
1.531299198752552115e+01
2.246918477101213796e+01
1.973082436060084888e+01
2.058339654577838473e+01
6.841147351855013881e+00
1.941059282614182280e+01
1.630392558571800521e+01
2.592895543094992661e+01
1.563129946117113178e+01
2.332476803543789856e+01
1.831026796528405498e+01
2.039742201225152485e+01
8.694851184174908099e+00
2.129419098941248478e+01
1.270063384001390716e+01
1.637814733520723109e+01
1.732137418497605807e+01
4.167470640412545890e+00
2.066758751158074858e+01
1.571774808339623064e+01
1.641988525970124613e+01
1.022080303659703304e+01
1.443585567525408209e+01
2.377985801030261825e+01
8.040145955250466159e+00
1.498696588701318433e+01
1.811151403288694439e+01
2.898618361783697139e+01
1.727464133109162958e+01
2.679840453222315233e+01
2.399642110310433907e+01
2.084467565987647220e+01
2.068941826426392794e+01
1.784169286137745303e+01
1.348919515479828846e+01
2.360307101239702376e+01
2.036085644931357308e+01
3.257383115229185933e+01
2.718103699681935836e+01
1.299908686307999517e+01
1.297395595503697052e+01
2.264286927140232564e+01
1.247877291038759040e+01
2.591537368042619960e+01
2.749398630155103262e+01
1.699624166869899966e+01
1.198529151534074799e+01
1.077517447867953138e+01
1.261766844717605807e+01
1.171987013230054231e+01
2.353411242731759501e+01
2.020048794802345782e+01
2.469366462700806153e+01
1.547632926996041647e+01
2.543927651885246632e+01
1.033099538388873384e+01
8.131489387880364461e+00
2.134420798980620759e+01
1.055408114955171328e+01
1.937336383769418546e+01
2.612379963106182146e+01
1.142977504226800534e+01
1.827791755527232453e+01
1.892435367901082088e+01
2.140482347233984228e+01
1.410899053951003168e+01
1.444062027639301959e+01
1.804938144178657211e+01
1.816812518179401792e+01
2.386012183855983437e+01
1.374655715673699774e+01
2.336115316407392584e+01
2.891535798065648066e+01
1.867165702040882991e+01
1.829933413470074299e+01
2.685582879082552665e+01
9.038347483105113156e+00
1.152483342006561884e+01
1.734660642846024103e+01
2.243356395624924460e+01
1.365383906823237226e+01
1.323469162268961696e+01
2.806057420150952453e+01
1.690228982366657817e+01
2.598934008680442531e+01
3.286737368288468986e+01
2.488504418119353545e+01
3.166033823928854929e+01
1.914174576037004982e+01
1.114948806572418505e+01
1.813165324782328724e+01
1.407533947204923663e+01
2.901937334390986933e+01
1.213210875666231914e+01
2.054372909323464569e+01
1.825008614372194415e+01
1.908500372637759313e+01
2.437271612534283349e+01
1.393225127415691844e+01
1.487975728301286438e+01
1.852249557202344477e+01
1.756861705680225327e+01
1.846961515527877395e+01
1.469521455703277013e+01
1.414537027650519008e+01
1.245381019187846050e+01
7.807392867017782123e+00
1.543017804057848963e+01
1.298865884632904510e+01
1.803166845838470778e+01
1.314690986773713632e+01
1.572054888032226927e+01
2.028307141513768386e+01
2.218753224514445321e+01
2.070702134422343477e+01
2.318623294505871968e+01
2.281595508544843653e+01
1.869819023770060795e+01
2.267845143828679966e+00
2.338141201740605624e+01
8.921219972883740468e+00
2.167953344204202892e+01
2.436294590433193008e+01
1.539940279143735324e+01
1.857644801247846544e+01
1.750140015925852310e+01
2.100101757658219981e+01
2.276128598485380650e+01
1.746853292157232573e+01
2.616159021057841016e+01
2.443837396611645829e+01
2.824320103790155656e+01
1.413759206848241945e+01
1.406018169083255032e+01
1.413495540254125160e+01
2.905319944155235135e+01
2.016289786718925825e+01
1.556154775860770201e+01
1.847419750715886266e+01
2.042443756608010830e+01
1.809829594532386920e+01
1.086154299695134284e+01
2.108222524391408115e+01
2.065981077333800187e+01
1.545620056045740398e+01
8.701646380937816616e+00
1.462140795327259468e+01
2.041693770052741996e+01
1.381585552166174580e+01
1.821943382120656452e+01
2.494082447351306087e+01
1.576649698743645445e+01
1.935300615206176644e+01
1.095351808044705422e+01
2.328305956337467109e+01
1.898296012329862492e+01
2.030545678463595038e+01
1.467484571173743291e+01
1.465007073914827629e+01
2.668793751274220938e+01
2.199229194809137056e+01
2.521989919205357467e+01
1.837513216930716453e+01
1.941403924745233667e+01
2.500639572938990796e+01
1.911617309186379998e+01
2.208487178552869068e+01
2.457032631861967786e+01
2.490267165261094817e+01
1.285262753593802643e+01
1.431460282215240909e+01
1.868502192627038738e+01
1.594207525841092377e+01
2.108181740113634817e+01
2.100969002579955713e+01
1.734549557213412641e+01
2.070158571095524280e+01
2.285087893435012063e+01
2.391031630939151853e+01
1.388669660008254425e+01
2.344621774219892529e+01
2.100633854122106925e+01
1.069998416216273540e+01
1.723204344722124404e+01
2.683543545023248100e+01
2.294740997788817793e+01
2.116058445920021569e+01
1.956631994270144048e+01
2.352384132267413008e+01
2.005039345545752383e+01
1.144866526492509706e+01
2.393523694503324606e+01
2.056796877270547697e+01
1.804408571153001617e+01
1.431418115229348587e+01
1.072236654925299604e+01
1.036536508692489633e+01
1.636628600215328788e+01
2.057991532470921925e+01
2.132007461709709162e+01
2.510818674075323997e+01
3.061550844949560712e+01
2.069238059077225245e+01
2.171308186593555689e+01
2.003616997046349013e+01
1.251387358945369499e+01
2.044076627754309072e+01
2.634198922509006024e+01
2.431649525544203527e+01
1.681063419868507935e+01
1.723498554172260810e+01
1.958081824606689736e+01
1.898114950571925874e+01
1.744872862909264200e+01
2.099467356049983380e+01
3.030012366374805310e+01
1.189415232427441538e+01
3.802151135087328271e+00
1.125315955444708038e+01
1.331987980291211215e+01
2.490041283142096518e+01
1.881923685731500484e+01
3.478789822578126234e+01
1.088803142743638830e+01
1.877711032397335345e+01
2.002938143993501541e+01
2.713518475882604264e+01
1.822691736687991693e+01
2.521783102532107534e+01
2.038393612427819335e+01
2.355502923910941604e+01
3.331598370112963892e+01
1.846427065382503230e+01
1.782692389260517984e+01
1.456265445133914938e+01
2.656864684196807502e+01
1.452683034549335872e+01
1.869074274961019455e+01
1.813235791232899174e+01
2.014524857432031268e+01
1.779596545645360095e+01
1.432064439075450935e+01
1.671440665788369984e+01
1.635954525490976152e+01
8.086591044484791269e+00
2.050941246478356561e+01
1.956965936061382649e+01
1.392125663903750166e+01
2.363059802886385796e+01
1.163765478716763369e+01
1.401638620248145628e+01
1.929307410671698619e+01
1.987067451802938933e+01
2.384749209559437588e+01
1.692993746999093219e+01
2.785645791328478538e+01
2.970541683962334645e+01
2.367969725937207670e+01
5.844977199482173091e+00
2.482883191621628782e+01
3.934332580710730554e+00
1.498439280533357021e+01
1.338057634815513097e+01
1.925206794718110359e+01
1.746204820885417064e+01
2.048234821153050689e+01
1.337892807810598583e+01
8.790220534457574786e+00
2.424399698936922221e+01
4.325752815400164764e+00
1.790266029836562467e+01
1.551612758455890173e+01
2.799210509167467364e+01
1.470774828391400035e+01
2.046724730292282857e+01
-3.283022495522288864e+00
1.850375980019536826e+01
2.339917375380014164e+01
1.448527527463425457e+01
1.787447849776920350e+01
1.945631102756054531e+01
8.881640230837817285e+00
1.228965271281840899e+01
1.859587523088487870e+01
1.634335696041902963e+01
2.947421330683552299e+01
1.831041350131471290e+01
1.761747193775416065e+01
2.437457234044141785e+01
1.776067359086652431e+01
8.733503879320664964e+00
1.082407398644942020e+01
1.268663781543148161e+01
2.189320612968545277e+01
1.727804649294579065e+01
2.720298051668758887e+01
2.302140933605761575e+01
1.819344810017030056e+01
2.506256441099530718e+01
1.097350771768729771e+01
5.385517981426488632e+00
2.265203621589193972e+01
1.646961984945247082e+01
6.628942572061120586e+00
2.452864824029366275e+01
2.073151802836174795e+01
1.404603587409937404e+01
1.405232497659517321e+01
2.609853920685277728e+01
1.413471587362394644e+01
2.567571064723041729e+01
2.035975594426103896e+01
1.834482627247133735e+01
2.052358715235364173e+01
1.474720226642618570e+01
2.875291480395446797e+00
1.878457924333366691e+01
2.514601868221760128e+01
2.197066815422596164e+01
2.497241783591849185e+01
2.205068573055419279e+01
1.790326044470270972e+01
1.880434895254034444e+01
2.491244192746250263e+01
2.845637694137020901e+01
2.131600477534947657e+01
2.213451619916438062e+01
7.101664567695436858e+00
1.772228932272915358e+01
2.923429624912960634e+01
2.715839551273394648e+01
2.198810786588184385e+01
4.774519780706953043e+00
1.684809832692164377e+01
2.358001332743653933e+01
5.319301959806523428e+00
2.333105784540046557e+01
1.962655369860712540e+01
1.889093103637470961e+01
1.515787380097538062e+01
1.337080844183076067e+01
2.862613045495469777e+01
2.412021450577302062e+01
9.496526245568482238e+00
2.941501170616542993e+01
1.028996581468589966e+01
1.670328964549096895e+01
1.628349998270537924e+01
2.445713265735221853e+00
2.641851387854391220e+01
1.369916678013815670e+01
2.189001087000578138e+01
1.977610687104574794e+01
2.445423721502175596e+01
1.978677939216461823e+01
1.603886014101632185e+01
1.104882731519469985e+01
1.056428478760555834e+01
1.807796258782265397e+01
1.709668699315163565e+01
1.492820325692081695e+01
2.066954516697079214e+01
2.315296698487506433e+01
1.459707356365537123e+01
2.333186126494535984e+01
1.654122864786491220e+01
2.256153047600510320e+01
1.909534637339338303e+01
1.692621330416366732e+01
2.056479943938563792e+01
3.187880267336622353e+01
1.952431198798552714e+01
2.607768553923668264e+01
2.366031908008220341e+01
1.365363573840853917e+01
3.693162435810336319e+00
2.632929233364492205e+01
1.995540487045924749e+01
2.525020930726061863e+01
2.108521221427061221e+01
1.798393747539682153e+01
9.663193248018501436e+00
1.965043881458549890e+01
3.081287615459950757e+01
2.211145806671439118e+01
2.524599831598347066e+01
2.245801524920491943e+01
2.852712183313438032e+01
1.494930574810696555e+01
1.823125349953012631e+01
1.866062464799001930e+01
2.827119469176774658e+01
2.023549741776172084e+01
2.183826606794754355e+01
2.490218163190439782e+01
1.464771157752817743e+01
2.282227503089537635e+01
3.094922619844483336e+01
1.755535569986048472e+01
8.653122524300343343e+00
1.643574679823871065e+01
2.181642675107497098e+01
2.893551792035667347e+01
2.961117207458678990e+01
2.096554700523947190e+01
1.302793796106978164e+01
1.089085588339519006e+01
2.037060869433294386e+01
2.201222338508571852e+01
1.871227985927367854e+01
2.740326086051424426e+01
2.482891007490584911e+01
2.599824959548823244e+01
2.528614685815642105e+01
2.694184950131959511e+01
1.214991045586621965e+01
8.642257532389578500e+00
1.901830448154200326e+00
9.453139197344562206e+00
1.387091433738953583e+01
2.065194862320804248e+01
1.947682099090181396e+01
2.186705899552100618e+01
1.342068794341060567e+01
2.517678632644002334e+01
1.245603736508753911e+01
1.179592946880652704e+01
8.137135371400745498e+00
1.088536455313315798e+01
2.466647995097389412e+01
1.032611036173931041e+01
1.499511766708134530e+01
1.707300892045135754e+01
1.576148982483938710e+01
2.201078013837950209e+01
1.925931955604387014e+01
9.910424898374159852e+00
1.205243960886134857e+01
1.084113334662910688e+01
1.682430639899695279e+01
2.712055285717950426e+01
2.110285418356922094e+01
1.923386572573593867e+01
1.819074478005303774e+01
1.617143800051633917e+01
2.157183343809286669e+01
2.222952422191175970e+01
2.237430581411451413e+01
2.305136072631077582e+01
2.268540893278895254e+01
1.857774355663293164e+01
1.110213241611187129e+01
1.609764406394015168e+01
1.707101314615402998e+01
2.955838934639803028e+01
2.150311463361322240e+01
1.773086074715104132e+01
1.291653312848207236e+01
2.340864457802693721e+01
1.916516310369102882e+01
7.608801345587110632e+00
3.174209820923539382e+01
2.998376515335539239e+01
1.632894869345446409e+01
2.149546232753824881e+01
5.156160823910767022e-01
1.872914800677018832e+01
1.295101855191775542e+01
1.627118411203694848e+01
1.456402845418792680e+01
1.093386315217678373e+01
2.142947822569207972e+01
1.796934003036760430e+01
1.772713667588005393e+01
2.242237307982352945e+01
1.297115982705923898e+01
2.876093295474869649e+01
1.339806491095926333e+01
2.615407166237575609e+01
8.590544571977858368e+00
1.239141457957125425e+01
1.671236804571238110e+01
1.997118644818112898e+01
1.837613793246251248e+01
1.068310919141922710e+01
3.444724210696945477e+01
1.370829711108434878e+01
1.328781882883579613e+01
1.512868739414518870e+01
1.905275623047639044e+01
2.378315326527440732e+01
1.840980560208514305e+01
1.540042136772220260e+01
2.421409556104700300e+01
1.139918653546868654e+01
1.726984916594949482e+01
2.088672664326061579e+01
6.090110640989777835e+00
1.812603488626483283e+01
2.084616171384460870e+01
9.124135699142868816e+00
2.677179795437481857e+01
1.966416875546433118e+01
6.691016501727105492e+00
1.939080564007787899e+01
1.311425477530850969e+01
3.117072217721397465e+01
1.947185551170147022e+01
1.142503375830072798e+01
2.329615357549033661e+01
2.135425735101995315e+01
7.349379820086866744e+00
2.017741537396921103e+01
1.911692962349403047e+01
1.801594420375001704e+01
1.997172502936574290e+01
2.343438381907105850e+01
2.442229949142021894e+01
2.289209056254188113e+01
2.234672656127725077e+01
8.172806515295803820e+00
1.369073707299325804e+01
1.650245550226229341e+01
2.361108140205182337e+01
1.914994145189291430e+01
1.594613831944856486e+01
7.354918294695281133e+00
1.211270308348895952e+01
2.953119951853575742e+01
1.872580044180524794e+01
2.181618244327246714e+01
1.841997748912869781e+01
1.918235300424407797e+01
2.705162102720872497e+01
2.326543701172010969e+01
2.557639546621936688e+01
1.500073897278282686e+01
1.757794547482978231e+01
1.882283573157140921e+01
1.139875899547893567e+01
3.183007162809050783e+01
1.568093288327686707e+01
2.942161811158700857e+01
1.663664771087547933e+01
1.637809820868730526e+01
1.043188527973229895e+01
1.403189955019783497e+01
3.040095019242536978e+01
3.201535294720463298e+01
1.541517034926867780e+01
8.119759637615146630e+00
1.120348058266486646e+01
2.829764647064752126e+01
1.615272527320883000e+01
2.925061657700538831e+01
1.061744377720579990e+01
2.389241202763980709e+01
1.661876333102414804e+01
9.428956774925723039e-01
2.060263092562077247e+01
1.776449380199650108e+01
7.164041344053671878e+00
1.658626938563132569e+01
1.586789391645655201e+01
2.201399413584233855e+01
1.112612447623013168e+01
2.748878725373857890e+01
6.192612851767691495e+00
1.540555180208065877e+01
1.468813614075264695e+01
2.430906860871276365e+01
1.289622182393739536e+01
1.074758626949704876e+01
1.273087792327891776e+01
1.286982755802408462e+01
1.723361092940329087e+01
2.977591015485020165e+01
2.611520022300908295e+01
2.492687689556634467e+01
1.848575442513460843e+01
1.471716668566236308e+01
9.606524955266479537e+00
1.526619725472134803e+01
2.223472855803349546e+01
2.125870038898930403e+01
1.568350091395447521e+01
2.161413630762699256e+01
1.805453772060221240e+01
1.527491195629472998e+01
2.466450573666932655e+01
1.611467205607918629e+01
2.941754137810707448e+01
1.301223063524963663e+01
2.032929114607392052e+01
1.214407040132113025e+01
1.010999033023909988e+01
1.962735033579754429e+01
2.468405156559012426e+01
1.111063779578957167e+01
1.345579563029316716e+01
1.681149512308273586e+01
1.427392391659731175e+01
1.428713407535003910e+01
2.965047397704739751e+01
3.532362512794735920e+01
2.105187022227042348e+01
5.955617698530033977e+00
3.793140610585599859e+01
2.086398769418525490e+01
2.127544467863722133e+01
9.408955927523926732e+00
2.060512812653518466e+01
2.290637384839634194e+01
2.557201930083999741e+01
2.855100081017499747e+01
1.292398846363036569e+01
4.540397639748519509e+00
1.711798367844176028e+01
1.385976016943132549e+01
1.737620479071123469e+01
1.975525823975645068e+01
1.181603290699761288e+01
2.020518263620196819e+01
1.561534823456457843e+01
2.570271927554473734e+01
2.805374464670472889e+01
1.462233118490382822e+01
1.465442037620712767e+01
1.457980707783325158e+01
1.315287565357229482e+01
2.235019492389331219e+01
1.578204818457140135e+01
2.361632925827137797e+01
2.509526221284077963e+01
2.994502481491176837e+01
3.431304593394733615e+01
1.939656589913575857e+01
2.034811137744063103e+01
1.744894769088023878e+01
2.153031262995860118e+01
1.422126524438927220e+01
8.552536388940225720e+00
1.086363084794869849e+01
1.248646449198123776e+01
1.334351455745492387e+01
1.650681152062406909e+01
1.555145789448810945e+01
8.938794083264468782e+00
1.904702016527130581e+01
2.912190917960407432e+01
1.172465937220891874e+01
2.921991194768397548e+01
2.702542127278454132e+01
2.038367135744887548e+01
2.038855746530168744e+01
2.215594928402634878e+01
2.089944867838552511e+01
3.739789093159907196e+01
1.946855408267128240e+01
1.920009141683890874e+01
1.870163877994782808e+01
1.676560581841977182e+01
3.085853936153912258e+01
1.343890320255356130e+01
2.079262302266086238e+01
1.736720881863816146e+01
2.072343021145518094e+01
2.143768387223407501e+01
1.975566822008696022e+01
1.218764626139487461e+01
1.411750415195345454e+01
1.810967336199323086e+01
1.794275019694636342e+01
1.036589545350167896e+01
1.557598840378292948e+01
9.600953512660282740e+00
2.183448235151774242e+01
2.774904182783470219e+01
1.690988564898718494e+01
2.304846838374537299e+01
1.779943101095830116e+01
1.821517456155328318e+01
1.852136381775923724e+01
5.056568138272055535e+00
1.468022665522371284e+01
1.204066732786623817e+01
2.050467390362229025e+01
1.510710396701806246e+01
1.975482528526432446e+01
2.589929018069037170e+01
1.930735674858938467e+01
2.156239114770529852e+01
1.205929771152993624e+01
2.522819370993137511e+01
2.734354668303056712e+01
1.225122080039120931e+01
1.192554643176728746e+01
2.216378331307295468e+01
1.512262849083005278e+01
1.745829469791462429e+01
1.637943378031799568e+01
2.015603653537353068e+01
1.663274976053902066e+01
1.502945809230172358e+01
1.960050111159189612e+01
1.584471728904040333e+01
3.171272923247387610e+01
7.339420034017777539e+00
1.872455902354211332e+01
1.808056315841082551e+01
1.051208542571075100e+01
2.079211781858910513e+01
2.332105707091983504e+01
3.050167445123769028e+01
2.204138077530370765e+01
2.767016273207661925e+01
7.757436825666218283e+00
2.137178834361310464e+01
2.226259388188941557e+01
2.784477363941915939e+01
2.027853712220570515e+01
2.336523563151685323e+01
1.925943434400363685e+01
2.632574112389063004e+01
1.380647317293244924e+01
2.359739056061195583e+01
2.688737840062724160e+01
2.890369509810747672e+01
1.417303421761067739e+01
2.121932448563825346e+01
1.281933545640849559e+01
4.799339755781474537e+00
1.730274649982244739e+01
1.165587980110754529e+01
2.541188393531311362e+01
1.924292881420399226e+01
2.033920942131116760e+01
1.299862522423266853e+01
2.380375561005556051e+01
1.322393864457471579e+01
1.109176060154705112e+01
1.249288540618169918e+01
3.837215969547187200e+01
1.936558661980436824e+01
7.883282090624994964e+00
2.606976595928074403e+01
1.526059010932881677e+01
1.815588338961818238e+01
1.796845759398632936e+01
2.707587565600647395e+01
2.981480451067943704e+01
2.581729405611574180e+01
3.188647084268211529e+00
1.725737121819327058e+01
1.411309918561065047e+01
2.097843999067845289e+01
1.307045373631628138e+01
1.587016610391962956e+01
1.898620260288687689e+01
1.990958955273476505e+01
2.357322910524401038e+01
1.596478253438595374e+01
1.534324654051920334e+01
1.942564610002121128e+01
2.393911470398403196e+01
1.552514539494394796e+01
2.429591601897709552e+01
2.373051821165032038e+01
3.827685098464314706e+00
3.027560156768757338e+01
1.679513913750014353e+01
8.582981526610254264e+00
1.856993016654123352e+01
2.598765130824507708e+01
2.230328264127713567e+01
2.245199475450392868e+01
1.622263669927065166e+01
2.629571837081138597e+01
1.573700057838510702e+01
2.053958642777394061e+01
1.392954465747751414e+01
1.521996915387295246e+01
1.031079974998056059e+01
2.022762151116586438e+01
1.828235267774783779e+01
2.848523868531353287e+01
1.971366945034653639e+01
1.050538977390836237e+01
1.395549498911574915e+01
2.498974702305705620e+01
2.370648192431053758e+01
2.013288389331374617e+01
9.052434460732598609e+00
1.254072255392549096e+01
2.453307999037126308e+01
1.010415824550376840e+01
4.185852222113382481e+00
2.294951883766536582e+01
1.717502529051571969e+01
2.411276981464017410e+01
1.351937558443594867e+01
2.936431466501375098e+01
1.923787386207723671e+01
1.800208671043313302e+01
2.334210532608568656e+01
1.955294909755156141e+01
1.563819820976863184e+01
1.356197442639968642e+01
1.483679450098296826e+01
1.931498887703227041e+01
2.551120271841637077e+01
1.272713307522916182e+01
2.732614016378997235e+01
2.448507255325409915e+01
1.401993703299551441e+01
1.997915395716776743e+01
1.255879940200466649e+01
2.108417972019029207e+01
1.130329944901221495e+01
2.132817447819041945e+01
1.614484074019462412e+01
1.262175284899969085e+01
2.434415929681711077e+01
1.815762279829826298e+01
1.664315587474106906e+01
2.108163488842107114e+01
1.740225396293988069e+01
1.911243808087371576e+01
1.501362299741386153e+01
1.347257055474446474e+01
2.225264105549212701e+01
1.550316177961484243e+01
1.987967057690767092e+01
1.452321741052973181e+01
2.170217979517980211e+01
2.381536862572291113e+01
1.456479275068464574e+01
1.812782142239311156e+01
1.639628670222018059e+01
1.213232921528005193e+01
2.278754778040222106e+01
2.056149565496878040e+01
7.428918307838301871e+00
1.976546400138462900e+01
2.345393550963910911e+01
2.309968755726605139e+01
1.741943167919158952e+01
2.822417054112867163e+01
2.784730021925547305e+01
2.276850328313175709e+01
1.315356055800664592e+01
1.081822738053769228e+01
1.616611967012707396e+01
1.964398165071050784e+01
1.747632957296657708e+01
2.612893031218771966e+01
2.231408826856912242e+01
1.171893034871551720e+01
1.434841317199921207e+01
9.507229017856062114e+00
1.483710413187738197e+01
2.525987893124698758e+01
1.725852956744208910e+01
2.233421280423243616e+01
1.986984484098661596e+01
2.061409381859304801e+01
1.722295594096137705e+01
1.371147004160201277e+01
2.125499330517450147e+01
2.865995484641987900e+01
1.255394743902770927e+01
2.200217496647577775e+01
2.493906765953507687e+01
1.019530322247591414e+01
1.830967010158174446e+01
1.473674459665201653e+01
1.198431736867900099e+01
2.696275629567942644e+01
1.582252548505672962e+01
3.058582396338999843e+01
2.224718857296866759e+01
2.731163125834669358e+01
1.870353362932252139e+01
1.737625562572068105e+01
1.106267246315896102e+01
2.373812221013385226e+01
1.279961020792964632e+01
1.883890947562773022e+01
1.218064494256891805e+01
2.010982563837443138e+01
1.681457653533372820e+01
2.664353557645186044e+01
1.721669153811220099e+01
2.086148457144079060e+01
1.529781133479016830e+01
1.065729626951758746e+01
1.331953347179521074e+01
2.360074030181428384e+01
2.066802163074941490e+01
1.336624037122855668e+01
1.626977244502771924e+01
2.536840355559046145e+01
1.954074383975228102e+01
9.489778996517372889e+00
2.533322359816801850e+01
1.754457820995009598e+01
1.263682990802286810e+01
1.015883887364663707e+01
1.754461703484017221e+01
2.651237941843356793e+01
3.186724021188734213e+01
1.281539364364441269e+01
1.008576769332390199e+01
1.471059063382921295e+01
1.810021991826778276e+01
3.017970961783305484e+00
2.216843297850331851e+01
2.149539385322585616e+01
1.790191554522716899e+01
1.484474216518688650e+01
1.209889594588186412e+01
1.351374516045025587e+01
2.276865732820813548e+01
2.332642558785492781e+01
2.379392559021678011e+01
1.597610082250567132e+01
1.899768049572300299e+01
2.348728852558765823e+01
2.488349380134560818e+01
2.254916673905542979e+01
2.136261364289806863e+01
2.372386965554839122e+01
1.389457025009680535e+01
2.178948120279067524e+01
2.396418153207343948e+01
2.162179859118042913e+01
1.635593569861647723e+01
2.323790237321349395e+01
2.159812041265087146e+01
1.331417767336533586e+01
2.982455103117705164e+01
1.470067944461732168e+01
2.051612756180308850e+01
2.133464993580486180e+01
2.155632234103496359e+01
6.713659462060682870e+00
1.828996935367355547e+01
8.329873101225757637e+00
2.294187102000539369e+01
2.555473992577259423e+01
1.778843209266927516e+01
2.360452568660146255e+01
1.703276057509806662e+01
2.401314506922959424e+01
1.898036778589396079e+01
1.864773158468727843e+01
1.541720032787004868e+01
2.814502989119942811e+01
7.758249654480323443e+00
1.174223398212782854e+01
1.874164288752206176e+01
1.264413136431373630e+01
1.715288119335408368e+01
2.561955036809190744e+01
8.658941550739385207e+00
1.321907095124653608e+01
1.421137929057152860e+00
3.399643314911358516e+00
1.136153357950722409e+01
1.785944687533588393e+01
2.157322148062721112e+01
2.753815843257349627e+01
1.106316190388697862e+01
2.067245387660486955e+01
3.135810024885577008e+01
2.955098235804332774e+01
1.328979670024139637e+01
1.517730000982551530e+01
2.530482702173547693e+01
9.142620624245665795e+00
2.405574401620773983e+01
3.020834854617646670e+01
2.189863165242528709e+01
3.291140132494981430e+01
1.012714096990646340e+01
2.322704416096983948e+01
3.984372507241843664e+00
1.105402581650898242e+01
1.602138088184092624e+01
2.189060073536267481e+01
2.404588473801837267e+01
1.677638411503968996e+01
1.426511253038157179e+01
2.302766567111039819e+01
1.472289333537095501e+01
2.235993903607171518e+01
2.643589147255545413e+01
1.334890592280183341e+01
1.186839664575511222e+01
2.094116208547833224e+01
2.725141061690936795e+01
1.415517181583602735e+01
1.635722590620962080e+01
1.311892654027099070e+01
2.720430537697838247e+01
2.058251268218481300e+01
5.505048678764666192e+00
1.408869941831079586e+01
2.298378134283298380e+01
1.797480754288043414e+01
2.770954979524057649e+01
1.899403103882217181e+01
1.363570874259880839e+01
7.777110395805763687e+00
2.176746916510649754e+01
1.678414314523854500e+01
1.595687777137560204e+01
1.505419047758701367e+01
2.360951306659933380e+01
1.578127751040599946e+01
2.542986023974359711e+01
1.297638244412327424e+01
2.043007569828507997e+01
1.246083693748045107e+01
1.066616088961853848e+01
1.998649616457437617e+01
1.581902496212876486e+01
1.931178543436452344e+01
1.301415677271908322e+01
1.369659034737972547e+01
2.163010151549579518e+01
1.809660001450717459e+01
1.325666707458861993e+01
3.069772091967854521e+01
8.482776865035503988e+00
2.099408954942099115e+01
2.117896528291482383e+01
1.877705142613959310e+01
9.069633742242828589e+00
1.887752796795625443e+01
2.208260928115370803e+01
1.676354523961088461e+01
6.512940403429922753e+00
4.792414482636928597e+00
2.798770819904935081e+01
2.111180595893485190e+01
1.507593920763765993e+01
1.565837995729580001e+01
2.511187349995198304e+01
1.834593189284650805e+01
2.028053914391252022e+01
1.519740088061493566e+01
2.372215041897824506e+01
2.124046132066679604e+01
1.875480662036068225e+01
1.805867401048915610e+01
2.010278733348216917e+01
1.766273858659353380e+01
1.463966909562340390e+01
1.870216296542889722e+01
2.422375430366216165e+01
1.145852853457215303e+01
1.863767329522588057e+01
1.672595834969521889e+01
4.039125207648055493e+00
2.140640915118470389e+01
1.999362236177851315e+01
1.490172717349864939e+01
1.222339018624910523e+01
2.354292434169364157e+01
2.378471681842269447e+01
1.724727743472912778e+01
2.889901569086940469e+01
1.387554470183096811e+01
1.764301389994427893e+01
1.263736864091657708e+01
1.256842586648176052e+01
2.424329151382954706e+01
2.077902980132665789e+01
2.050034492032203559e+01
2.305073234628574141e+01
2.498708076744487272e+01
1.848487344928629739e+01
2.383227862881531678e+01
1.968679358364583010e+01
1.932818508366133869e+01
2.614158747581197417e+01
1.658064176055614780e+01
2.133130001683591104e+01
1.529920120597601851e+01
2.719983763661997500e+01
2.515051352736338686e+01
2.456392565701513320e+01
2.821048779386960348e+01
1.732627783632015905e+01
2.293355717682197081e+01
1.877715164168680673e+01
1.684595743676102586e+01
2.583774751842404527e+01
1.650893701637608046e+01
2.176762526453666879e+01
1.971411396648895931e+01
1.919406399191890955e+01
1.955820580637611528e+01
2.045032735292075898e+01
2.108766772367225428e+01
8.452106814485432551e+00
1.672257551954595556e+01
7.434769170862054466e+00
3.015246038555270047e+01
-4.088336322659415600e+00
2.200329698610183726e+01
2.537673032641940551e+01
1.496969809394117590e+01
1.485648427779223368e+01
1.585224528734049443e+01
1.843408673044861246e+01
2.294873657227456221e+01
1.958597008367512160e+01
1.759494016577316700e+01
9.964791103083243229e+00
1.698718138087171781e+01
1.576879068589408917e+01
1.087788303442195570e+01
2.687314389735222875e+01
2.292831474874135722e+01
2.278714507830534330e+01
2.046529208540297873e+01
1.118026112841207009e+01
2.601828703596339665e+01
2.342423690376600121e+01
1.780079947458220602e+01
2.048077443063291980e+01
1.687228844710775633e+01
2.467128806186504875e+01
7.443354035830978432e+00
2.844105584022699418e+01
1.912730082474925553e+01
2.421861236204497914e+01
3.025757379934528046e+01
8.529676363078920076e+00
2.016691856443068787e+01
9.726747645231782258e+00
1.326739396613687916e+01
3.168547546470607301e+01
8.218874988960592987e+00
2.243452841231773220e+01
2.224195053471269290e+01
2.356383827869254333e+01
9.954868644100159258e+00
2.510480323343334419e+01
2.715281550433346069e+00
1.373656668301232742e+01
2.135387008596300262e+01
2.273603477443334953e+01
1.838614739761264616e+01
2.423939276801890941e+01
3.318709131691161218e+01
1.233658325554119983e+01
1.364511866486375880e+01
1.988133077371463742e+01
1.757157083408119291e+01
5.938231994652340973e+00
2.085211372904264948e+01
2.596738849458267850e+01
1.575013343945146005e+01
1.584290821233039992e+01
2.987378214228185414e+01
1.595524195564673420e+01
2.047340575506851224e+01
8.313504159242256719e+00
1.801225747082371242e+01
1.388193538961100160e+01
2.909643279722789799e+01
1.381686424873429075e+01
2.656865079724931178e+01
2.782282625295493972e+01
2.796561017822833151e+01
1.199227504698876601e+01
1.314586476349404620e+01
1.942321509662289714e+01
1.947391074286493051e+01
1.791133328635568489e+01
1.359720307400209549e+01
1.908647141566365235e+01
2.181743305404225453e+01
1.908529932596331946e+01
2.809908177177686639e+01
1.664758999461511735e+01
3.462157365659086139e+01
1.271085130949809638e+01
1.163589221070834867e+01
1.803496208741678686e+01
1.561318604276996780e+01
1.870540784356542474e+01
2.469324190735800073e+01
3.307153672135139288e+01
1.902125174557751563e+01
2.271630850903704868e+01
1.207163867249953171e+01
1.314545644867359897e+01
1.683664684146889101e+01
3.440292924955493703e+01
3.080149675368652851e+01
2.472940870493809484e+01
7.954250725241010400e+00
2.160027071745785321e+01
2.327515454954283314e+01
1.705641303793636609e+01
8.089094917748866465e+00
1.700769601004844844e+01
2.408115938643508969e+01
1.893265194195225831e+01
1.787151604036900920e+01
1.017756757412695379e+01
7.678162469196706752e+00
1.715495297953401632e+01
2.279714031932311968e+01
3.104076215749402934e+01
2.158530805735438207e+01
5.783962972692179960e+00
1.400115044747282411e+01
1.729309427992856740e+01
2.098328843890313067e+01
1.418097984196327843e+01
1.881540563343437356e+01
1.849969329688101283e+01
2.391197277554314837e+01
1.691764545079966098e+01
4.408035522911887938e+00
2.628783396293219710e+01
2.136593863501133939e+01
1.689926183132315884e+01
2.675626483646715315e+01
1.953114341938052689e+01
1.765055586223731154e+01
2.290941202215181249e+01
2.932298833715294961e+01
2.324287320134765622e+01
1.330099218951287554e+01
9.121156942232275355e+00
2.460418317749879691e+01
2.392504514545481697e+01
1.773266249318353971e+01
1.653667797969480091e+01
3.002437907545625961e+01
5.510219088492519290e+00
9.239303404985363954e+00
1.439459964511945600e+01
1.133375944240600575e+01
2.393737157900250168e+01
3.561863135251037704e+01
2.761317552640986150e+01
1.381500157570555842e+01
2.704042941841137804e+00
1.394356337535329260e+01
2.063830728417640614e+01
2.004049376635555291e+01
1.592348190857900647e+01
2.460229572511545371e+01
1.921222038275841726e+01
2.212726669231565779e+01
2.100500765958295801e+01
4.484580957646272736e+00
1.900134014632769208e+01
1.821962433055837494e+01
2.134651276226989580e+01
2.096276452886880293e+01
1.231631384475501534e+01
1.647360288097422654e+01
1.828129917020692830e+01
1.361324780114947686e+01
1.587458666492752002e+01
2.122777516113578145e+01
1.911958230142143123e+01
2.230045350837824003e+01
1.662733792429624202e+01
2.175202179586972306e+01
1.485769209998375828e+01
2.534356814598995555e+01
1.840001084243212404e+01
9.820703202953154687e+00
2.870024532099199632e+01
2.445127545593317109e+01
1.355681959370882339e+01
2.680745150877304894e+01
7.668168803607429140e+00
1.569116993434197838e+01
2.840604025031581159e+01
2.453673325560481544e+01
2.147050361110851213e+01
2.068626067949267622e+01
2.210734381160499140e+01
1.523194465588966295e+01
1.216638283311519331e+01
1.450043945164482295e+01
3.297139293605089705e+01
1.989560993347885187e+01
3.504667024931410424e+01
9.621229449322470373e+00
2.177313783858780738e+01
1.706981800903845681e+01
1.916796109925206792e+01
1.912387471187521726e+01
1.473884206811523967e+01
6.302273659869754852e+00
1.615516642380669055e+01
1.775980396928915184e+01
1.282379629681851441e+01
1.517739901960480609e+01
2.350372803460818005e+01
2.235891647890927914e+01
3.030342968447499175e+00
2.011184515134701201e+01
1.345016226648957058e+01
2.495876857631573387e+01
1.941318951975378582e+01
2.150464474937112413e+01
2.079064141339009097e+01
1.969560560281581729e+01
1.123190230920924648e+01
1.405994546145693391e+01
1.049383214661678210e+01
2.801170884186441867e+01
1.839687657612393679e+01
3.023201930965609563e+01
1.664181955722136763e+01
2.173662837718778462e+01
1.692384107070982679e+01
2.137181846266233265e+01
2.603185223373841950e+01
2.111382618299941782e+01
1.499120249459309662e+01
2.360461710728937135e+01
1.305910140458040303e+01
1.485176877698512499e+01
2.562591337788482804e+01
2.039308240491845226e+01
5.879201056475075404e+00
1.955756841982888972e+01
1.582913774050090439e+01
1.829210724029036328e+01
1.707259476612538407e+01
3.339796728605152509e+01
1.837050030552514102e+01
1.766730033589742277e+01
8.597546712127453361e+00
1.810149960041044892e+01
6.679787495437466305e+00
2.630304183757574776e+01
1.086548143490237806e+01
1.168569817034274649e+01
1.751509614174572960e+01
2.076233064672308615e+01
2.671150140101555337e+01
9.021384062378530189e+00
2.809776976761090594e+01
1.648958589516101370e+01
2.010044511251012977e+01
1.334271732352020479e+01
1.186021302471955607e+01
1.755169769380277955e+01
9.299195168580354220e+00
2.398364318626617830e+01
9.713480338342179721e+00
-8.024036296707492966e-02
2.331214260582953557e+01
2.427892302795906687e+01
1.964529054618558490e+01
2.221596954609337615e+01
2.030600514164851234e+01
1.788727678362998574e+01
1.542532584765443460e+01
1.738076710497357169e+01
1.383399075023812941e+01
3.269633138425704999e+01
9.132986264524802777e+00
3.300555511406231801e+01
1.758000356535687558e+01
1.522198386998813646e+01
2.879164340747520612e+01
1.645591225931748625e+01
2.639842219740354778e+01
1.897772213229150395e+01
2.205215270336775291e+01
1.777920211861588484e+01
2.055952028493169337e+01
3.466499157526642705e+01
2.700322426731645464e+01
1.580867972457856752e+01
1.916648493695596756e+01
1.116114450703270222e+01
2.146826735940061326e+01
2.375756246496035828e+01
2.366520308443733711e+01
1.923773413587807113e+01
1.730142529950045116e+01
1.855470219044615021e+01
2.107777126747706831e+01
1.977024453271017990e+01
1.992543126793464836e+01
1.453946065558515954e+01
2.949830087141203450e+01
2.206515636010009729e+01
1.856166361704570988e+01
1.431264703961717544e+01
9.775948979533239935e+00
1.707232917855835552e+01
1.540949673680584908e+01
1.939558207990313576e+01
2.265674550136576215e+01
1.760791089571051060e+01
2.616527202726034318e+01
1.463047179627638883e+01
1.018518806372053120e+01
2.269985352754932251e+01
2.323612997240202560e+01
6.905411592473029714e+00
1.155039852461801786e+01
1.411648459037853343e+01
3.047634321271338820e+01
2.568947209725421033e+01
1.316717074634217965e+01
2.899171817905757109e+01
3.246637514922318246e+01
-3.157840578608954729e-01
2.145341335389647952e+01
1.662645752255157561e+01
1.741670912054453879e+01
1.867693214278524749e+01
1.698452491370713346e+01
2.224424616566669499e+01
3.667393018725182685e+01
2.038456370007767759e+01
1.694588663460632461e+01
1.789481170620567241e+01
1.443152003743881551e+01
1.746381657862205117e+01
-4.794004311827208653e+00
2.288460717521878962e+01
7.418483569132988009e+00
2.690133014729295269e+01
2.164293328989982967e+01
2.127236091515302974e+01
7.977628825832937309e+00
2.250945349459102829e+01
1.755770446456126876e+01
2.001603091517328892e+01
9.588200527467890311e+00
1.542612939052649779e+01
2.783495831290824896e+01
2.058085073789899155e+01
1.879702738648754234e+01
2.781728484675948465e+01
2.447397621855517968e+01
2.516365249912688995e+01
1.339115250839689253e+01
1.656808678131148582e+01
1.090473592291975535e+01
1.521822815551988128e+01
2.758311992819616876e+01
6.050059922013048208e+00
1.318205975913117811e+01
1.461912405801275838e+01
2.129854756696617812e+01
2.100134901981453339e+01
2.519775512801111006e+01
2.509666079932429739e+01
2.740664211523597515e+01
1.311349579674321575e+01
2.005030945976062640e+01
1.882822333957274452e+01
1.070902765269570978e+01
2.333826532949127852e+01
1.139651849614991619e+01
1.370323541836522452e+01
1.250354002119649977e+01
2.478080358919326898e+01
1.830722358717392950e+01
1.567581278564061620e+01
2.109601367266704131e+01
2.177443696903844028e+01
9.606431409379524666e+00
2.834691571156226075e+01
9.147844767730347826e+00
3.475383013648938402e+01
1.617953003330069350e+01
2.028221737202879638e+01
1.174445731765216294e+01
2.271360719606788336e+01
2.160984486458536935e+01
2.772821784212113272e+01
1.726850910380358073e+01
1.262224341980874698e+01
1.463379247324077426e+01
1.549013221657151718e+01
2.250313351320632194e+01
2.867404149702298355e+01
1.444090864603077051e+01
1.461071308585958661e+01
3.439074876957263882e+00
1.921599381586339916e+01
1.946927051800053476e+01
1.780127489698165277e+01
1.872435416846124667e+01
2.138978613400038853e+01
2.215195271749011852e+01
1.759771155784428487e+01
1.871640331514901590e+01
1.162342350983698225e+01
2.415025612433760216e+01
2.257234648889185280e+01
2.377843187435820482e+01
2.782762943805680322e+01
2.344080645444424249e+01
1.535835681533269081e+01
2.533300442144377485e+01
2.233089461749689519e+01
2.887749205692885823e+01
2.060903270737969706e+01
2.829633890073701252e+01
9.936866869736206809e+00
1.641192568001125096e+01
2.010829468990022662e+01
2.832304675740884647e+01
2.372167922214174496e+01
3.059459992569699693e+01
1.910231624613444978e+01
3.903047215292716032e+00
2.278074034812091497e+01
3.137595590161782866e+01
2.092871944282364893e+01
2.059496457717264661e+01
2.615441932189156660e+01
1.049598655571476513e+01
1.802382781497282593e+01
2.122514886645927135e+01
1.680076944657643168e+01
1.803693134806841414e+01
1.698248527522715534e+01
1.821476898843857839e+01
2.167560269564408060e+01
3.544471776371202765e+01
2.821676863448644212e+01
2.335564089746228689e+01
2.862690151483771928e+01
2.500007305490544240e+01
2.581742188559561413e+01
3.307991122711824517e+01
-1.078329280933047585e+00
1.532567842355473431e+01
2.711237544483391559e+01
1.588043033358047751e+01
1.027093757074189284e+01
1.308574498321369362e+01
4.433072809424686511e+00
1.943252074637135252e+01
1.741085992980642771e+01
2.194879403184750544e+01
2.062025933428949998e+01
1.274938910438984863e+01
1.296814233950985340e+01
1.379697492616400467e+01
2.800661630334924013e+01
1.669604886725617376e+01
1.167566366743723449e+01
2.010136242542667162e+01
1.777169672695569602e+01
2.126537313869880563e+01
2.456568201055084444e+01
2.975984845650498301e+01
9.869139294265352191e+00
5.893819401076044073e+00
3.621013048728521255e+01
2.387536902594800381e+01
1.754616765271070733e+01
1.454537161132130052e+01
1.822623129957572985e+01
