1.290622185554583723e+01
1.656816399375586002e+01
2.566904327587263879e+01
2.102757991127099046e+01
1.071394977958043171e+01
7.489646015375797106e+00
1.939246217311537634e+01
1.352984782958577625e+01
1.378017787294398033e+01
1.768327836413093479e+01
1.577727208759480959e+01
2.056043008401201178e+01
1.846632600064041441e+01
8.551421124293199227e+00
2.718588514073543649e+01
1.028160872684574656e+01
1.700298351416725495e+01
1.850052561224202918e+01
2.411811707719438402e+01
1.957003878382788287e+01
1.718707287769073844e+01
2.291146498695003686e+01
2.702700862060957832e+01
2.443215742684287761e+01
1.118740757777090522e+01
1.697969636172344110e+01
1.054925148670915291e+01
2.552192969876581685e+01
2.215819208200186097e+01
8.258390586817498047e+00
9.307109561090641137e+00
1.836491687584855015e+01
2.496297659918833034e+01
1.683376883137867708e+00
1.295029926878399351e+00
7.417604324166944707e+00
9.158691014763476801e+00
8.803469332438808692e+00
8.993962433555267921e+00
1.622221640751313032e+01
7.216326344925747094e+00
1.751464158339432942e+01
1.777463169582988201e+01
8.644661808549614079e+00
2.575007215416678719e+01
1.564384296213158621e+01
5.722230950466254740e+00
1.448971019874193189e+01
1.627833338473260483e+01
1.329224788668803114e+01
1.405393766741408967e+01
2.308381701662858632e+01
1.355328665968166035e+01
-4.512387108455627072e+00
1.197134327784314678e+01
2.104231631011677450e+01
1.533495651738682852e+01
2.005833595469221109e+01
1.325633101235300160e+01
2.001260755041424488e+01
8.644984748883146608e+00
1.603714970408586282e+01
1.426070879460800711e+01
1.086359261194772330e+01
1.651666772613566536e+01
1.225707388138911824e+01
1.097229261184968152e+01
2.157120147698402945e+01
2.725949691313425660e+01
1.558691346740327788e+01
8.558087398536386559e+00
2.163881534822731822e+01
1.301077520943721311e+01
1.863909165590156647e+01
8.209514338107197773e+00
1.189641732839052679e+01
1.476868288407160890e+01
2.205015140949913643e+01
2.606243106957543887e+01
9.841065981457020939e+00
1.170056271199185005e+01
1.158970736914584165e+01
2.437078937188796601e+01
2.477988939401983259e+01
1.509118512535827961e+01
1.613265406586695860e+01
1.963275492856023163e+01
1.550858688650527029e+01
1.566739173084879155e+01
3.544848555529995338e+00
1.289161277198797961e+01
2.703848817938710170e+01
6.660615902795967713e+00
2.636537857920542649e+01
8.998244088662730178e+00
1.452168643909585910e+01
2.670801038531469374e+01
2.071049064596842726e+01
1.398128617740508162e+01
9.680499342240366900e+00
3.101205574311202895e+01
8.112579527698585480e+00
2.284808595547563215e+01
-6.434025210728805177e+00
1.667275037951620220e+01
1.840752618016293241e+01
2.184984429839440168e+01
2.086055476857666235e+01
2.017588313370190178e+01
5.585289877528779812e+00
2.143210757073796202e+01
1.849090994489773010e+01
4.092377220419734840e+00
2.422767575079586067e+01
2.225882102896143522e+01
7.602448474645981946e+00
2.496419832466403221e+01
1.345730488875004482e+01
2.569299094261182148e+01
2.164626553638271389e+01
1.695705668054651483e+01
9.432836778827848434e+00
3.130659800787726965e+01
1.693705367852315646e+01
1.332902012137097358e+01
1.823777641008273065e+01
4.518240159464411931e+00
1.536161614812707654e+01
1.061497288156697039e+01
1.797675893459361873e+01
3.286367456578795299e+01
2.480856256368961255e+01
2.045181190825191209e+01
2.004456830158810021e+01
1.704463234478126310e+01
1.942542878177511767e+01
1.955109902383570386e+01
1.668682326056173792e+01
7.343939823252981114e+00
1.269532012214827432e+01
2.051701823008943393e+01
1.954368926217898661e+01
1.437343172944007108e+01
1.243879093721533025e+01
2.595173938135952341e+01
2.354393619004798666e+01
-5.586688544584589522e+00
1.213199333254354428e+01
1.986058796942535309e+01
2.538054912580666667e+01
2.279495895743670530e+01
1.490892931194919413e+01
2.201991042547263078e+01
6.432365280298313337e+00
2.017552917674531443e+01
1.960853268455683462e+01
1.487362297559272406e+01
2.348864481863944320e+01
3.289109432860781368e+01
1.468026956069918754e+01
1.714021520954796074e+01
2.189545263664304997e+01
2.355529133088181482e+01
5.288699141676417526e+00
1.944269080310203890e+01
1.939516168509852889e+01
1.424405488989108903e+01
9.406333937410295221e+00
2.005041846722139098e+01
2.461759749220752269e+01
1.263421577772815851e+01
2.911172676187091213e+01
2.226321778478852309e+01
1.551282826525675773e+01
2.567784677850211494e+01
2.666360426419657870e+00
2.065985511843383904e+01
1.521934183424900766e+01
1.795341760913125739e+01
2.620334279009699685e+01
2.198359305622597049e+01
2.629955350493946042e+01
1.626055580702215764e+01
2.592095608479672819e+01
2.043738103422575136e+01
1.505675802017589149e+01
1.671846020255692622e+01
2.073949746441421382e+01
6.289300787944796411e+00
2.439741020327079468e+01
1.788265206010784425e+01
2.080530024911621467e+01
1.979551636144834958e+01
2.235092088508939412e+01
1.762032419785383297e+01
7.464237335110396998e+00
2.233675556813375351e+01
2.421800082771821394e+01
1.177289262519644097e+01
3.190804341970266478e+01
3.096455528551051373e+01
1.684057740815970305e+01
1.976852238412087814e+01
6.460581376522469554e+00
3.115338358003154440e+01
2.219477555308120742e+01
7.485885327622824548e+00
2.292539462739026845e+01
1.211232110160953113e+01
1.591081370893660107e+01
2.434595116823339112e+01
1.930688185237769261e+01
6.828581864555218317e+00
1.490171673873270208e+01
2.133802433084333927e+01
2.668043466569942268e+01
1.023441795605631910e+01
1.694575620789728987e+01
2.621988747128295927e+01
2.278060473670154096e+01
2.232208525804304600e+01
1.129950870194542745e+01
2.187727088929172936e+01
1.417949959705838126e+01
1.002632674679067293e+01
1.112749677964774264e+01
1.357364871913823379e+01
1.072047240740769780e+01
1.257312248964925061e+01
1.863093989710178988e+01
6.285479184416232101e+00
2.755022358899765322e+01
6.737638190511816561e+00
8.207583806532966264e+00
1.294769567740850391e+01
1.456962516869684521e+01
1.848746277298453577e+01
1.961288874260620219e+01
1.477937194192425352e+01
3.043570188950368305e+01
1.230617697526274412e+01
1.168204065789959145e+01
2.023866572663031604e+01
1.568196908659277256e+01
1.307935080438076625e+01
2.248684415322135521e+01
3.021568105770384705e+00
1.132115342897917287e+01
5.103839214967479165e+00
9.879546924299901889e+00
1.314482341764005469e+01
1.230369827860322118e+01
1.101926808642096489e+01
2.168905715689517422e+01
1.711724704247423290e+01
2.749983507738245692e+01
1.240911101767738955e+01
2.030233643631719076e+01
1.496785620881787793e+01
1.980167941684999278e+01
1.698379194184344954e+01
2.516938790451223440e+01
1.497469052783995380e+01
1.057084327901179677e+01
1.619599456448835895e+01
5.154688202643768591e+00
2.206676689154701876e+01
2.013081969276483107e+01
1.748714972635358578e+01
8.405029042549301721e+00
2.199768027936811166e+01
1.496262032395256369e+01
1.431348655932947622e+01
1.390112151870958712e+01
6.635627638228669412e-01
1.461827806076322389e+01
2.768859050928136156e+01
2.168221692174991233e+01
1.875038313626153297e+01
2.592090479752179277e+01
1.583963128111786034e+01
1.166719709549856532e+01
9.042315235244103633e+00
1.644335487264726225e+01
2.040506658794456030e+01
1.922551449380195265e+01
2.350723462687421517e+01
1.476071969231898606e+01
2.028333327951710174e+01
2.466398865897305370e+01
1.961061776489772512e+01
2.038228856765628905e+01
1.466017512837184711e+01
1.863546435627993958e+01
1.145492631218274937e+00
3.523785670673817094e+01
1.522291547995672545e+01
2.382391281579464959e+01
1.634146769607760064e+01
1.654250649516963989e+01
2.146279457137213598e+01
2.010657863747386642e+01
2.002706959417888299e+01
2.075704595391356122e+01
2.596396517119518421e+01
2.014707334232652158e+01
1.884106431310058838e+01
1.801131715602593886e+00
1.448932402615092485e+01
6.989411005191485060e+00
1.586101145454344419e+01
1.475044127858056697e+01
1.063096351255663308e+01
1.009271705484469805e+01
1.482591420532493487e+01
1.186293953501372300e+01
1.104363585149839366e+01
2.621555904038450535e+01
1.556122919131699689e+01
1.846008746847232374e+01
1.817955517421860634e+01
1.163944064841085435e+01
6.393119866331161916e+00
1.247135810989148297e+01
1.713290322167821955e+01
1.543324018714498891e+01
1.288535325998894621e+01
1.263640543306294717e+01
2.063131184457310496e+01
1.732406754910589086e+01
1.418620180021770238e+01
2.022453141003757082e+01
1.267605906345971789e+01
2.026407284711943646e+01
6.320393522494782701e-01
2.791063584945997889e+01
2.136980287461908290e+01
1.482056113740740955e+01
8.954153658422484341e+00
1.311258900786161519e+01
1.870831886584070247e+01
2.158329989014440287e+01
1.297796579104991110e+01
2.353632968608303599e+01
1.609908738148660490e+01
1.996789561677656621e+01
8.256354060560440189e+00
1.329014649120546920e+01
9.900350733971748696e+00
8.490845748431965490e+00
1.850842760715902102e+01
1.636563141702092850e+01
2.253787740137170204e+01
7.428015984892368806e+00
1.787983022860555593e+01
1.801102948224783518e+01
1.251680979453554698e+01
2.611697618684493705e+01
1.209925939693081887e+01
1.265204302963822158e+01
2.974999300954205239e+01
1.071096552710073269e+01
2.282117314074552894e+01
1.333404819449636136e+01
2.476442556808368067e+01
1.686645573270840259e+01
1.494449155375556870e+01
3.060690327636736185e+01
1.914992045342343374e+01
1.413639826573706415e+01
1.891518518343991673e+01
1.344063304758068966e+01
1.792409607373862457e+01
9.347901391017316541e+00
1.301747164914213784e+01
9.838658217771580894e+00
1.346882307610476914e+01
2.605307772339221373e+01
2.710034417314439281e+01
1.285168307546052802e+01
1.921644577296783751e+01
8.931763602586642037e+00
2.275861261717572859e+01
2.588337176485569557e+01
8.892799139955286591e+00
1.403476510984222614e+01
1.157707323406937405e+01
1.802567011457681190e+01
1.020589381954414421e+01
1.177348571166375280e+01
1.688053473916453129e+01
8.343434630921933604e+00
1.541126765827192457e+01
1.445768336495339668e+01
1.852009344444277161e+01
1.561483529435577111e+01
1.195338787879185105e+01
1.123269656693697982e+01
6.375338529527866172e+00
1.709240090616739849e+01
1.872570836304714703e+01
2.011947838101961139e+01
1.600250003716166702e+01
1.716051721379432138e+01
2.202387447902665940e+01
1.090299780737558422e+01
1.938665423576722446e+01
1.235971576021955798e+01
3.367227787858261223e+01
2.259161873080750382e+01
2.222270775618547844e+01
1.200202622238570882e+01
1.459822265126499730e+01
1.745923687651703915e+01
2.172983617970641035e+01
2.155185403887298889e+01
1.118344701727625079e+01
2.384253207604599822e+01
1.825187196651666000e+01
1.573130613626167928e+01
1.862273348505932091e+01
1.299925686555170046e+01
2.258192433603623783e+01
8.035656058214897257e+00
1.966366738423489835e+01
2.448746610638318089e+01
1.533641640434288433e+01
2.363834702894229167e+01
2.025817482098936750e+01
1.669999712823171478e+01
2.334416763572387765e+01
1.909119437797630781e+01
1.244549171967567247e+01
2.594220605566692228e+01
1.911410996010076246e+00
1.763435113738660220e+01
2.603977304686985406e+01
1.075330383306324933e+01
2.475863672447098907e+01
1.583213531953255426e+01
2.640210055219239393e+01
2.042410117463661834e+01
1.081734984001563760e+01
1.505161675113076569e+01
2.957961902666527010e+01
6.389859428255704188e+00
2.411941203887248264e+01
2.148946873396568691e+01
1.482124271429724160e+01
1.490835388277039897e+01
1.936387599122535619e+01
3.094410800740662637e+01
2.787758240520649622e+01
1.262522797711193334e+01
1.305934481657007495e+01
1.920406329987937255e+01
2.807929813284019360e+01
1.307665639971368421e+01
1.742182552500577231e+01
1.497974995034164181e+01
8.864305623873235618e+00
4.429238679577558457e+00
9.473886933207410266e+00
1.684080404759674821e+01
4.618349908074051768e+00
1.839274666271403902e+01
1.591873253948362787e+01
2.742921314420374301e+01
1.049361381939536386e+01
2.276141809248204595e+01
1.358382464419736380e+01
1.520674664683124888e+01
2.042423171927810444e+01
1.200611136631459885e+01
2.413782102343489555e+01
1.782606828213950223e+01
2.215039988256903314e+01
1.213460901097927547e+01
1.594703018135402317e+01
1.494891257871332613e+01
2.143672050352703451e+01
2.169854945181626249e+01
2.577755731659273408e+01
2.298426680647449416e+01
2.760104799275367782e+00
1.679598529529447148e+01
2.423163952934764609e+01
8.170672779694712062e+00
2.802740965712136756e+01
2.627664254335216754e+01
2.734271284244589140e+01
7.437131917725665176e+00
1.264569910712427259e+01
5.436922596059361013e+00
1.823261162344198993e+01
1.706627350271639898e+01
1.782496911053264910e+01
1.359972080161361419e+01
2.344330395950233736e+01
9.666812764842035222e+00
1.211956776375882328e+01
1.541439928311646668e+01
7.657788468641157920e+00
2.605865674158631151e+01
1.647461921061309909e+01
3.138532893223084130e+01
1.809592022654531718e+01
1.161469519960789398e+01
1.363163181499420773e+01
1.886502473230233790e+01
2.355952754954206796e+01
1.891557303372947985e+01
1.675440445243698662e+01
1.551905853202721630e+01
2.463492804458015684e+01
2.760434285754755024e+00
1.749349058181015693e+01
2.295644370357268826e+01
1.746604146153354975e+01
1.119132962320981051e+01
1.118775018202741478e+01
2.838151663441067996e+01
1.955995887211155804e+01
2.732235265064656460e+01
2.336059225708599030e+01
2.439454751177124336e+01
1.959615093070650005e+01
1.773404771768311150e+01
1.016148966998827063e+01
1.715134421735007209e+01
1.600097364744429740e+01
1.004660767126571841e+01
1.853661663698395046e+01
2.702178813904708932e+00
1.095025278554119552e+01
1.810504569064282521e+01
1.834132831524152607e+01
1.294656777034748529e+01
1.712781832897036338e+00
1.709191821701853087e+01
8.294421903474969326e+00
6.427765680272784721e+00
9.156761781515598386e+00
2.169320389052763431e+01
1.824263507349629521e+01
1.545156482305057466e+01
2.007469791576352236e+01
1.795372236107105834e+01
1.349685752656330351e+01
2.776945702550166573e+01
2.520126081095753534e+01
2.237278917519503096e+01
1.154100673888621031e+01
1.156742114450743486e+01
1.258499143413845900e+01
2.093666611012852741e+01
2.551195622631237825e+01
8.801308891651785871e+00
1.853403126788730759e+01
1.171449382332789924e+01
1.740532366213687965e+01
3.164504570697815211e+00
1.764782667834676033e+01
2.395646918253002156e+01
1.853250402171994438e+01
1.419109873933703625e+01
2.321742671419677606e+01
5.952328652117941488e+00
2.300824213643531380e+01
1.902075669927815227e+01
2.560118567346393093e+01
3.015004574238005830e+01
1.965928997879737494e+01
2.040480092324960282e+01
1.313754217510694389e+01
1.801715848784257190e+01
1.579969632750156450e+01
1.303004415502756785e+01
8.030951216308068297e+00
2.417176494807625886e+01
9.752783919197412388e+00
5.213785798018037099e+00
1.829242752004986272e+01
2.043090660073019649e+01
2.027248853169185594e+01
1.597044456935022083e+01
1.814416918702387704e+01
3.431521170637866902e+01
1.047528979768438262e+01
9.454729528746355527e+00
1.001069612574053735e+01
2.143489509144049521e+01
1.887952563830590691e+01
1.751886466205229453e+01
1.565351430989335313e+01
1.855287873290485123e+01
1.807352442135696435e+01
1.297350798321978971e+01
1.901435004339508339e+01
2.402456316642336276e+01
3.015170173686970401e+01
1.629744741975559919e+01
1.865952930555158673e+01
1.197431970064080531e+01
6.234065426105686925e+00
2.173575120512554548e+01
1.711519049584225627e+01
2.510640130970672601e+01
2.154417061127547584e+01
2.982561092250004720e+01
1.736174509926134135e+01
8.052588105034303112e+00
2.055715816742635127e+01
1.890695493718614273e+01
2.219961684456319517e+01
8.711393519580468592e+00
1.520268009035051193e+01
2.243257850415268706e+01
2.594954599041324173e+01
1.392552380086885933e+01
2.324370017728885784e+01
1.902647026407955622e+01
2.296926915215136944e+01
2.997217893176365067e+01
1.002057503650013359e+01
1.380265993910791167e+01
1.803153832490248476e+01
2.003816463623128641e+01
1.392704524161729296e+01
1.884238284387009088e+01
5.981477490625437099e+00
1.931427155598535705e+01
1.431954022487578015e+01
2.039520829333019236e+01
1.730128233375465641e+01
2.201401200951798387e+01
6.557327449981386280e+00
2.482382997355534116e+01
2.866863303859975076e+01
1.551440627302345376e+01
1.640691325736635520e+01
1.958429927220560529e+01
7.993013872816447929e+00
2.819867757469495473e+01
1.866197358937511552e+01
1.360917291835578169e+01
1.189328690043234360e+01
2.088418235739694495e+01
1.101776378829480052e+01
1.370818039469981642e+01
1.550165773072114916e+01
1.694396768757641780e+01
1.613674759231138012e+01
3.465499150117612714e+01
1.916230675957202578e+01
1.257810245980356001e+01
1.257045538547465924e+01
4.957025796144193919e+00
1.519725644715350654e+01
1.569165726467865341e+01
7.198807040367043442e+00
2.710095421244398040e+01
1.826183735487875026e+01
1.807680052353632050e+01
1.913151321829927554e+01
2.032109768970228458e+01
2.067344758822102335e+01
2.335739929076927979e+01
8.948485664482873858e+00
1.758359036441764545e+01
1.391905639924031846e+01
1.620113517511276768e+01
1.328871225958712898e+01
1.101034098759170377e+01
1.969717038210200144e+01
1.081660593252985336e+01
1.350729177078375187e+01
3.009561893742204575e+01
1.411735354220304117e+01
2.552667470478222356e+01
1.329258424783229486e+01
1.543446513074793813e+01
2.934461167252877090e+00
1.903704792086612940e+01
2.741853077115163728e+01
2.020941537067475480e+01
-4.034295821000057458e+00
1.792228057808645758e+01
1.070206814680980756e+01
1.349519536873511072e+01
1.443865984621780285e+01
2.957322466156201557e+01
1.744732617252718399e+01
1.122159298523106230e+01
1.664081325202012351e+01
3.751124362194531159e-01
1.597927020783984631e+00
1.036111502081270430e+01
8.458574876568405898e+00
1.366670038032492585e+01
2.525537267986095458e+00
1.808335079673909718e+00
9.326922531495270619e+00
2.008965952080050243e+01
1.346840050855904281e+01
2.267130550993076099e+01
1.412392721654488525e+01
1.184454995776441422e+01
1.004344066245722900e+01
8.444308207064665339e+00
1.165353584999803616e+01
2.649413508300455078e+01
9.826111082174179501e+00
1.684167940554111453e+01
1.295190990768651318e+01
1.306077985820836318e+01
1.622045676726494889e+01
1.526177338941727157e+01
1.890716340483002966e+01
1.193417519234486690e+01
4.679078162287524378e+00
2.747385822088523355e+01
5.135772353300723125e+00
1.676929923604565431e+01
1.535489903228810249e+01
2.413395365636539225e+01
9.525706908060982414e+00
1.493242839950561063e+01
1.709328521775046283e+01
2.209998481142372384e+01
1.423984988388829720e+01
3.904613466803994015e+00
2.472332709561814568e+01
2.240986338020444180e+01
1.587961730280376571e+01
1.964711325999013525e+01
1.421907441203536848e+01
-3.866886333561438960e-01
1.169724639642947750e+01
1.487105332429812421e+01
1.557090126584395762e+01
5.330479744051629609e+00
1.269144032348651763e+01
2.207274274563614824e+01
7.450327130245156582e+00
2.049570783748076508e+01
5.167261951653784990e+00
1.140261788812307486e+01
1.945346514833691742e+01
2.613703175128920009e+01
1.624642010284675564e+01
1.053008015325521285e+01
1.009144169898750931e+01
1.031384735399642238e+01
1.366056343839551346e+01
1.924824568399327518e+01
2.641181601805783430e+00
1.920898946332577140e+01
1.896562998558316337e+01
1.508961450049780240e+01
1.631769333964692237e+01
1.435218572137888771e+01
1.386569790130486979e+01
2.944044737013503266e+01
1.045675574529890639e+01
4.997658169995176536e+00
1.595602602297205408e+00
1.589347769668596300e+01
2.686237704315675501e+01
3.011745752159683320e+00
1.882756241517773077e+01
1.742378852582049831e+01
2.087783623167359792e+01
2.888843735091349174e+01
1.855514209284997662e+01
1.809897471091943544e+01
1.407232606308284062e+01
2.126470722958661952e+01
1.395911824337190410e+01
9.301247454875692711e+00
9.300352368033443895e+00
3.074364895115137841e+01
1.869317315723520778e+01
2.402836588293958187e+01
1.680373871074857561e+01
8.141850850302034814e-01
1.041811162036053418e+01
1.541203345034750782e+01
1.793682627992836842e+01
5.416219867918286468e+00
1.774571448945588514e+01
2.089966998778467655e+01
3.322407444689363842e+01
2.123995003014451299e+01
9.481369797516123299e+00
1.284197908980996772e+01
1.351735658777377580e+01
1.690249213017466445e+00
2.755946038511125096e+01
1.937216634558598116e+01
3.192778402011128946e+01
-2.995173211128545177e+00
1.524565442122778336e+01
1.003345435063010882e+01
2.313669271125186100e+01
-4.297930248872702919e+00
1.657583608111418982e+01
2.219548483719870546e+01
1.641597357703132332e+01
2.013637646830618166e+01
5.323844442201021820e+00
2.844354437955252024e+01
8.454324783177696645e+00
2.470735768660694021e+01
1.119167451481960995e+01
1.567854717272327036e+01
8.411696700302769614e+00
2.743886989459447534e+01
1.163137127225434142e+01
2.107912800043446566e+01
1.428305093621972333e+01
1.406601067281808071e+01
7.744426455936761045e+00
1.704853419976674900e+01
6.701075289643554811e+00
1.233407764238846482e+01
2.438163830955799938e+01
2.288105224822211881e+01
1.494274786095087393e+01
1.344825015983391836e+01
2.054090261800040196e+01
1.836089022163862694e+01
1.659752211110088638e+01
2.306096478589527266e+01
1.229369344491189509e+01
7.673311933349502567e+00
1.306435159190193929e+01
2.234286241330659095e+01
1.123575646481465640e+01
2.389075403486371840e+01
2.088859207267439189e+01
1.534662646376621353e+01
1.709372797800213561e+01
9.731142351778331090e+00
1.986086350120982047e+01
1.242088333354220708e+01
2.116138879235944614e+01
2.344335914144008370e+01
2.122053333797269659e+01
8.011399692559720620e+00
2.464883255628723191e+01
2.126205001956623164e+01
7.709242943506474433e+00
5.537880067195175116e+00
4.910513770246055287e+00
2.013136496516044360e+01
2.642388864939089643e+01
1.824194086699240813e+01
1.867296557191025386e+01
4.893287966355416074e+00
9.038811419215249998e+00
1.829697590689224995e+01
1.729992923409163552e+01
8.380918944612034238e+00
1.806450730156640816e+01
1.425164213701792448e+01
1.341668813786643000e+01
1.688700526930041690e+01
1.620799947522765194e+01
1.576066272355112119e+01
1.626897500208639258e+01
1.294804702628266568e+01
7.892041390872606144e+00
1.265233591902343591e+01
1.948918205254454250e+01
1.375908359066204412e+01
2.010238882754419620e+01
5.942104467244405441e+00
8.620488398786605444e+00
2.769060107003241455e+01
1.518386191050876732e+01
2.439950155252509489e+01
1.926182669607168663e+01
1.792744629571465964e+01
1.893672827012629512e+01
1.428944565564798097e+01
2.200821485595940175e+01
8.162765919476754561e+00
1.555327148348385435e+01
1.931321508104586826e+01
2.990247735877466795e+01
1.384596533856669964e+01
1.164790941570623772e+01
2.675689609165463878e+01
1.193350422417660184e+01
1.966619791146796103e+01
1.349249295354231037e+01
2.050926157851577614e+01
1.884954353410657291e+01
6.039593216570423806e+00
1.682228697223997926e+01
2.005694432305062946e+01
1.021638885067230262e+01
2.607104068580274259e+01
1.371871159617926139e+01
2.352414554863717910e+01
1.617677216420143793e+01
2.082309192418128418e+01
1.075469786345270506e+01
5.483003723355196257e+00
1.974909382725839180e+01
-1.204099749963916111e-01
1.758539484996101265e+01
1.807044164488966942e+01
1.312090147124295925e+01
4.738404993317288927e+00
2.036346113399454083e+01
2.586620244708070260e+01
1.031453388336036880e+01
1.700363521928606048e+01
1.473152471036266320e+01
1.414763982110042662e+01
7.447375408822537679e+00
1.152311847599360561e+01
2.144727716984791499e+01
2.286855468918528800e+01
2.702889285100401651e+01
1.551140272198422565e+01
1.547745504691685881e+01
1.081941852185384789e+01
2.268985002716469523e+01
6.799857076400627420e+00
2.072133369553740323e+01
8.711076613500594590e+00
1.063536723045756105e+01
1.563128195570111245e+01
1.507437626859839952e+01
1.365405342842906578e+01
2.790489154926063975e+00
2.388702784584118888e+01
1.033134070493379397e+01
1.845808616628962540e+01
2.186283824484722516e+01
4.890295178761078887e+00
1.573755636580774819e+01
1.293566881539706515e+01
1.704272722750440039e+01
2.216303385018064631e+01
2.104041506746267487e+01
9.354995337976660608e+00
9.574713894256504432e+00
2.445900009320489943e+01
1.711213007127804531e+01
1.689891158959859752e+01
2.288050856868269989e+01
6.233917878516692213e+00
1.687090165731000013e+01
3.038286581488581817e+01
1.456965918600576515e+01
1.669656204598352645e+01
1.924589249264318624e+01
2.239253910013106719e+01
2.039358030389110610e+01
1.806293676337568854e+01
2.754493534757742168e+01
1.795939087108743593e+01
6.402816353122460669e+00
2.059933606480919366e+01
1.125992041444219183e+01
2.118546724180249896e+01
8.329829825371845686e+00
2.458526699359863699e+01
1.700942710471795749e+01
1.683725992718271414e+01
2.238505439938028729e+01
1.741319781456854798e+01
1.915154275388678684e+01
7.535888727266666365e+00
1.999480808869107307e+01
1.389560304090313991e+01
1.248363276088451812e+01
2.369756390909401489e+01
2.801442149156265771e+01
1.887956558640480154e+01
1.460859684299657602e+01
1.684583713884951095e+01
2.641943189388489088e+01
1.311548910141775082e+01
2.248376326811489889e+01
2.361919932088269292e+01
1.663789942739980887e+01
1.533327022405764239e+01
1.900402121640561859e+01
2.227648245375506519e+01
1.481592556035219133e+01
1.444338953817191396e+01
1.165683333223586260e+01
1.640937199382509704e+01
2.691499805049001992e+01
1.880085528432221764e+01
1.453592650834457345e+01
1.865944001425923915e+01
1.351980563727146034e+01
6.795912712854473625e+00
5.669320962403389785e+00
1.005559373930654488e+01
2.134167965210442475e+01
1.549647372112673338e+01
1.274201417640270506e+01
1.132154315422553736e+01
1.623514193356508883e+01
1.233031594643615847e+01
1.843587499097733939e+01
1.415644484669645919e+01
7.834853592684453361e+00
2.398509532174297476e+01
1.525572690567065592e+01
1.945293648554078914e+01
1.009360352581119002e+01
1.992979889856255227e+01
2.532540420257338099e+01
2.366192306685191227e+01
8.320652447001890550e+00
1.780570387887097183e+01
2.731938742914380214e+01
1.304582291751705725e+01
7.122400924245781084e+00
2.343346360705388776e+01
2.315535506838543256e+01
2.331927169082682383e+01
2.349209344562383706e+01
7.991023588130246935e+00
2.259999018253279246e+01
7.002558559174673292e+00
1.718694741988952046e+01
8.892971875801777060e+00
9.864208265162375255e+00
1.745979156058949400e+01
2.113853031474006627e+01
1.336807582843580633e+01
1.324082620537498656e+01
2.165089580004217140e+01
1.894872396783586055e+01
3.128081981392666222e+01
1.676194774494614137e+01
1.079795056923531149e+01
1.803404777682455062e+01
8.201388805375160018e+00
1.326409952360846489e+01
2.187299026248611256e+01
2.491984591813616134e+01
1.237155178874401429e+01
2.011550475042983521e+01
2.138891627022494646e+01
2.513559182533916214e+01
1.127119509171997436e+01
2.310352715325215911e+01
2.259129234449049761e+01
2.280935080603620690e+01
1.439812352245985494e+01
1.831056727600554268e+01
4.298004865426705123e+00
1.143346545565309214e+01
1.889699038177372614e+01
6.403282510339579403e+00
1.996563123556671826e+01
1.734391158162712543e+01
1.023929127228441871e+01
4.753190755843718307e+00
1.769378716575744193e+00
2.784061987065815913e+01
1.876394761951070933e+01
1.171608661974771337e+01
2.527456075516015233e+01
1.446501667483501308e+01
3.104897697339239926e+00
1.879783014333324331e+01
1.723273219558049618e+01
7.207955451783178091e+00
2.351848583618992450e+01
8.954095191311949975e+00
1.909555139852639627e+01
1.161966291891104675e+01
1.700626351859571628e+01
1.585444087936112112e+01
2.482921310432964646e+01
1.023707235854531916e+01
1.311980489575071829e+01
1.090043829446395307e+01
1.617042982826231423e+01
1.390219764292433524e+01
1.545521575754683852e+01
2.973350500702774468e+01
1.327762593305834571e+01
1.738317359960227293e+01
1.319430775777564691e+01
3.356921092578712518e+01
1.528214132538215608e+01
1.650952277127228740e+01
1.455006108877611837e+00
1.612106596065947883e+01
2.376928893256720698e+01
1.835115029718186008e+01
1.089497567136362477e+01
3.092892618502465751e+01
2.113650133788011232e+01
2.773541613437741660e+01
1.939946853873925647e+01
1.696259305134358897e+01
3.461001478611635207e+01
1.908043119376005592e+01
1.010115172520816884e+01
1.863385682173263547e+01
2.149317598594474532e+01
1.046814179843798343e+01
1.754989389269346134e+01
1.703696430697269193e+01
2.153332588659397828e+01
2.101813929632011479e+01
2.147916209072930371e+01
2.129106986724939077e+01
2.609890925862460165e+01
1.595186592456475694e+01
9.882268664963348215e+00
2.296591219581856080e+01
1.469524226555618895e+01
3.685380984242698332e+01
1.180020541515857246e+01
2.574019909782720106e+01
1.949070826563713865e+01
2.047864420848384981e+01
1.430973926691262932e+01
1.920405220760429188e+01
2.491421103319702013e+01
1.119028572285411371e+01
1.874758133195209808e+01
3.006180032273671543e+01
2.346068248917811871e+01
1.527337068057903480e+01
2.205753044388738004e+01
1.249170691977570868e+01
2.089835347679996858e+01
1.082629813468732038e+01
1.039888415528794496e+01
1.372538218112805453e+01
8.221238050180744494e+00
2.456675235771251664e+01
1.370177828376129980e+01
1.085735884942440066e+01
1.741740719775501134e+01
3.105097616293750207e+01
1.675574553254531907e+01
1.220118391407623903e+01
1.555199819232446146e+01
1.619956186346230709e+01
2.112205326690423135e+01
2.650697537549682892e+01
2.728610656145229996e+01
1.362776520968110106e+01
2.753239186406982242e+01
2.369786964879533286e+01
3.055864917509541812e+01
1.834468576190887745e+01
2.303322597182810938e+01
1.257800654671514451e+01
2.720527825897628560e+01
1.999661382430363687e+01
1.747393752471536743e+01
9.785433912963355851e+00
1.731967872383481222e+01
2.160922336341263872e+01
2.269001671911685492e+01
1.783155594203320504e+01
1.155745049796982471e+01
2.460584492495515008e+01
1.917310921603954910e+01
1.814125280995465062e+01
1.761461026612146696e+01
-1.056711343936640901e+00
1.447939644810227833e+01
1.680357326785648553e+01
2.256189707624945839e+01
2.461975850565197277e+01
2.181632158035470326e+01
2.186021304229423379e+01
1.819231240763753021e+01
2.381989026007043719e+01
2.410405513752206019e+01
1.337363301689401851e+01
2.993054383663597662e+01
1.436538474867484183e+01
1.329544081788259291e+01
1.069462599604501207e+01
1.592780944591204673e+01
1.411319559633224685e+01
1.475507507798553775e+01
2.008030171786779050e+01
8.718421418528777167e+00
1.144357529339218615e+01
1.068840870554571154e+01
2.138367893686672261e+01
1.334864608692016930e+01
2.015069979823921642e+01
1.752647084168873448e+01
2.706584245259223565e+01
1.040607448901586451e+01
2.168942652620114586e+01
1.902303977181617256e+01
1.538235465435771232e+01
2.079178876903283424e+01
9.721970051108499433e+00
2.109372691279071432e+01
1.312683514298028342e+01
1.149363264462300549e+01
2.593020675347931103e+01
2.211418725676332997e+01
1.984698101633763656e+01
1.177962993617587983e+01
2.681854694128524841e+01
2.084756183945863484e+01
6.687271044841821777e+00
1.588186925914676806e+01
1.637044970305524316e+01
2.226634519576720095e+01
2.219503703826161711e+01
1.845476384096880906e+01
1.239788079266820375e+01
1.766246512478687691e+01
1.018765416505944188e+01
2.398545826650624235e+01
1.889775492495134301e+01
1.571982789530946434e+01
3.167439570141058880e+01
2.156543095336438398e+01
1.694552273079035842e+01
-2.792188223335472230e+00
2.020006073053676232e+01
1.797258923742685965e+01
1.059796315626590513e+01
1.295904752042991959e+01
7.965250477673563978e+00
2.451418670409564982e+01
4.181583106217118484e+00
8.655518133937547987e+00
1.493148881341856793e+01
6.909320492665713687e+00
1.272508274871590572e+01
2.522981507131180479e+01
1.930109729603336888e+01
1.300132850345181623e+01
1.465465272521512929e+00
2.884550907845037671e+01
1.102319486225977130e+01
2.162018341934744114e+01
1.648731053674673319e+01
1.202940249797804029e+01
1.213755609828328375e+01
1.567780416237427232e+01
3.336621269658166966e+00
6.025623554726337261e+00
8.427097585957156411e+00
1.471924942709445361e+01
1.062921907231398677e+01
2.409395168973332346e+01
7.915716577798804110e+00
1.594608267788694889e+01
2.477722137597926633e+01
3.070089693539100040e+01
2.060715067686447810e+01
9.717555177125788646e+00
1.192747363462160592e+01
1.664225716062634319e+01
1.303562582825779970e+01
2.484215011203787071e+01
6.972474160160629708e+00
1.466662338554816358e+01
1.844928207627150840e+01
-1.073162415594467234e+00
2.729567963641642336e+00
2.440417080521304172e+01
1.283029541821137798e+01
2.561531204460177236e+01
2.156447576283541423e+01
1.126932554688283972e+01
1.577065786882222653e+01
1.801364039309903120e+01
1.687558805253697614e+01
1.745126138127992022e+01
1.806098146163677143e+01
2.399723523739953635e+01
1.715002795022967774e+01
1.544780254465825919e+01
2.422105919996924683e+01
2.067730046765851171e+01
2.763713766493020785e+01
2.491568375067722485e+01
2.171100860683668543e+01
2.467526749526599161e+01
1.711088387493579432e+01
2.204580099781296099e+01
9.960078439376374604e+00
3.155273394358756889e+01
1.688964610813172840e+01
2.165583831831219186e+01
1.884763528165188973e+01
1.358655823136899699e+01
3.330558402121349815e+01
1.276525618128398776e+01
2.070518414035532828e+01
9.402471498252182869e+00
1.830421919084955107e+01
2.084504626489317047e+01
2.604495814394731212e+01
1.727402434581924240e+01
1.736339060262979217e+01
5.443808983147917502e+00
1.691706638957164444e+01
2.929654739001758657e+01
4.242274803678682815e+00
3.425864795852234579e+01
1.987200501451719958e+01
1.654960512511378568e+01
1.819423214007687761e+01
1.612247636813154372e+01
2.065828680743339874e+01
1.649918081972842288e+01
1.869435408478484817e+01
9.099099538941885612e+00
1.560378746294213670e+01
2.767208683723114859e+01
1.468544063880437989e+01
2.640939182277337949e+01
2.017912611190011773e+01
2.648696233683988055e+01
2.592817591310991077e+01
1.498603387161548994e+01
1.987416485131544874e+01
9.604490212776596536e+00
1.385276608208158677e+01
2.007706696334525986e+01
9.968667547353277314e+00
1.558403826124006741e+01
5.974437309892195458e+00
1.696743785814066996e+01
1.912794663434219444e+01
2.417863540694597191e+00
9.063523625202762446e+00
1.357138524492408749e+01
2.185912242918381310e+01
1.235195064396779685e+01
2.123745672126543838e+01
1.572358293818062691e+01
2.147934627693847176e+01
1.561164643922995765e+01
1.564503603832410761e+01
1.677025127473849864e+01
7.607184172978818992e+00
1.341727853451858721e+01
2.173029836675502935e+01
1.622531992369822262e+01
1.291713434179683873e+01
1.844305951127398657e+01
1.591086115852787941e+01
2.358796825003943809e+01
2.038569524454479165e+01
1.289143959096594472e+01
1.885808187983938922e+01
2.509959003710030601e+01
2.010405606215047669e+01
2.105349524687467522e+01
1.677244307421959491e+01
2.296756734090665475e+01
2.618579257608519129e+01
1.409147797724696716e+01
1.800767391906946102e+01
1.563582775940655978e+01
2.330120800084600319e+00
1.502635362071465863e+01
1.368699511257754864e+01
1.290501167519546755e+01
2.380371745429923180e+01
9.890315082291458282e+00
3.025455094856454252e+00
1.554438107828420357e+01
2.505790979360912729e+01
1.875774450014225181e+01
1.839063947932734777e+01
7.787382096653018948e+00
1.520144073131484674e+01
2.573883964775752986e+01
2.073089322565577675e+01
3.047961683226887430e+01
1.671018294179138763e+01
1.687283263500096098e+01
1.420855664405874563e+01
2.170057780357718968e+01
1.975397960753166871e+01
1.013144192998514370e+01
2.675566373826313793e+01
2.381241896910370315e+01
1.040946086957505656e+01
1.852676581419667912e+01
2.268465999269131572e+01
2.652217150342892893e+01
1.558907200215242028e+01
1.806490877806979256e+00
5.937715158104225566e+00
2.164500044708525195e+01
1.958053844520088660e+01
2.002484288862638095e+01
1.281800436182649605e+01
1.652373329375564026e+01
1.420463133918359233e+01
2.351319924846086451e+01
2.207167991855811806e+01
1.464596690432911430e+01
1.504175044532360062e+01
1.506348548150495503e+01
6.654650152115422657e+00
2.507475243157777101e+01
2.689485679919073391e+01
1.326755891637755269e+01
9.484535015334714103e+00
2.811402007184647545e+01
8.263505193782535230e+00
7.481948023180166274e+00
1.711445639503020288e+01
9.177163832751134009e+00
2.611423458655868046e+01
8.286602242423839471e+00
1.758042810485180496e+01
2.652107188395462600e+01
3.463491774283562563e+01
2.816796238220730686e+01
1.276467270039289303e+01
1.271331105941310113e+01
1.948158650350760723e+01
1.861939532537547848e+01
1.800413869327833538e+01
6.333173073407465381e+00
1.814090836218213099e+01
1.985631755631848705e+01
7.988254961598556747e+00
2.014887195244558882e+01
1.297503365438760170e+01
2.448906165551917979e+01
7.104200826681520198e+00
2.585493333925407455e+01
1.604281715479456238e+01
1.915976416492689793e+01
2.116521486002971386e+01
7.134029655640389933e+00
1.634772893991825526e+01
2.069983767080671555e+01
1.221842802416179552e+01
2.544101456503004499e+01
1.720338902047974727e+01
2.428969098708978436e+01
1.709928345180942699e+01
1.248824221248648314e+01
2.244432583705368245e+01
1.751242219346998752e+01
1.551845774334657335e+01
1.879073781148842670e+01
2.265109450660092705e+01
1.611186409241427953e+01
2.378099077250611515e+01
1.903275431577711174e+01
1.759807723182980510e+01
1.632426735089011061e+01
1.618112435457616272e+01
1.709918356597775357e+01
1.044502266210459140e+01
2.236042799630925515e+01
2.296660781528090922e+01
2.585718458334262948e+01
1.379955395409459129e+01
1.543808131499744718e+01
1.451778435112346699e+01
1.980449520910869410e+01
8.213176505604465660e+00
1.348763738940266421e+01
1.834940826380749002e+01
6.957012340136913053e+00
1.734686009415210606e+01
2.121073412454025231e+01
2.746727552413113926e+01
1.625038130639994449e+01
1.555790542824105671e+01
9.943145502117985757e+00
2.142300548318232245e+01
1.907803741764737993e+01
2.075143593300398948e+01
1.015866297744400981e+01
2.472393479736996369e+01
6.425741468923391153e+00
2.150524138293071985e+01
2.438354645104543295e+01
1.387353364919491128e+01
2.162153142883673240e+01
2.823114933583433128e+01
1.829593527789330665e+01
1.627671694305118422e+01
5.000569393425308817e+00
1.992767479295197575e+01
2.200019323036634944e+01
5.145075146306723468e+00
1.953209998102417444e+01
3.055005268594760537e+01
1.328053080532440333e+01
2.247526402855555716e+01
1.153401379251147318e+01
1.873497528702862525e+01
2.171583262941067005e+01
1.619126728936014814e+01
1.447587530185306548e+01
2.357615290638695171e+01
9.498173009252852239e+00
2.532313495384063629e+01
1.154093868528885025e+01
1.268940404766067331e+01
2.237161409254073874e+01
1.380621873461947757e+00
1.775705814444341968e+01
1.263062430491174837e+01
1.406522639164037969e+01
1.730985018393462838e+01
3.376624945867661154e-01
2.602113394628254639e+01
-3.823954376676539368e-01
1.733727921087243828e+01
2.654502785961285838e+01
2.163869691960218944e+01
1.797098669195122511e+00
3.150907160984397137e+01
3.152842859832034605e+00
8.358026696990606297e+00
1.510117136282089234e+01
1.636479073823601027e+01
9.755659220874420612e+00
2.829821776680830681e+00
2.693311029905184739e+01
5.689374778402992661e+00
1.878718024365615236e+01
1.641399056107371024e+01
1.283630107535572051e+01
2.295153819271664730e+01
9.416632024468910345e+00
2.033659703076767755e+01
1.380938236163569854e+01
2.348570906074283471e+01
2.524377191062643533e+01
1.736343995637410842e+01
1.265417722985561966e+01
2.088347953013055758e+00
8.537979679738540995e+00
2.084401883347902640e+01
3.124573848763913020e+01
1.709740942580388179e+01
1.455593289280174929e+01
2.560581978982531837e+01
2.058199950784640464e+01
3.276339147397035845e+01
1.123143381971416943e+01
2.343303868128765544e+01
1.682019885485512134e+01
1.030565704153976014e+01
1.036817865612326273e+01
2.132913054294944288e+01
9.022377233771763372e+00
2.105701689436696711e+01
1.953483350373748806e+01
8.522932333981501074e+00
1.582632388889557262e+01
1.879285530036381147e+01
2.581190209883951070e+01
1.660113127080519746e+01
6.435092553969184337e+00
2.462324502170871199e+01
1.225724292637421797e+01
1.959933207181742887e+01
1.212077434774136009e+01
2.838674682259684090e+01
9.213701436314700288e+00
2.152166848490524131e+01
1.000428848085364564e+01
2.005253341921458343e+01
2.356656876030184833e+01
1.180893199489887024e+01
1.612274189051584017e+01
1.520380066599999225e+01
2.425444056044158003e+01
1.580313723363953216e+01
2.180618180132907469e+01
3.280260680126013995e+01
1.354608648529712411e+01
1.860584639633739101e+01
9.590421096266609879e+00
1.492188380542100390e+01
2.494302914350312506e+01
1.445022969250081246e+01
1.493355266054713582e+01
2.298819581958203173e+01
2.480795183153513506e+01
2.283196135687788342e+01
1.849543320856870565e+01
1.655867417845226441e+01
1.633677520929926885e+01
8.086631504999616027e+00
1.506658529453730466e+01
1.098439015485304537e+01
2.273654439603897970e+01
2.635683815089387849e+01
1.746018803855048418e+01
2.796336616115862483e+01
1.507877667678090461e+01
2.825803434930233493e+01
1.653699797129589655e+01
1.862085906438625216e+01
1.806827281965703946e+01
2.213219767280347128e+01
1.951068991673261621e+01
2.179173388882759355e+00
1.169983073572849719e+01
1.878718110993600021e+01
1.194908717610984183e+01
2.085588856442506511e+01
7.674955203980616147e+00
1.731379284545745634e+01
1.799331312896887880e+01
6.097652147527512057e+00
2.449861798773741839e+01
1.546387996217224270e+01
1.099584065143059775e+01
2.106097903891988210e+01
1.884029615213640341e+01
1.734178161289540299e+01
2.498513239016465803e+01
2.934197253153737250e+01
1.743136983169134169e+01
8.987036865366221150e+00
2.553148717883705388e+01
1.253356686400222486e+01
5.904736354934684073e+00
1.665032212437556325e+01
1.421421604052230236e+01
1.776741035495928855e+01
8.759357524753070834e+00
2.378423347167173318e+01
1.776314998981293769e+01
1.637277519611228627e+01
2.325259297123193392e+01
1.595512973870239648e+01
8.282472232931894496e+00
1.281794428503411609e+01
7.422738587300898416e+00
2.441338592353902470e+01
2.172981360134488682e+01
2.399579195970815704e+00
8.874768749869161866e-01
1.228488189609940662e+01
1.202966509272923190e+01
2.032262168958349946e+01
1.829567922402189595e+01
2.548180399601590551e+01
2.170938670323754138e+01
1.890411303401408105e+01
2.649561909554222439e+01
1.996753723476499687e+01
2.071249198918425805e+01
8.195081142805349828e+00
3.160023119578717399e+01
2.441042231132816198e+01
2.185369856482428474e+01
1.900820458690324699e+01
1.409433633240406891e+01
1.800201731572968811e+01
2.641156206508929927e+01
1.311501247911323276e+01
1.257409024108733320e+01
1.731146460783382679e+01
5.174949055618284888e+00
1.869591081515346787e+01
7.724696027483815897e+00
1.732489540034495690e+01
1.077582729577140697e+01
2.221141134447499610e+01
4.806820302014855883e+00
1.672770490111737729e+01
2.978313060356349240e+01
1.716584999105439380e+01
7.067137213540632956e-01
1.453259401330798539e+01
1.360180944449624008e+01
1.635723252716042708e+01
1.705151180934868194e+01
1.223851693611064206e+01
1.029564588245160905e+01
1.722330169999005989e+01
1.795458316500914719e+01
2.294447673425922574e+01
2.975568850744690508e+01
1.470666377674869807e+01
1.491139899203876951e+01
1.785788069223507080e+01
8.424130686286808611e+00
1.524982576950663571e+01
2.031798324856211480e+01
1.885803310980448089e+01
2.317995915593985501e+01
1.484224986931754131e+01
2.570274788151373713e+01
1.537235395169719254e+01
4.817008011765537390e+00
6.900843504767408376e+00
1.706504345212107410e+01
1.686085288280990113e+01
2.349203764385671889e+01
2.027948560153595281e+01
1.921219558130177063e+01
9.550597500958147634e+00
2.366329933537299013e+01
1.615867291142295414e+01
2.599596396592315273e+01
1.312608578823326866e+01
2.014922607734561666e+01
1.600512302912525797e+01
1.668066226516161521e+01
1.632851841444998797e+01
2.172196014359201399e+01
1.846148656141783562e+01
1.425593851477493956e+01
1.253328992960165067e+01
1.670649995383085695e+01
1.789115904439405824e+01
1.547094087012432340e+01
9.357640172832205394e+00
7.130861974744476584e+00
9.997254365223497530e+00
1.118254523373727238e+01
1.510032752017083624e+01
1.505180664343032504e+01
7.614638028500777978e+00
1.861427618581350885e+01
-1.291725548032008675e+01
3.058602241775341213e+01
1.301892135511822346e+01
1.225895912505487217e+01
1.278519850537747971e+01
1.778632109653690918e+01
2.178813074347820589e+01
3.351167620268402203e+01
2.360356566852537696e+01
1.666549354089502799e+01
1.289840252403675436e+01
1.695928766157363299e+01
2.500315437294519683e+01
1.894122803781844055e+01
8.572601964523499873e+00
1.591369952910027052e+01
2.417414480033527724e+01
1.912943506900171542e+01
2.406818382456252436e+01
1.136868640585061030e+01
1.289150127187829753e+01
1.435220610819334297e+01
1.771550315916945806e+01
1.763548586153839892e+01
2.449271327185936542e+01
1.277167055730633649e+01
1.668891721968572028e+01
2.139566865269797091e+01
1.850661812687022234e+00
2.034437532485172540e+01
1.577546681230596448e+01
1.182656462086382021e+01
2.347045466441665695e+01
1.549370047346526746e+01
1.934818563290382798e+01
1.739825281539300761e+01
1.757514827553866610e+01
1.498045080354491887e+01
2.843505688622349226e+01
2.567783972021704386e+01
1.361767374130208452e+01
1.967634106604332089e+01
1.771688673598660557e+01
2.137369149896471754e+01
2.384137426832371887e+01
2.243755518474031874e+01
2.625953368026999613e+01
1.526827929689096663e+01
2.318443318421408605e+01
2.051120742999111002e+01
3.034565788863611147e+01
1.223869706567126059e+01
1.786410389578523450e+01
2.531651888076471124e+01
1.501541827263044127e+01
1.168529210284108899e+01
2.282451201835660726e+01
1.229689471186320304e+01
2.544869331561760362e+01
1.449140376143706987e+01
3.236260418243784898e+01
2.502933216535609517e+01
7.865456258498937814e+00
4.657664159539478987e+00
1.076971425059119269e+01
1.657556352898497209e+01
1.879082154965863083e+01
2.236353676154260484e+01
5.270705728635661558e+00
2.243105593903858619e+01
2.699884212458283628e+01
1.231422914438567773e+01
1.464709898063237858e+01
1.957361413823259966e+01
2.037985053245617451e+01
1.853940460339271823e+01
9.920437929412301514e+00
2.791885240997359574e+00
1.142361345329055666e+01
1.384747561054945209e+01
1.845263212009611209e+01
1.843868004993656484e+01
7.479232906649457391e+00
7.997757068847803907e+00
2.157897013952810994e+01
1.898746904884657738e+01
1.972344992975062894e+01
1.707476291568143267e+01
2.534897809065842011e+01
1.960181900030657687e+01
8.869508218448785897e+00
2.463097360516056256e+01
2.223791343979724644e+01
1.013336713438735615e+01
1.811200151135523129e+01
1.224380892120765907e+01
2.207279935627475709e+01
1.836027039129092486e+01
2.210037594901826452e+01
3.089450178508796796e+01
1.808022211952597047e+01
1.640014413031247642e+01
1.344470461681569873e+01
2.292448462003166298e+01
2.183921127757688652e+01
2.767098529098133497e+01
2.465238079076385702e+01
2.016152612238580843e+01
3.086294265942871107e+01
1.715949493569928563e+01
1.843467717365398073e+01
2.293846650981129898e+01
2.098252491477535386e+01
1.991052673503018156e+01
1.354806613125284542e+01
2.982487181979193736e+01
2.568031571800155177e+01
9.734137856730029625e+00
4.693612903998456432e+00
2.121922893108231989e+01
1.883154705502084880e+01
2.074483884943695244e+01
2.531021951928894254e+01
1.152999487450172467e+01
1.694622491652005181e+01
2.179473085467843418e+01
9.418393752406629460e+00
1.755890924039456991e+01
1.266698451119759739e+01
1.236773136410697305e+01
1.701539011982397653e+01
1.611235870020010452e+01
1.317953917979421874e+01
2.472012491761496022e+01
1.209535225349684140e+01
1.668537809833489405e+01
3.375328072784567013e+01
2.073764479373258496e+01
2.355597541859128086e+01
1.166898078173551312e+01
2.144404409069571926e+01
2.873479104831288566e+01
1.600726067636571770e+01
2.715946255075076721e+01
1.282274547764271233e+01
2.743167343308996919e+01
1.568939933445346924e+01
1.840414091021388998e+01
1.831817190968030218e+01
1.743817417672475045e+01
1.429114065549910606e+01
1.349258578830608712e+01
1.938146273055522784e+01
2.362651060183210916e+01
1.653615805554363760e+01
1.824092713815704769e+01
1.037208897502968341e+01
2.363107250328388176e+01
1.192581905786477137e+01
2.165044272682340676e+01
1.202865595965404566e+01
1.118106587829603171e+01
3.739988820677262993e+01
3.374238920259602992e+01
1.777556331773246256e+01
1.553478292468147970e+01
2.020491544872775336e+01
2.274151355224640270e+01
1.991684039361014413e+01
1.587507564334148924e+01
2.688340550458281086e+01
1.821248123984396727e+01
1.672784092070320128e+01
2.109449072909369249e+01
6.685122801416568450e+00
1.464335753335260648e+01
2.188101748855635265e+01
3.655044976767113951e+01
7.945728223384705302e+00
2.433398200729634198e+01
2.226715814442619745e+01
2.426310613402948491e+01
2.297971698467643620e+01
3.166278132870962736e+01
1.661205720791542717e+01
3.057705312948589693e+01
1.478159792199767253e+01
2.188436146598755272e+01
1.345012853691913790e+01
2.500598602370953927e+01
1.509183796586611948e+01
1.491877147577923779e+01
1.824033499778987277e+01
1.316090946773560688e+01
1.836004764821687019e+01
2.381752114609363957e+01
1.367587905969934070e+01
1.867754699766045690e+01
2.217138119421937859e+01
1.120082913257175505e+01
1.670643364379817797e+01
1.885521268575173792e+01
4.938029568461118402e+00
2.024534136602083834e+01
1.755701233866932398e+01
2.677618906212110517e+01
2.335002247039783185e+01
1.697967565502209197e+01
1.524063002047931548e+01
1.413639388240461869e+01
1.418395803655481302e+01
1.628143055635658243e+01
1.173728991320015780e+01
2.550655542925935038e+01
1.681915069205275870e+01
1.621823176043361059e+01
3.042986465895045001e+01
1.743469289351794771e+01
1.982687108760269723e+01
2.096463614275351262e+01
2.343350560571236940e+01
2.094488037117778845e+01
2.726726444415760398e+01
2.615237918345712842e+00
2.271762772447605983e+01
1.689365063885018969e+01
8.281374605584929327e+00
9.143778640106901889e+00
1.524841055855679883e+01
2.133750505176230661e+01
1.974264751705162979e+01
-1.606280233981649985e+00
2.872053662407557795e+01
1.869460065212972211e+01
2.106316796561951321e+01
2.036647996124675331e+01
1.514523881137620265e+01
1.352587793410872052e+01
1.884911042168768347e+01
1.236847510300864883e+01
1.758432377370854738e+01
-1.185293235610345164e-01
1.843278566195358792e+01
2.218742271281726630e+01
1.771876063853088112e+01
1.434147574922674551e+01
1.901838462127393115e+01
1.630335627270589782e+01
8.974655856467421700e+00
1.594314849718112725e+01
1.409725720816291528e+01
8.334079344874439244e+00
1.290429459141935808e+01
7.017701509756477662e+00
2.247390321053693185e+01
1.467104199626314198e+01
2.544877125752385183e+01
2.639427277085490431e+01
2.178221458725255388e+01
2.559120767185780210e+01
2.060718977470774860e+01
1.090235641174054138e+01
9.282525572598757435e+00
1.898738431771863588e+01
2.877340205745586132e+01
9.380890893491965699e+00
1.762089495926824156e+01
1.992385790897299813e+01
3.092282858904553677e+00
7.079927235013371956e+00
2.590461165853351133e+01
1.500166784930601693e+01
1.993393959554492056e+01
3.397780886581855952e+00
1.117312941432368234e+01
1.089597497706607498e+01
2.284173372410815261e+01
1.925569821352262068e+01
7.602138484721251643e+00
2.461041802932685130e+01
3.111566915284159762e+01
9.655635245970785263e+00
1.059791256380549385e+01
1.727233398860744273e+01
2.369823136020529830e+01
5.728724551119668718e+00
1.323535816816939814e+01
2.551701676668273677e+01
1.907689033296698966e+01
3.322287518346661273e+01
1.472716351489721376e+01
2.289392216705684291e+01
7.241036627286860039e+00
1.792963751887308632e+01
2.208961319242092713e+01
3.325315772409260262e+01
5.834579974495326837e+00
3.081880724107719516e+01
2.859988631601908793e+01
2.257322457471791211e+01
1.832330980523197894e+01
1.882819959372113772e+01
2.442896124448162709e+01
1.773099848545332691e+01
1.742077709600815183e+01
1.364082311558884442e+01
1.392734355515220557e+01
2.091740976992439016e+01
1.258254476481371853e+01
2.050223705325132073e+01
1.820742710509303208e+01
4.431954524346892299e+00
1.136506178726277483e+01
1.249780028026188461e+01
1.226016037384140134e+01
5.959872151059116163e+00
1.818239619373639471e+01
3.202753445241739882e+00
2.332990980380827750e+01
1.476488981812090628e+01
2.420001657138953988e+00
1.512525852432443685e+01
2.263682408129302104e+01
1.137484336102566829e+01
1.382732476621838202e+01
8.077703776381156331e+00
1.871759185264515679e+01
1.607493802658153470e+01
1.105267123074943925e+01
1.742728379354973356e+01
1.671754782771807868e+01
2.729861007201753864e+01
1.863943403659256148e+01
1.236555262236151975e+01
1.156097627565668517e+01
