3.487526985165219084e-01
3.690183067251476823e-01
8.530977152994303481e-01
6.996553332515932366e-01
1.960842928316660905e-01
1.556945816129514937e-01
3.690591385739020458e-01
4.050791654201963410e-01
6.182482479354626248e-01
7.864860825668037458e-01
4.222997287357829199e-01
6.082357325038301177e-01
5.470909461334075852e-01
4.038982576428826188e-01
5.559206694308327368e-01
4.726295844693366166e-01
4.541401297638896217e-01
4.932780136642741509e-01
9.162792733310632931e-01
8.689156296806597179e-01
7.648978402190146353e-01
6.094707706332612718e-01
7.184828641780603986e-01
8.121377137159427884e-01
3.822159046698507257e-01
4.123030854049066218e-01
2.637253276784261025e-01
7.539770182862384207e-01
3.275352300272809103e-01
2.617046266358458162e-01
3.716306689707696287e-01
4.452046593598867896e-01
7.375213572302896647e-01
1.161359340771804111e-01
9.848607984233635759e-02
2.163495642307840250e-01
2.851307294638719125e-01
2.758192706109875436e-01
2.106015458672207685e-01
3.615286972316037462e-01
3.530624688841359493e-01
2.597147938482722296e-01
4.311628424163358453e-01
2.716846489998092085e-01
6.223870739610845026e-01
2.991760823425159699e-01
2.243187525244197955e-01
1.297012361117446666e+00
1.088228063100557641e+00
8.963307326397258468e-01
4.724256042956090362e-01
5.116902030515720901e-01
4.057419495453237768e-01
3.884601122564796533e-02
2.710421619577221275e-01
4.667606924333304041e-01
6.847721977210147193e-01
1.335479933713312306e+00
8.940516988026695477e-01
7.614123672196868586e-01
1.746598105661819333e-01
3.064523362464857681e-01
4.790403992849966985e-01
3.722464276015671758e-01
8.829662298553582200e-01
3.021857129025350419e-01
2.731541448277519102e-01
8.200926415598178698e-01
1.035213475987283527e+00
4.637488922772398103e-01
2.694382529344764854e-01
7.198117307216157501e-01
3.194522022435336006e-01
4.517363438521619923e-01
1.803114264656858479e-01
2.487532995604650743e-01
7.925412943580002478e-01
5.867097662895669474e-01
7.698951065193561094e-01
3.898874544011181054e-01
3.184970709098007280e-01
3.157398298385451496e-01
6.480851868538337612e-01
5.990176361002003125e-01
2.528589789543299604e-01
5.393879029939816494e-01
7.471400210134809816e-01
3.461240773962915296e-01
4.194557671254202647e-01
1.364591152775541383e-01
3.483834005143933155e-01
7.986525948802114527e-01
2.217287106189898549e-01
7.788192727807694560e-01
5.056458170829614129e-01
7.798488181304328304e-01
1.420045515009790815e+00
1.102731849846736667e+00
9.402084342042812404e-01
6.726547414630735799e-01
1.030312426961077499e+00
2.902125892873014257e-01
7.597438501384685683e-01
2.954867391772716609e-02
4.455421626186980011e-01
3.506009290597493777e-01
9.690338058965803913e-01
4.271699499415708146e-01
6.716071554790343789e-01
1.471616958169217060e-01
1.901314486073681254e+00
1.643420120037208498e+00
1.334008329818061334e-01
8.053699537579754875e-01
7.402771054809298423e-01
4.410432735732753295e-01
1.327603172345899640e+00
6.045432320845500751e-01
1.138521459737892094e+00
5.760460293037265034e-01
5.032706544159737394e-01
3.289205706424288000e-01
7.564286700937877805e-01
5.026916942503003582e-01
3.994066292390481276e-01
4.053296232592253356e-01
1.291624424995411469e-01
3.429597651120030455e-01
3.646299621051255491e-01
5.994556699873074823e-01
8.734257846813873183e-01
4.711992022407453518e-01
5.445510495013211605e-01
4.448580604974346486e-01
2.677796640410929352e-01
3.696778364490944102e-01
3.720368242582292040e-01
3.715902426662675007e-01
1.951767489143077239e-01
4.292841860048872138e-01
3.414178578677317666e-01
3.254104986752093809e-01
3.861210702735221600e-01
3.063342817357360137e-01
3.285577505223891137e-01
6.261993329840372935e-01
3.519317124868250740e-02
3.658548413488792450e-01
5.877658403405273679e-01
7.498141629316364964e-01
6.737672692192196999e-01
5.712561705184924232e-01
8.370158543938192031e-01
1.945899498448509790e-01
6.715955091291307966e-01
8.706020786707745485e-01
3.989705063015294151e-01
6.247364513342251735e-01
1.092692626311221993e+00
1.313325381090320487e+00
6.538813116644446310e-01
8.323207430532563178e-01
4.474998384987433075e-01
1.217606248712968381e-01
8.633375824658620079e-01
4.306280993248490785e-01
2.392535986471715781e-01
1.640652363152454440e-01
4.854396549982371578e-01
1.091034989066268945e+00
4.884098251101169352e-01
7.034527515352012594e-01
5.923378398972927172e-01
4.154585270162328703e-01
8.533893715090287158e-01
1.207845639215154310e-01
5.500316596122205581e-01
8.157586796339972857e-01
9.579079700876671488e-01
9.952018334980816672e-01
8.356457109333779165e-01
8.739900963382944976e-01
5.435370934507869345e-01
5.301194437535692305e-01
4.185930567806120384e-01
1.345623457909455922e+00
4.467314678315462140e-01
6.901629058391196558e-01
1.740925703089170051e-01
5.898091618716434503e-01
4.337302289389490251e-01
3.956175320762810865e-01
4.055982746600573230e-01
4.574268959697335712e-01
1.567489534415691832e+00
2.717494708736281073e-01
7.428508714545228875e-01
8.050497706877935977e-01
4.003731272641017358e-01
7.067034698664689252e-01
1.175698001937927728e+00
6.427286546267179101e-01
4.388065376558323849e-01
1.626677112058423358e-01
1.182861234181047827e+00
8.436139725203806172e-01
1.556339983491625278e-01
5.543991598613223770e-01
2.988879791186670465e-01
7.095976521421104577e-01
1.079045853195568005e+00
3.674532678022071619e-01
2.258221878175890041e-01
7.993872863415758534e-01
1.135824176828965637e+00
5.456088358126920390e-01
2.353596974934143715e-01
3.772076781348225882e-01
9.958284514031897627e-01
6.733456332168792358e-01
6.598812160085278933e-01
5.142395722586998730e-01
4.851203682296463260e-01
3.811528458203032876e-01
2.773907448933187747e-01
3.803673219185531584e-01
3.047383905002060689e-01
3.269847043474887194e-01
4.254347562782474501e-01
3.820740523973771841e-01
2.734565698363723985e-01
9.154519966847501911e-01
2.012421394990835666e-01
3.906004710835996874e-01
2.332009534699603370e-01
2.607701253054119372e-01
3.791813116096409697e-01
4.749779625395422755e-01
2.643637038320165722e-01
1.011182571106989059e+00
4.170454521484028843e-01
2.650300579032436321e-01
4.899440376481762893e-01
1.049582387593314348e+00
8.828343106700861087e-01
1.196493208903494088e+00
2.539934471901736934e-01
2.809812276149372123e-01
2.381320418648504023e-01
3.423101784712049289e-01
3.942140674525386745e-01
2.779784571033667717e-01
2.320200024756841617e-01
9.619592354187193051e-01
7.618635464617893316e-01
1.044321235265394776e+00
3.362216487428705269e-01
4.505123053580714632e-01
6.689944305746241549e-01
8.790664084255116473e-01
7.560668295629601188e-01
7.435973964929522007e-01
1.003931700099654156e+00
7.265632703130137093e-01
2.887692476757759419e-01
1.118175898527289797e-01
4.193918556865122160e-01
7.658565630460113516e-01
6.668125483263150910e-01
1.991101489519215284e-01
1.170648038454757289e+00
8.025236219941501714e-01
5.494064601247347079e-01
4.675444993276679506e-01
1.273624319772155011e-01
5.605782442662936571e-01
9.200405075841060487e-01
7.212437298231818561e-01
7.140402604712479118e-01
9.845055962516928716e-01
1.413048528895636480e+00
2.647222611832523165e-01
2.538637000727484438e-01
4.395776500269911735e-01
9.055332124882136124e-01
4.269145897534171730e-01
3.473490474433660880e-01
3.600598713707425236e-01
3.857960190161133229e-01
4.684640271758978569e-01
3.731543281555751435e-01
6.784000883301823936e-01
3.026778573533780992e-01
4.516498933401142946e-01
1.924434994130250487e-01
1.872991113722896728e+00
1.019928850198761339e+00
9.051544339853832000e-01
7.282178342038334584e-01
3.158248963485831839e-01
5.192764215825206309e-01
4.867832598782320108e-01
6.667115048542933131e-01
6.907409881463097978e-01
8.628691995684187876e-01
5.365273984315831468e-01
5.022066868815324714e-01
3.546557961676398141e-01
1.296979327041168029e+00
4.135811979995471233e-01
8.489366950337653428e-01
3.298346228642823341e-01
3.245500509245164977e-01
1.743729288352126316e-01
9.943570378146342481e-01
2.932216361087757739e-01
2.747511377339527106e-01
5.808043002094114282e-01
3.472581956507947987e-01
5.469093205546907699e-01
4.848713181683404483e-01
3.169762590265139401e-01
1.614507655584315748e-01
2.814888868384484710e-01
9.150525697517484236e-01
8.268035383252285708e-01
3.165683518453572542e-01
4.274275757751720972e-01
1.373198979604106862e+00
1.156280419479309707e+00
2.723745794106519069e-01
5.385663436921308556e-01
3.429416477861536583e-01
4.905521215124401535e-01
8.870364620322152005e-02
5.299454117547972576e-01
4.739587319227351325e-01
6.626751520062167389e-01
3.147285538811824823e-01
2.949798032869870856e-01
4.156042388805153975e-01
4.786534574523979013e-01
2.921393031712156141e-01
7.824975970199283815e-01
5.382994625239683195e-01
6.647652617376205164e-01
2.943588449374413551e-01
4.480986847333438550e-01
3.429369774989730613e-01
1.853288764285070112e-01
3.796039157773506423e-01
1.093895822270718465e+00
5.995952720946819969e-01
2.165838490345961265e-01
7.950491039456518694e-01
2.669228118636975955e-01
1.882945389187115348e-01
1.157252662609326022e+00
4.692139879767268651e-01
2.633355357267433972e-01
1.317901484515924926e+00
4.900888929391925553e-01
3.571079794479598557e-01
4.494920750264292941e-01
8.231372587254396356e-01
3.754865666415634906e-01
3.339957944198680972e-01
8.134917746487831947e-01
5.103124969349157602e-01
6.334162602307821244e-01
8.402521703277954224e-01
9.057550920788015603e-01
1.195467700124301480e+00
2.175934978877498982e-01
2.511192256991606753e-01
3.410790571571786778e-01
3.025157038483904937e-01
5.772147011046363518e-01
7.204279630967501680e-01
3.473743417132780786e-01
6.400741900730082534e-01
1.932731778742124984e-01
5.503906295624269029e-01
4.587726780847433128e-01
1.668916751598583381e-01
4.718128519938921128e-01
2.628548965629335377e-01
5.342712191784486642e-01
3.130437758138721605e-01
4.003916010601951680e-01
3.468850032414058093e-01
1.826946764426893299e-01
4.128341271916057265e-01
4.853523963422157195e-01
5.486564564807493438e-01
4.180961518041815261e-01
8.120049359331025229e-01
7.672290425527048541e-01
2.762238707953786898e-01
6.521006371960574866e-01
4.991810926269196758e-01
8.930018236094066086e-01
7.135581739228130660e-01
5.728078129903066973e-01
7.325197340748675900e-01
2.489711245925694816e-01
7.379002883025288506e-01
8.374515491728004024e-01
2.237261564517921908e+00
4.292968584255830167e-01
5.912676537346850392e-01
2.716812260843183280e-01
2.305233048915071303e-01
5.178222528559264237e-01
6.425022212689133205e-01
7.169428083084566916e-01
2.351345497484378932e-01
7.045565332883741982e-01
6.953780208792930129e-01
6.015854197680842175e-01
7.092587580862511620e-01
2.507899363661860725e-01
7.509492268350917987e-01
2.880017201197996313e-01
4.365089280329426114e-01
8.139684720719160271e-01
5.136262655365088081e-01
4.191316094211041121e-01
8.990867555087754814e-01
4.462510530790079755e-01
6.209143142890966027e-01
4.625188229844862109e-01
4.816231213419329693e-01
5.305527434565070477e-01
1.352132196682800658e-01
5.882666301183427926e-01
6.293681276549927261e-01
4.918180651178696849e-01
6.583564782389411674e-01
3.852003770837182928e-01
1.403822017251639576e+00
3.398882644823467691e-01
4.944363007918333164e-01
6.725909063770654228e-01
6.551816798667073893e-01
3.227840782483337168e-01
5.831179751758374108e-01
6.354532560863864754e-01
4.418029183749694888e-01
3.635131868203050898e-01
4.299431420427035633e-01
6.853713684193221134e-01
7.410465913731733023e-01
4.270754809680167297e-01
4.407838104327593265e-01
6.396677284409559849e-01
8.293319410465610497e-01
2.353769858732649156e-01
3.100422743156486249e-01
4.463366597637282163e-01
3.120838517928716804e-01
1.915648618198557973e-01
3.773089412804692122e-01
8.998319182808590666e-01
9.233334787106645125e-02
4.904541249485986354e-01
5.324547266065884354e-01
9.114392696153086337e-01
2.887397154076046801e-01
4.325027545707181842e-01
6.099085566831946581e-01
6.792573348875454720e-01
1.812748870897421982e+00
1.087065326701733392e+00
9.170244510623236645e-01
6.794625172374813005e-01
6.548417626606891639e-01
3.659276242759756936e-01
3.282285355251118864e-01
3.083913841061804995e-01
7.131450770955182206e-01
7.217826332150640845e-01
6.230493445853980683e-01
6.113957455562660792e-01
1.224071343793313310e-01
1.121872891963532126e+00
1.611002264597106715e+00
2.335085888899147977e-01
6.208516200953732023e-01
6.350769422037660927e-01
1.038366889272854143e+00
3.096986397126657020e-01
4.888232757526752015e-01
1.927959263598359729e-01
4.420548379313278264e-01
4.143540373431006119e-01
5.944937815406988735e-01
4.579373497980188112e-01
4.453834993683423171e-01
2.239446378070648613e-01
5.482636897462258574e-01
6.881917086864031141e-01
2.217758658929310511e-01
5.329273379608615580e-01
8.807803016682642649e-01
4.390327953911872250e-01
8.044704917287999191e-01
3.163609432224822049e-01
4.079584229399582651e-01
4.571229632535344090e-01
6.266118591169705931e-01
5.601794209396211421e-01
1.119167175011986703e+00
1.039048941597853437e+00
7.278666426160347314e-01
1.360142875514021576e-01
5.836679300779166191e-01
7.633250590820799264e-01
6.660252513274713682e-01
4.369565540783167390e-01
4.368302641511376261e-01
1.077740394580045225e+00
8.684740474882260974e-01
1.452633479844237963e+00
1.242697595417722845e+00
7.207936403230967848e-01
5.800397375187021920e-01
5.915229754115030048e-01
3.508282041205015855e-01
4.163700708488323188e-01
4.280953334766625651e-01
2.778810941324152406e-01
4.492944042991955378e-01
1.011692357192894021e-01
2.499394171344707649e-01
4.024342581089814797e-01
4.891072768350545052e-01
1.943182793672556807e-01
5.832694039681353415e-02
4.564578641388454261e-01
2.363677440754796688e-01
1.620753073587647697e-01
3.207149210100888603e-01
7.216062511348029229e-01
5.405808458291468943e-01
4.138752319894060672e-01
4.860205083073788623e-01
4.354199602389883794e-01
3.306653591855805985e-01
6.710707716510031506e-01
9.572601913606859636e-01
8.503325280050892943e-01
4.493285185345524124e-01
2.865327861240128948e-01
3.096788374439337077e-01
3.980909373450458588e-01
4.845107208639840568e-01
2.256241934992982978e-01
4.492328061820246576e-01
3.188438889361258077e-01
4.646326810081853886e-01
1.619314235266763879e-01
3.622810475883228576e-01
4.900896308268590240e-01
3.800892774265905438e-01
2.934229006895205938e-01
6.861798567341932387e-01
1.535875552266337540e-01
6.120297199892962281e-01
7.241739612763874456e-01
4.861998150606550162e-01
1.144802449229131769e+00
4.760869330904901053e-01
4.939208464331323323e-01
3.940090134317516535e-01
1.602071363912535018e+00
1.409601166588618781e+00
3.518851720869763944e-01
2.302933354119190146e-01
6.428157377359634550e-01
2.461796491182330904e-01
1.535742057772929436e-01
4.434787153158042949e-01
4.184618891981694566e-01
7.711841444430379555e-01
6.104342205178742153e-01
6.049313295626081999e-01
1.139980062395616445e+00
4.118467535589938056e-01
1.550934614751033891e-01
2.130869009268921144e-01
4.388214589497416718e-01
4.193464124739275101e-01
9.351938111189509462e-01
1.047741802562099256e+00
4.496818710193555280e-01
4.382692964835184224e-01
5.006491141736458816e-01
4.222946847101214929e-01
6.389189552369624048e-01
8.014056807522225157e-01
4.357875220131564586e-01
4.974458044956087122e-01
3.253249717056341250e-01
1.463959114270016737e-01
5.784081457159634398e-01
4.570645157336819531e-01
5.135145181600611064e-01
1.146702952037157663e+00
8.808315120528170672e-01
5.793691714313916608e-01
2.884879130139720860e-01
1.094651929123160672e+00
7.199076496667742298e-01
6.562862989344567799e-01
4.101297861563437119e-01
6.790824918913976882e-01
5.425569190219603488e-01
6.271937577434583133e-01
6.244313177115812241e-01
2.060855988998404165e+00
1.690239118743534830e+00
8.728559639231281420e-01
1.138056407125461522e+00
2.310430987657022261e-01
3.096020531845966595e-01
4.809976300852643605e-01
5.336611616056682328e-01
4.163307222851609368e-01
6.278015947323191126e-01
1.541027018414324046e-01
4.288572369957762143e-01
7.694793176373547761e-01
4.177386975541488856e-01
3.553212912866048900e-01
8.367933202885411426e-01
1.517713888009914469e-01
6.600832869164129368e-01
1.270063022898296756e+00
6.924988620296881336e-01
3.133076895578508214e-01
7.453203208080929620e-01
3.277467647830528685e-01
1.070809205470834913e+00
6.218873625477241429e-01
3.054921481342889322e-01
4.618587831178673775e-01
5.054034121423469639e-01
2.319915046882821130e-01
3.691131066621782808e-01
4.151697894870348127e-01
7.543377075485577787e-01
7.193608723664326465e-01
4.605053138560793791e+00
2.553188592725043726e+00
4.863903128885723737e-01
2.268537604061879043e-01
1.091488099954428942e-01
4.073095847697438265e-01
4.200836543061166606e-01
2.114463056429326249e-01
7.204441436054944692e-01
8.117092516295694171e-01
8.036365909124775220e-01
6.372865089091563906e-01
6.763859461719331501e-01
2.896788491515949193e-01
5.647857572848697938e-01
3.594988927258456757e-01
6.704104438487116235e-01
6.241560188553381128e-01
7.221454733723621233e-01
5.974042326046045126e-01
5.023436079048015923e-01
4.769923532885175232e-01
3.708044043078760899e-01
4.549966729042756453e-01
9.998958796541230765e-01
4.217360833517022067e-01
7.541167384213919300e-01
8.963520797652186900e-01
1.033583542287437096e+00
1.254572861194635791e-01
2.984408068125540270e-01
9.110850499044396145e-01
6.727105173800305149e-01
3.841920232536268076e-02
4.781395984424823276e-01
4.897256753213378166e-01
6.061493549280261295e-01
5.539912614085739095e-01
1.122926100010296135e+00
9.314581695775163706e-01
4.380246000969181819e-01
4.941237331315379011e-01
1.418199693473554124e-01
1.719582587632028647e-01
2.379259294707294636e-01
2.001471811873261342e-01
3.680559831439098040e-01
1.479627301965477926e-01
1.331400767900117188e-01
2.171773678321990975e-01
4.458469220646164022e-01
3.025067485102188036e-01
4.020812137690262245e-01
2.531537740213988807e-01
2.300607335280101529e-01
1.984317921781620642e-01
1.998707192366751817e-01
3.966585604706495127e-01
7.826125960018133210e-01
2.271343283349033237e-01
3.461067311320954465e-01
4.373850260891012365e-01
4.408292360781384533e-01
6.196982339127383721e-01
1.363247396082867491e+00
6.299260306664098419e-01
3.603578487942556419e-01
1.757427824218157353e-01
7.303357478516470103e-01
2.091767759880776012e-01
5.600681678608467884e-01
2.742521725753719886e-01
9.168781912214302166e-01
2.211287175176644137e-01
3.337369439361220769e-01
6.521335668541153874e-01
8.400370683367273106e-01
5.467115187049182978e-01
2.045318024172742277e-01
4.695866064778206894e-01
4.258659885502849574e-01
8.499006638960919791e-01
1.046750984775470794e+00
4.246289293959721878e-01
8.330681030256799346e-02
3.537939120994131326e-01
6.648406175229122361e-01
5.211999149817971855e-01
2.447466124937025256e-01
4.904707201344553069e-01
5.873064288433602620e-01
2.713577341998741899e-01
6.821340443197100312e-01
2.099781190406727893e-01
3.888710716597147954e-01
1.036571334875853623e+00
1.158138809431461302e+00
7.241045126636413976e-01
2.413580983672812819e-01
2.324715127749058252e-01
3.159570430988315470e-01
4.087773529221876423e-01
1.025788964418255400e+00
2.005847357335353298e-01
5.118635447014419082e-01
5.054749995468832413e-01
4.045338802133837675e-01
4.363132628205615426e-01
3.213136622170528200e-01
3.109426557314938222e-01
8.694706730676422524e-01
2.398673116446330134e-01
1.371188140042192971e-01
6.875896947852608299e-02
2.835396128005573391e-01
6.491968493038622334e-01
9.755585889660201016e-02
3.860403850394852343e-01
7.751910858701190898e-01
5.052513346133865602e-01
6.980649795549489500e-01
8.245156338031691678e-01
8.046037174594884434e-01
3.784107128397287134e-01
5.659779886456044462e-01
2.888591970591697367e-01
2.000015733329462975e-01
4.333012642322674468e-01
1.021403426018465899e+00
7.118970563825333109e-01
6.390196157414572697e-01
4.081372636954611055e-01
8.302269825611202636e-02
2.608172259000512416e-01
3.753217358576208529e-01
4.785200286322394136e-01
1.730887222604692299e-01
6.764618554547831009e-01
6.181689100309805118e-01
1.103748516987328232e+00
7.066561875434804740e-01
3.775642350492232069e-01
4.958988318984657306e-01
4.047260102804226545e-01
1.046311725890062549e-01
7.326066388436147658e-01
4.301246424777748212e-01
1.414280735952617496e+00
5.214572843357780096e-02
4.539536197977943610e-01
2.313025429275777367e-01
1.025711008232920829e+00
6.079706188183153087e-02
2.215107321588839273e+00
2.952742586328562346e+00
4.876290762639043930e-01
5.958287217271711622e-01
1.902069788657986538e-01
7.560643174612858841e-01
4.001296205699961250e-01
1.094997138970829731e+00
2.780710055076454079e-01
5.996348718478855533e-01
1.839131032404714150e-01
5.610827580176008800e-01
3.519728695776782601e-01
3.117130632502646548e-01
4.264496315499425871e-01
2.224995333783706120e-01
4.474882587968907477e-01
9.106542301264624051e-01
4.008819737552193341e-01
3.714853118990759095e-01
6.483724532509285154e-01
6.762962963163430263e-01
4.007500523723122043e-01
3.624957027090844885e-01
4.971797637653697088e-01
6.994566469548718635e-01
3.412195416942418458e-01
3.608375968698606107e-01
1.960723857081937971e-01
1.586629372444188779e-01
3.919487119017128207e-01
6.604911641494847219e-01
3.837090541260608223e-01
9.076816565307097573e-01
7.943714222778229805e-01
5.873780611982651889e-01
5.706312974600463717e-01
1.589868580631166595e-01
4.408304198695199294e-01
6.730350704742290580e-01
6.258365198998128154e-01
6.928203988804859659e-01
5.134661829840720948e-01
3.830742170892884602e-01
5.462068600345078018e-01
4.715899134695085149e-01
2.786801682622764287e-01
2.195100873932877006e-01
2.325536633586908486e-01
7.658770653272578555e-01
1.003555310089463637e+00
4.422768953258939817e-01
6.222476121320019704e-01
4.061041590788334044e-01
6.344522759590384142e-01
4.879456982226213491e-01
5.132026408171638243e-01
5.959311886355072030e-01
1.204650682477624191e+00
4.255556499882141019e-01
4.018814788156996332e-01
3.759325066775945356e-01
2.408141314572402603e-01
5.273371491817404610e-01
8.700965054734831616e-01
5.830171944882420743e-01
3.785177889985292810e-01
2.139647370227098777e-01
4.720220530712335716e-01
4.630136805080786178e-01
5.948347959668432994e-01
2.045427054927696775e-01
1.219755878067103838e+00
3.680428733852322942e+00
4.069640761725125122e-01
4.634610395850115583e-01
7.332159557915139958e-01
6.832495728344805119e-01
5.607962000812437564e-01
4.799606304876019580e-01
8.365746084286534989e-01
3.333232404800449689e-01
2.082520391881639288e+00
2.573004665716446482e+00
1.589578026936298460e+00
7.452550280765368740e-01
7.929672339381649282e-01
1.778297912164394035e+00
3.243053062205732417e-01
5.238772448017499084e-01
2.424139134072502422e-01
4.200494244523846898e-01
8.373818731987412445e-01
1.551318567641777335e-01
3.745282163285740817e-01
7.630790738186894462e-01
4.028486446708598456e-01
9.901911935799857511e-01
4.617269518497750802e-01
7.820946362067733304e-01
7.210917199583508630e-01
1.108666957069761594e+00
2.951250132677839533e-01
2.492425118941680173e-01
4.782335672969782459e-01
7.128283319238828963e-02
4.266676760517694733e-01
4.820155575326816044e-01
3.935404384919447551e-01
1.770519024843481004e-01
6.024714151926592320e-01
6.877039118269374640e-01
2.843780308833277481e-01
9.083142211021421053e-01
7.906303156923469855e-01
4.225971350227554768e-01
3.100281519269340036e-01
3.489842096090701173e-01
6.342162345286399550e-01
4.679509563231041835e-01
7.185328393272889524e-01
4.615796424939736520e-01
4.606047389183248741e-01
5.934251029300734448e-01
1.207224009660194053e+00
2.532602081426387763e-01
6.895645755765295037e-01
2.050587071231972647e-01
4.870046097623756398e-01
4.185215737614507159e-01
1.010352765102324080e+00
4.596671956734758036e-01
1.536695708680220762e-01
4.886757979324277690e-01
5.695734749726699686e-01
4.474235915975330879e-01
4.848028047321353284e-01
1.623816015184345041e-01
4.680795292188492662e-01
3.883302909540846670e-01
1.137939450688376430e+00
5.360830076674990563e-01
8.000895700368637620e-01
3.732587290013582582e-01
5.330536276455036804e-01
1.300841944816307771e+00
1.142461835945246085e+00
1.128572705879696825e+00
3.043261461090391418e+00
9.515575878522333220e-01
9.013993028907728577e-01
1.615086384926686769e+00
5.587943735454359295e-01
6.373738227374265986e-01
6.410408502050264357e-01
7.446932716427362431e-01
6.787717922762153133e-01
6.022739713881392065e-01
8.135792298259177935e-01
5.323446953177141117e-01
2.424381983629011472e-01
6.855464169859227797e-01
2.365881486529589905e-01
4.337599354059632484e-01
2.964847145152422203e-01
6.537647645953627018e-01
2.672400151396831514e-01
4.498236833012096425e-01
5.414153174445244243e-01
4.225801890402301475e-01
5.103550923071200618e-01
1.564401816594941375e-01
4.437669235766488196e-01
3.115789052181547891e-01
2.414967254928455376e-01
4.848187645419756997e-01
1.861693304159353746e+00
5.032167430408838182e-01
5.602229782050217599e-01
7.500783415312660685e-01
1.170617577098126416e+00
5.900820794989708462e-01
5.981651880116308773e-01
6.281907527114972689e-01
4.940395187790583287e-01
4.564664217190913531e-01
5.627583714064001708e-01
8.466975374445824265e-01
5.678369018394814338e-01
6.465253545962076354e-01
2.885535245689815897e-01
5.483683083157305793e-01
7.950134478005667082e-01
5.568355023126033698e-01
3.902899604425683067e-01
3.109021646361551650e-01
2.276973264044246104e-01
1.012607332096464585e+00
8.917366167826011880e-01
6.952460598577341333e-01
1.420021304472393719e+00
3.458631661638593147e-01
2.871710631271621184e-01
3.090889959596585523e-01
6.202427753745213268e-01
4.774890464097800713e-01
7.022628579742563604e-01
2.927405820643034229e-01
2.052768271302983505e-01
7.973427937479629080e-01
6.813636332218496738e-01
8.637862925962374039e-01
1.743863401317451434e-01
3.317561966579202770e-01
8.417143838095494379e-01
2.097737551321517735e+00
7.899171541066876134e-01
2.375456863063120316e+00
1.037482976662627010e+00
3.522846520811390159e-01
1.398288339993766227e-01
4.155177113642214426e-01
4.737847485355854427e-01
4.135038345964487938e-01
4.463054940007614158e-01
3.822951504235852505e-01
1.002061432672978203e+00
6.902727912407179423e-01
1.529784775207507330e+00
2.275832532930724128e-01
2.103681344079002258e-01
7.767575143500088375e-01
9.377500337117481433e-01
4.005088921652923961e-01
5.103246482581417220e-01
7.202103055132800247e-01
4.591194140364961429e-01
8.313869788558331253e-01
4.976257718998638446e-01
2.961857605693754003e-01
3.006645544191882680e-01
2.602414124199526890e-01
3.252889317818514758e-01
6.467015737166420530e-01
1.104377779164582352e+00
4.190974040029059600e-01
6.696206389512012747e-01
5.175043221370352331e-01
6.683422455344141255e-01
2.198881360699486420e-01
4.389639230178298268e-01
5.008391461995989058e-01
8.668157371742949424e-01
4.834427526264575281e-01
1.220754086285790629e+00
3.767475117381966498e-01
2.835104381071580915e-01
7.195341557414424161e-01
3.232677321708081197e-01
5.908362587111358755e-01
5.144777385702059558e-01
5.650998892440826094e-01
3.192819677605774342e-01
2.647232368818902004e-01
1.850164754658165212e+00
4.547126619148570970e-01
3.188835464252272600e-01
5.169417667495515012e-01
5.549572391372794566e-01
1.835415043425673021e-01
7.158180054948589666e-01
3.834412347307141755e-01
1.924095839485246706e-01
6.255259653086090443e-01
2.517814646914081633e-01
5.088850856201784234e-01
3.516493905766503447e-01
1.135563984640876711e+00
4.242981492514709685e-01
7.335843073544011661e-01
2.568146140725738324e-01
3.219623702599214710e-01
2.715476734191561992e-01
3.326849644092225167e-01
3.740630788902267745e-01
5.913850994849799703e-01
1.129004542240636733e+00
5.116587562606007555e-01
6.629350965354340319e-01
3.236793243093946670e-01
8.110606974632305066e-01
4.094998911733626068e-01
4.412973802796288370e-01
7.210394019673353749e-02
5.390121219311769796e-01
7.902031025044973234e-01
6.117056691780788924e-01
2.985681875096423132e-01
1.027553129580534685e+00
5.625965110956684390e-01
6.702497391061497112e-01
4.698789778557319052e-01
4.118980144813196853e-01
8.361961487466360587e-01
5.649868406378778518e-01
3.102231923142920733e-01
5.519697098695640625e-01
6.355619536894077104e-01
3.601480055611635533e-01
5.855090305001865447e-01
3.500196903000518112e-01
6.367392010704135963e-01
6.993441814034622173e-01
7.145449492876423392e-01
5.151576412925531478e-01
5.782271957005725715e-01
3.556853526522724129e-01
3.423921660443159931e-01
6.109104104135736346e-01
4.929780547207269215e-01
1.632382441506252224e+00
8.024480889783731641e-01
1.710910244349767018e+00
1.298160917673828685e+00
1.363144449731409136e+00
7.689769888757101990e-01
1.023467782939133652e+00
8.280967489633711542e-01
3.823047571016713331e-01
8.329245054647081981e-01
1.331698069019856323e+00
7.799958304982763657e-01
8.185470449641936153e-01
6.521162808470757355e-01
3.075441228797536342e-01
5.057430130397519985e-01
3.711017610976016790e-01
3.182562230987188157e-01
4.106129084386117567e-01
1.676254179268196753e-01
5.025187998752596030e-01
2.635356578809064376e-01
2.126028827914691610e-01
7.749134695804023032e-01
6.348334255716930885e-01
3.730848108079018455e-01
2.758357204066238522e-01
2.776474378677195043e-01
2.888309680074555019e-01
7.027693566296903116e-01
1.174486350832085302e+00
4.835701822019718987e-01
6.117734896280582202e-01
1.219814241567176438e+00
7.878406056698391557e-01
6.768421014799358426e-01
6.988503064705197110e-01
5.105753172049833921e-01
3.783008927843149460e-01
5.165794781777107714e-01
1.065135641774932029e+00
5.182486953564050536e-01
1.697390777622908853e-01
1.155994136301170760e+00
9.584472312268764727e-01
1.006027351703277395e+00
3.964726947223833897e-01
2.624486461259512016e-01
8.178871753673589984e-01
3.930164329295167680e-01
3.722067156792352449e-01
6.715679910095634364e-01
9.544392067384624423e-02
2.991069540541648197e-01
4.081333484146821289e-01
4.001533841054963903e-01
7.274202507736298173e-01
7.256690079402404736e-01
4.847450427658762107e-01
6.065065950113495141e-01
7.918770552845912913e-01
4.578737384785953601e-01
1.897890476922468317e-01
1.325890220759417204e+00
5.513068027103483759e-01
5.123047855270915774e-01
2.669574050818995237e-01
3.874536276645210719e-01
7.589121995717432734e-01
7.918414076621566045e-01
7.639571912786756736e-01
3.517750118916841973e-01
2.600934631566279021e-01
3.668761272933734330e-01
5.173787038021355755e-01
4.499555342915333433e-01
6.707785633550540361e-01
4.677955293158015393e-01
7.994587294424709834e-01
2.388381038288921732e-01
9.619754855256894555e-01
8.449694932064885089e-01
6.868121770687437566e-01
6.918855432189995325e-01
3.375717027727127562e-01
5.104258985800412818e-01
3.543367602633104574e-01
3.133539038862419024e-01
7.660005452601756915e-01
6.537789717890543084e-01
5.873681637655996379e-01
3.560737725553654309e-01
4.753027578273973375e-01
6.166427285499657129e-01
2.223764685816703446e-01
3.269297479999470069e-01
3.978940804437575696e-01
5.385640560889585204e-01
6.561518757487780906e-01
3.514849289763046780e-01
6.718788555997929901e-01
9.426956445102679938e-01
2.344141299967356096e-01
4.556313157381730594e-01
5.596599650067421994e-01
4.675696711668083094e-01
7.653081681772990752e-01
7.173906953738130587e-01
1.508810439621135702e+00
1.625388696241421016e-01
4.137862765509371377e-01
5.327282925692446991e-01
5.825761923823313815e-01
3.889872934727043319e-01
5.719656755924419356e-01
5.014479836169842830e-01
1.141935968595166329e-01
3.059625670717915358e-01
5.005751749339234502e-01
2.562745703720630819e-01
2.458414864703919456e-01
9.583409984516033653e-01
7.346894734608914179e-01
4.389479227001783501e-01
7.221974388533883293e-02
9.584151492795840444e-01
3.017227143773529852e-01
8.219394462242984867e-01
6.296000158919388134e-01
3.267019741711852387e-01
8.235216717623669025e-01
1.049312961380881593e+00
1.658127547768074306e-01
2.323263303335008634e-01
5.986120805004889744e-01
9.874989205615731791e-01
4.867539620212872897e-01
5.339631427024332799e-01
2.276521178567071924e-01
3.047661002343218239e-01
4.392324874409470059e-01
1.165696498718320040e+00
6.096033537558871451e-01
4.499189059849624250e-01
2.946860880644267544e-01
7.412481973851088313e-01
3.911405318455705160e-01
6.005168705951247077e-01
1.876505805706426555e-01
6.560781957785908336e-01
3.784117474540694692e-01
8.327351881119625376e-02
1.523465602288831544e-01
6.489690940774035521e-01
4.335425556282892501e-01
1.135090210353594475e+00
8.198390678860554281e-01
4.397102248661817758e-01
4.221284843323280800e-01
4.805293679040910648e-01
6.440309819120334511e-01
6.654740233208036315e-01
4.817680135377620521e-01
9.117079664633651603e-01
6.542467985397535379e-01
5.911114565547632704e-01
5.855643523906022274e-01
5.004466693472484629e-01
1.049524804243398446e+00
4.732260081826779041e-01
4.126821377212248065e-01
7.290537317895188218e-01
3.046348319599453958e-01
3.910632461587531528e-01
2.757904494660678996e-01
1.048260000626227706e+00
5.639847268415904002e-01
7.203733780087657745e-01
5.023790638774759953e-01
3.660147318186985910e-01
8.046944947201181142e-01
5.753197145651794964e-01
9.187101505372711197e-01
2.186769117417819985e-01
4.067794885536624716e-01
5.044655899084707906e-01
6.294930860545682183e-01
3.294332609531392397e-01
3.310987706571913436e-01
2.170733393757854068e-01
9.038038351055180941e-01
1.557407640993504483e+00
1.360192469639852353e-01
8.277103675124530824e-01
3.528597147176464888e-01
4.423394157751589506e-01
4.852555318814107399e-01
4.312462860718735969e-01
5.499903361314623096e-01
1.102571377099453631e+00
3.559706462912962666e-01
1.822903238617910038e-01
4.642337825315343003e-01
9.194932011432088714e-01
4.926631459856815609e-01
6.382766681264465669e-01
7.676729835031228522e-01
1.005944491914681382e+00
8.616833221673561027e-01
5.023310662784427061e-01
7.562091223900774262e-01
3.817711006846313260e-01
1.242670308381488065e+00
1.782283016416004395e+00
1.379989012739060605e+00
2.086498239965485446e+00
2.309673254650219110e-01
3.776783583806868627e-01
4.247796398332429613e-01
1.294921760387879872e-01
3.179562237763137178e-01
4.570355588138264591e-01
4.474348118989910361e-01
3.043505414407063903e-01
5.138719852311807168e-01
6.012998472487065538e-01
7.145510246051713921e-01
4.644596348978359823e-01
8.377547606917794543e-01
4.480793137885715760e-01
2.757860935058975560e-01
4.521354221388306782e-01
3.212578889111534775e-01
2.410638844975630246e-01
2.908571591721423877e-01
3.512658828885861229e-01
3.041141576820267645e-01
4.825879830974754703e-01
4.175459871836362247e-01
4.354737788682460642e-01
6.283163970415127642e-01
1.668471046051954954e+00
1.338487988385693273e+00
4.670063334687646894e-01
4.073966927228356849e-01
5.554128868778878125e-01
6.328872696362151107e-01
3.444550424995925786e-01
6.862475345402231364e-01
4.186391665778518845e-01
1.150661060886532111e-01
4.476706301749344141e-01
4.607164315714001868e-01
3.487221044816344873e-01
6.330736244860467599e-01
3.426345779750941123e-01
1.588320737273820060e-01
5.203427725031011253e-01
8.328552217848764760e-01
3.846317243248944528e-01
6.129986563296863089e-01
1.605157926743068508e-01
2.910125169327143491e-01
1.140546776465635626e+00
7.884336824634089469e-01
6.750933881256776514e-01
3.720967381158177822e-01
4.507499346738982338e-01
3.818967285874682593e-01
4.812330407125181009e-01
8.769756754199273807e-01
2.799344305518493559e-01
3.743613071172525175e-01
3.333178487992310979e-01
2.606256452719672434e-01
1.234914187895334026e+00
1.206949632740812683e+00
1.175157924991540037e+00
8.348596505965433234e-01
1.331031616958701647e-01
2.628506649090541214e-01
8.228751965966709658e-01
8.693756122258605723e-01
5.333106106781584366e-01
3.465236061554017866e-01
1.920290401924265034e-01
2.545308180706226109e-01
6.253860944992064574e-01
4.194845413978847137e-01
3.931161300506748613e-01
6.721671610031068056e-01
6.731006920053308473e-01
1.994254477563844608e-01
6.667303880308195208e-01
1.191629883528983136e+00
5.965093680544576449e-01
2.203088046671618228e-01
6.227667242986376639e-01
2.618360391250110220e-01
3.111411567343850826e-01
5.078281984070590616e-01
2.856172707043462822e-01
9.918270230646721863e-01
2.624297346080485260e-01
7.820078560562809811e-01
1.007236567275082040e+00
7.670644517196120171e-01
4.159730071619446856e-01
1.917650564645735634e-01
2.865676006606283077e-01
7.414637866035908020e-01
7.091337425575902076e-01
9.605615757365869589e-01
1.374620003426055559e-01
4.032164290471034196e-01
4.068284067333026166e-01
2.293135994733061234e-01
4.877952179137612920e-01
2.920774826978760896e-01
5.426808581098799822e-01
1.903075404408365312e-01
8.592565066212493052e-01
1.430600760274399752e+00
7.293870826937383089e-01
8.047911076095191074e-01
2.333357083417694489e-01
3.642444353786600253e-01
6.123168934073831560e-01
2.367393894829578904e-01
6.764350317493469378e-01
3.828034967185976467e-01
5.382815713061421814e-01
5.708123139242992083e-01
3.757904133050319340e-01
6.634700341682185920e-01
3.595605192863824962e-01
4.156040462442890382e-01
4.553514342254629810e-01
5.478069084928572918e-01
3.917918103255695894e-01
6.324721649854506689e-01
6.340458432714778381e-01
5.218507950332326173e-01
6.235485529735637078e-01
5.409599636277502288e-01
5.708090592608744407e-01
2.211959573944021484e-01
5.408237817937423531e-01
8.727554341307425245e-01
8.593310976529192624e-01
4.643040292491293353e-01
5.169085580281761461e-01
7.796484943692061353e-01
1.055027802041025531e+00
1.172447064963068719e+00
1.817486805076169443e+00
1.631063023957230351e+00
6.869118228933150938e-01
5.145632276524404469e-01
8.065061951902965376e-01
1.043087317905259548e+00
4.828505987262050048e-01
4.629154372489003300e-01
1.835878498880792187e-01
7.126927285027967462e-01
6.355316471861455208e-01
9.207415743048362744e-01
4.676567441257923896e-01
1.095728907929639950e+00
1.388903935669466572e-01
5.202946790363599527e-01
7.204699763752490105e-01
3.111093492303477204e-01
6.393257681275816839e-01
7.504280949804751355e-01
8.131974107948626296e-01
6.217846522319798730e-01
2.351447903756418156e-01
7.582200481407226356e-01
5.853903831370614874e-01
2.393295665210659340e-01
7.433602797312209853e-01
1.623964534654736447e+00
7.164697243994625486e-01
7.474257326396178680e-01
2.857784639932533510e-01
4.994241096807551794e-01
5.778823349762898243e-01
3.936647176606259957e-01
4.319429852546439741e-01
6.967241672977235734e-01
3.781376744677824031e-01
9.618733960933543159e-01
1.572641364712731971e+00
1.716390765022212772e+00
1.190403442191368510e+00
1.995944018859015234e-01
7.896996423768475326e-01
3.797737438460410120e-01
3.438446823758615212e-01
4.201283780046050076e-01
7.688541019277807254e-02
3.641109636213406553e-01
7.503065209476422748e-02
4.628568992895441547e-01
7.057008260001588207e-01
5.234965988361811595e-01
9.666564074972161524e-02
1.046810588128999076e+00
1.847659850482639143e-01
3.397734404922909124e-01
3.373598271598879372e-01
3.977604470865866992e-01
3.385833925731251415e-01
1.545271559507977177e-01
6.509022439597788035e-01
3.575336318096184463e-01
3.852255899824353347e-01
3.656788711752246845e-01
4.337321834412396493e-01
6.105303382397126999e-01
2.388635771750597103e-01
9.025281249073805467e-01
1.238979917257903685e+00
2.082195934302842222e+00
1.118680834145456160e+00
7.725659448024589926e-01
8.559749832458689589e-01
2.776340095640054684e-01
3.457507966944269318e-01
2.774425337144922565e+00
1.186364820260930708e+00
6.522871442392998986e-01
5.582908650039054566e-01
8.510031958824864073e-01
6.849754922756968734e-01
7.916019204698884204e-01
5.114340148964235944e-01
1.038775542426124243e+00
2.365155248613106664e-01
1.495590626397906853e-01
2.856830277279125418e-01
6.307527312955769627e-01
3.619895646470311368e-01
8.007149444927001980e-01
5.204240404173152701e-01
3.452497991059270133e-01
6.050998654145617328e-01
2.946718336912513836e-01
4.036850640560397108e-01
4.929769615305273911e-01
1.497300033502930172e-01
3.273852813779993820e+00
1.662042622367865485e+00
1.305298466401011437e+00
8.224710628694885672e-01
7.545570693271831386e-01
2.579222366645669839e-01
9.545960745244780332e-01
4.614302359914673191e-01
7.629132517799283031e-01
8.954259458466926613e-01
3.568853217929993660e-01
3.920483402141878848e-01
4.074784025692500533e-01
4.300030536324071506e-01
5.287118133692825239e-01
5.275159104997044768e-01
8.718037277032911758e-01
4.055383327631875146e-01
1.653461466228285826e+00
1.779352285214729767e-01
3.638298512235023652e-01
7.369342206690068231e-01
9.702267246916046473e-01
3.080871390661320541e-01
5.559087621794470691e-01
1.319325412271919351e+00
1.214737557585882088e+00
9.862891334776985319e-01
3.404424740030088659e-01
3.360067900503515004e-01
1.929774824090646490e-01
3.366169210465909112e-01
2.506394074238842973e-01
1.008077198230777682e+00
5.390083872368991447e-01
3.883873828420774110e-01
6.194355475671636801e-01
4.491716942519494160e-01
8.346016742988454640e-01
3.683430337370774410e-01
4.513018109462463290e-01
4.016323377440711440e-01
8.412525592011296238e-01
7.425564240361565149e-01
3.751703864347520345e-01
1.061596167161797055e+00
1.001586579397019339e+00
6.493890735383791579e-01
1.387994844968170272e+00
5.554135267807387422e-01
5.136045371463088260e-01
5.333306485557760546e-01
2.342441254633736147e-01
6.514700941385921373e-01
4.141934555460338174e-01
3.010491506255286720e-01
8.008641973239919443e-01
5.021865358433973414e-01
4.629743846777292227e-01
1.328712307793248337e+00
1.559819205038630141e+00
5.170139439873906451e-01
2.806204720309803946e-01
8.485407513419598313e-01
4.241898960838371702e-01
3.665951115542452898e-01
5.561983840602620077e-01
4.775520433753804306e-01
3.950753083420729395e-01
2.060017580694720740e-01
1.054263303189101109e+00
5.924737648941581503e-01
1.094359741276966558e+00
1.546230032678433508e+00
6.098671610886278183e-01
2.951139883921886642e-01
3.465220888875965577e-01
2.164650854568031246e-01
4.328087370650912646e-01
7.228142538931700001e-01
1.056675467892998072e-01
1.026599341708009233e-01
2.379299554343201617e-01
2.333632437108787427e-01
3.865349180447587019e-01
2.439558705066971811e+00
3.387579772734716332e+00
9.628536313532042312e-01
8.397679822470971445e-01
7.826563182970752708e-01
5.908919780344866757e-01
9.190311062919023222e-01
3.901194774380696284e-01
1.399782304578398362e+00
1.081891050817151978e+00
8.307457827459987509e-01
7.237033268945339826e-01
6.316227661326608844e-01
6.002816128908567972e-01
1.170269797572192738e+00
5.900619511532180228e-01
3.781913066447709637e-01
5.135370415419207024e-01
1.293378127023503410e-01
3.833844033238545390e-01
2.029958073498744908e-01
4.204852439365079908e-01
2.463692486399276793e-01
8.442417683995141475e-01
2.295863496913399804e-01
4.966355929760203347e-01
7.916206080468719541e-01
4.583852991374842700e-01
5.984814262751480402e-02
7.804088191580844658e-01
3.053358876618051942e-01
5.466752090252504637e-01
5.692558946226876637e-01
8.298471574144019591e-01
3.548985937422347581e-01
4.598835188395697937e-01
6.842635312256334368e-01
6.103436240399441326e-01
7.908920909309092862e-01
6.577933824795620943e-01
6.665714992585590748e-01
1.191138798455664061e+00
5.984397297232979529e-01
2.043329490127874681e+00
2.705133756137343859e+00
7.180740545588217838e-01
8.808155704523793483e-01
9.954078327213483623e-01
1.708428685675111192e+00
8.236580425691586438e-01
3.218279529103373893e-01
2.048325369372371862e-01
6.510819743208823285e-01
6.434828366674651967e-01
6.942513502800782277e-01
7.714473177533699433e-01
5.688308209751977707e-01
2.659497326310794607e-01
8.990824051729695565e-01
6.174076952865051870e-01
1.151906001123710110e+00
2.952648085684186907e-01
7.665486580855549459e-01
6.117184355451895650e-01
7.429133332478479179e-01
4.365943885193015461e-01
5.780440874353417469e-01
5.469500527446093940e-01
4.256779230339574061e-01
2.120905913759068007e-01
3.188716097793057314e-01
3.671736229328221857e-01
3.187507083591455403e-01
2.613440933829853652e-01
1.499511466814388572e-01
2.766881982971211573e-01
2.547105377687043370e-01
4.048100392417992022e-01
6.725990622978426092e-01
3.154252849095077749e-01
7.089420310904975819e-01
6.389003046766631236e-03
9.032637113865333856e-01
1.850545321618334293e-01
1.749745124646368000e-01
2.304634894851983473e-01
3.163897890762710219e-01
6.442121530117856931e-01
9.895982598479095005e-01
5.707064388807628896e-01
4.048667037067163466e-01
3.872833653144270860e-01
5.033352304502042296e-01
5.114104491840263389e-01
3.365564371945545807e-01
4.047217368286438188e-01
7.097222776292730906e-01
1.285757484575291487e+00
1.019549291964293447e+00
8.000920558237638591e-01
3.878202682691643810e-01
3.870895357496134115e-01
3.505244702401024703e-01
3.636413342032680518e-01
3.620330375615469221e-01
4.342091527759629477e-01
2.877947788647097771e-01
4.955141900407762923e-01
5.176662807954596213e-01
1.531303262128964060e-01
7.738881323993102024e-01
6.032185555277183031e-01
4.594806489099483859e-01
1.040425333462704938e+00
3.772401105485067574e-01
7.364565333300533423e-01
6.634973245680885201e-01
5.863335109101420750e-01
4.463567175366790485e-01
1.511678162706714401e+00
1.365422620272764176e+00
5.240100995556231656e-01
7.487770384646803556e-01
3.939749098756950008e-01
8.126472458200714177e-01
5.283918643663398917e-01
5.969441176679659566e-01
6.981310323153697706e-01
5.114276510918289720e-01
7.708615372830164292e-01
3.900825056232181121e-01
2.688517614830770341e+00
4.149292252547224780e-01
3.971818673474281636e-01
5.609467227773788922e-01
3.660198385862452608e-01
3.534633185818351619e-01
4.670552587140318068e-01
2.564641499095342558e-01
6.766385169798165844e-01
3.891471700468379091e-01
8.601169221201592219e-01
9.507529786178570141e-01
1.258350949855757128e-01
1.577442312512204181e-01
2.686301717656672805e-01
3.691786475430451908e-01
3.852990569309404090e-01
4.576833076214192886e-01
1.700960500776945161e-01
5.967723779362709147e-01
4.784905424778805871e-01
5.563974632872696890e-01
6.552420293905973914e-01
5.214433572002464823e-01
7.752226670655760765e-01
4.942969129978428966e-01
9.161132004284832098e-01
4.098665722412228596e-01
2.397055682576800795e-01
4.658325755860996398e-01
4.472936787217615118e-01
4.469613572778688426e-01
2.177375897268906402e-01
4.590630542617283316e-01
5.742698779845916146e-01
5.060481276018776731e-01
3.283641200431300922e-01
5.700133838767005301e-01
4.814258323976119414e-01
4.351539675163633158e-01
4.995789139641009791e-01
1.309950495683355864e+00
1.479173369058270238e+00
2.333175581639617968e-01
3.220687664557129182e-01
5.534526304446086842e-01
9.788465400299537489e-01
3.497167267335228868e-01
4.200259134185330145e-01
5.474189344164154258e-01
4.384286284326167071e-01
2.923032657057604844e-01
3.624055550771150824e-01
5.543772860991369456e-01
5.283086749196506116e-01
1.225942228018464863e+00
5.042632352407218077e-01
4.130060121616733748e-01
5.468602593096247855e-01
4.165632686497072745e-01
4.468660163856134071e-01
7.627308838131240387e-01
6.981704200874155886e-01
7.575755897263460881e-01
9.125872078201346937e-01
1.981821848265833408e+00
1.365553866698169028e+00
5.406992263816491340e-01
2.640946369630920443e-01
9.412973265244641841e-01
6.274462818572175138e-01
6.903388596695666513e-01
7.477435002435519618e-01
3.928206484684557687e-01
5.658267790413139542e-01
8.285216927931174924e-01
3.754170701395569409e-01
3.905355635196210984e-01
4.283910692737580295e-01
4.189774436637170862e-01
3.246167171693459252e-01
3.078455869283377444e-01
5.927879239631910213e-01
1.095560726298602905e+00
4.104399895326669712e-01
5.573383647955668652e-01
1.281509136736854737e+00
4.246780777254716699e-01
4.819368261527720576e-01
2.443931485218124866e-01
4.755910851407430529e-01
9.547420291712885865e-01
5.353229046134406754e-01
1.443992045153939641e+00
2.666487296645903005e-01
6.629242554370223806e-01
2.470736617246221400e-01
2.886780093304956440e-01
5.427786609088353087e-01
5.172113017056366724e-01
3.491017569176145252e-01
3.305665741547972325e-01
6.454922589188015758e-01
5.236535108796686044e-01
6.314140058883407347e-01
8.107967375072374638e-01
5.715564117286863199e-01
2.992880590872866731e-01
2.315095552061932349e-01
1.920520951908904150e+00
3.629814496819335767e-01
1.528080568334186262e+00
4.969694579274566593e+00
6.898208237493529404e-01
3.648488295713222529e-01
4.160260732139152151e-01
4.138845815127228933e-01
1.008296128751015708e+00
8.841150111441868908e-01
4.248326754720931908e-01
7.146742287317451314e-01
3.238221893135566076e-01
2.979837155093875700e-01
4.319143312426366732e-01
2.223242371445403875e-01
4.367212064399390026e-01
5.293121523181545385e-01
1.214211581009426721e+00
2.075809685636858248e-01
5.882823573280951956e-01
5.385835806507396351e-01
8.065425140011800442e-01
1.018792395971741094e+00
1.402550896927775570e+00
2.336649576896150382e-01
1.015873982387288876e+00
4.957535097287169568e-01
7.279145785145773040e-01
4.531793286279748867e-01
6.044623629919919638e-01
4.045911947745262638e-01
4.001327057311919178e-01
4.053854488320911553e-01
5.074291779134694202e-01
9.791951660896178744e-01
1.266877888541989794e+00
7.365797345075476565e-01
9.958364267174291129e-01
4.537783107388720927e-01
2.354647893373099654e-01
5.580231603836441900e-01
7.179683528335982778e-01
1.814897629875696361e-01
5.391141871606092151e-01
4.685931345640677592e-01
5.931923387599776776e-01
5.646083567283919358e-01
4.123025949731095041e-01
4.084286088680020299e-01
5.429280628238990491e-01
2.932822872610463261e-01
3.349012615632247503e-01
5.323525898872812911e-01
1.130286472098047890e+00
6.419317277304262825e-01
4.337310124376131948e-01
1.010988837863387335e+00
5.817491185306548074e-01
7.544320132355609720e-01
5.580647035275246859e-01
6.925307534876159465e-01
5.068580599935265107e-01
7.248554717169553019e-01
1.090044272194280323e-01
5.494056991719016292e-01
1.504306900591012131e+00
7.868859768598132076e-01
8.542143819285413775e-01
1.362097928859069329e+00
7.098729862850420291e-01
6.573592598860671377e-01
7.577326841022859194e-02
1.272358855074389172e+00
2.931561000671634165e-01
7.008283222579545502e-01
6.778797117608822420e-01
2.388046936459194136e-01
5.206717581143948115e-01
5.582419576247154014e-01
4.190007964185139544e-01
6.704378103188315396e-01
9.804470296378735295e-02
1.228757652677941348e+00
1.475838871690977383e+00
3.637068179673544344e-01
7.706037260511610087e-01
6.335743927245838236e-01
2.906273038560073241e-01
2.293330267586772553e-01
3.878149980411846887e-01
4.211648596305741510e-01
2.157147688885321657e-01
2.179399852496500534e-01
2.592718231153242625e-01
7.473807815060226067e-01
6.562674476633619802e-01
1.353281164857460084e+00
1.403406915364459939e+00
7.245434360063338630e-01
8.505191255279038742e-01
1.097288096930451928e+00
5.974991695330770236e-01
3.707955729694104585e-01
6.325573798899064570e-01
9.560229525977510523e-01
2.909977204578715893e-01
5.878272133330013638e-01
2.792913788607214176e-01
1.165945883854452025e-01
2.609982898158778597e-01
1.377444054319838518e+00
6.704459654133825275e-01
8.848647481126351577e-01
2.229383825273666409e-01
2.349385717275748464e-01
2.296867278440404281e-01
1.519067847908936564e+00
1.282725527899233331e+00
3.150208825578204030e-01
9.349012190386274401e-01
8.270013582669690777e-01
2.684654994522599480e-01
4.161240849178636236e-01
3.547403612013845797e-01
5.729836875642047023e-01
1.197274290501210287e-01
2.380590137145719154e-01
5.653742654222756459e-01
5.083952058706833199e-01
8.026972343816627387e-01
6.586717183210025750e-01
1.015011566796016229e+00
3.034137814747372430e-01
5.314800114557668431e-01
6.530577875269508725e-01
1.472952245915540193e+00
9.090824267730400754e-01
7.446531246678005367e-01
8.446814878873919463e-01
6.672549463504358069e-01
5.429281730610323597e-01
5.576324610150746874e-01
7.218061513383339234e-01
5.914233611804777802e-01
6.643372065520277703e-01
3.339970074727864335e-01
3.747052694058422562e-01
7.954566679259170714e-01
4.865501414060572349e-01
5.458792189706729303e-01
5.395566292404065933e-01
1.703388205222799434e-01
2.584720350643733289e-01
4.835026250893511013e-01
1.108272354774435753e+00
2.305812064080371426e-01
4.041214074006254098e-01
1.860453519552894841e-01
7.756714443421708349e-01
3.047485382594682934e-01
5.828954140265710238e-02
2.703018579097709595e-01
4.014736057804596525e-01
3.448985759277883867e-01
6.202529957727166421e-01
3.856127546768119974e-01
7.128117854413221766e-01
6.143045885540355799e-01
2.016325876120275695e-01
6.645798417525610180e-01
6.381538950887863937e-01
9.071086759071288474e-01
6.211486929497705978e-01
6.702544549261277851e-01
6.300519159599041741e-01
