2.618976960098889606e+01
2.944461717710071724e+01
1.163883962823608442e+01
2.030593984619384429e+01
1.684909820533189873e+01
2.045572861935414721e+01
2.030563288974816061e+01
2.502160498401424604e+01
2.354337120434082919e+01
2.699210472290565122e+01
1.425059741727372398e+01
3.541903929221624026e+01
1.788194746731193163e+01
2.723506982149316968e+01
2.357683902880974358e+01
2.376903279424423943e+01
5.608266199577073507e+00
2.124192083504055972e+01
1.915782653936479107e+01
2.521135935629999381e+01
1.401576746996506984e+01
1.971681174868467679e+01
1.305376961672463665e+01
2.381160518146717209e+01
1.677809260211911635e+01
1.853763531638904283e+01
1.513827406672963605e+01
1.677237729640405917e+01
1.174707007884671839e+01
2.276637363849197726e+01
1.656114311406187767e+01
1.234884873716559639e+01
1.482606665155734049e+01
1.460170874709860556e+01
1.964283651561881072e+01
2.327279877020819754e+01
7.353361546914086944e+00
2.725641735133451959e+01
1.515261168548605042e+00
1.788160367635137504e+01
2.571424609861733757e+01
1.140508987960323850e+01
-2.301356209006286235e+00
1.511599565726082517e+01
7.517231699808505141e+00
2.503722113793118353e+01
2.354461299244597683e+01
1.607726382680795041e+01
1.716417791931439751e+01
1.961096789552335906e+01
1.647688093265634279e+01
1.777152901292497233e+01
2.461004685626419075e+01
2.306893725728743050e+01
1.643472299218827004e+01
1.970258743598111550e+01
1.993558967776381508e+01
2.605249594206100738e+01
2.078713043844724240e+01
2.258928554941825695e+01
1.763077796918783235e+01
2.385814149903910675e+01
1.990963419279666624e+01
3.117945004968989053e+01
9.664769353111211103e+00
2.642041369818148411e+01
2.173699640451361859e+01
2.055240807879871312e+01
2.191528572105355011e+01
2.272511147014385813e+01
1.823032457039455778e+01
1.653378308783855744e+01
2.152342216876684233e+01
2.065114315426970393e+01
1.570670411575480330e+01
1.377931727191678135e+01
2.499366179274910849e+01
2.493587740287176757e+01
2.793511957231950049e+01
3.765349358795219814e+00
1.189830323132441947e+01
1.570124639986200066e+01
1.671806131911040438e+01
2.137882018577845145e+01
1.784787472127094077e+01
1.953261761388362316e+01
2.097081687755136414e+01
1.602513035622777693e+01
2.600178853510641375e+01
1.637683544096891808e+01
2.759117848808282503e+01
1.500640860008769550e+01
2.172228582838247490e+01
5.078930814260232296e+00
2.256893122177636712e+01
1.415929625287168392e+01
1.641841615158880074e+01
2.281978822208765223e+01
3.117546544094717120e+01
2.598350231061741056e+01
2.082230510595002215e+01
1.508210168832177089e+01
7.840667560629086097e+00
1.925997188413878547e+01
2.611471190116064633e+01
1.794247967557139134e+01
3.726249995680207405e+01
2.557480893595348448e+01
2.652730046550185961e+01
2.160858906840820737e+01
1.261439717721142273e+01
1.610929197649987543e+01
2.223186938436872140e+01
1.423704212934596569e+01
9.362530798984735725e+00
2.708567836094212566e+01
1.336900653817652085e+01
1.561499813932870495e+01
2.290611717418109805e+01
1.249444405273348480e+01
1.727742581192504190e+01
2.777551982280030529e+00
1.619219926995347691e+01
1.628142422647120213e+01
3.626191884593566783e+00
1.537944259450472373e+01
1.961819894557282851e+01
2.286965228520625004e+01
2.261344315259493243e+01
2.810990692607298058e+01
2.905438550466693926e+01
1.841380855707910058e+01
2.462884915416563558e+01
2.863537825816254667e+01
2.429901786953128351e+01
2.694122620296217008e+01
1.917157726219830494e+01
2.117732857559320792e+01
2.211807733358797634e+01
1.378710112645575236e+01
2.117164308897457659e+01
1.409527741640174270e+01
2.702365809029801369e+01
2.567233756976668246e+01
3.189876299931311365e+01
1.579728269787851502e+01
1.846585722397601614e+01
2.205803002012512337e+01
2.162360301522947736e+01
3.523572298584903706e+01
1.330977471444849414e+01
1.940758434046392011e+01
1.592715009239825008e+01
2.175772556731642027e+01
1.052463842505552805e+01
1.357373742468211475e+01
6.753383804858017925e+00
1.663009691035973958e+01
2.394850634559267633e+01
8.420758760642485186e+00
2.347283935049459558e+01
2.042456772356028694e+01
2.602480641705828646e+01
2.161482616418336278e+01
1.799586973060397099e+01
2.732293383325019676e+01
2.025645661891091720e+01
1.994368735455654473e+01
6.483028259894581424e+00
3.166347147278872853e+01
1.408245910652863131e+01
1.858984753370070564e+01
2.173401347957671703e+01
1.383190990974125612e+01
1.107912182990509109e+01
2.596431850478612091e+01
2.911698551577575245e+01
3.375473949811458851e+01
6.836046879449867220e+00
2.719593470648104017e+01
2.225467627375102353e+01
1.661133766313975002e+01
2.430159793121844558e+01
1.841963589256758382e+01
2.420167468701540514e+01
1.880419918477099372e+01
2.134160657484862611e+01
2.989701857570611310e+01
1.834806823402773546e+01
1.490930216578819056e+01
2.604951308396562126e+01
1.250407805038484810e+01
1.540692199714602850e+01
1.753580786393335700e+01
2.794513911941312756e+01
1.658520654770410374e+01
2.626812934774433472e+01
3.787312447430856821e+01
1.756567233411441009e+01
1.457695134588010433e+01
2.025148667278980952e+01
1.176462596538019056e+01
2.121235641990239174e+01
2.663977251075198183e+01
2.542318955391019841e+01
2.414772746165601802e+01
1.092095118151537747e+01
1.371368572141334141e+01
2.918161166297242914e+01
1.140024703496776226e+01
2.414636781914391861e+01
2.918199406755266523e+01
1.173949608484508644e+01
1.971019492133559936e+01
1.770834398683967947e+01
1.597013914540073642e+01
3.250423978262686830e+01
2.131744383795967224e+01
2.475026819370016540e+01
1.435669906257952277e+01
2.556132319606119552e+01
2.099057029772363592e+01
3.175854682260131767e+01
1.768507160369823339e+01
9.787143055710089357e+00
1.133294902967945461e+01
2.397001937305034858e+00
1.314568564905306403e+01
2.491300131884925406e+01
4.996132085255609923e+00
1.969866691049676888e+01
2.022086852585922401e+01
1.923344581941240961e+01
2.448485397433172750e+01
1.777500075724211115e+01
7.999630060486794036e+00
2.116719464126398265e+01
2.453769846326561321e+01
3.207621259098623057e+01
2.122444965939266126e+01
1.130271913335568001e+01
2.256909590404370647e+01
1.207680574994498102e+01
2.770918642274691024e+01
2.183483044166023035e+01
1.674315144057034388e+01
1.079275692546136156e+01
1.585680765982742457e+01
3.231251092924030388e+01
1.750881007429497771e+01
2.668719193856492922e+01
8.814341809818827755e+00
2.909941372479741517e+01
3.167635900077303290e+01
2.037227709191712677e+01
2.493884478543760963e+01
2.670768155036867597e+01
2.173433249572072157e+01
2.473103779909370559e+01
2.637924298316883664e+01
1.863926009338311474e+01
2.687565531601720892e+01
2.819315289092357091e+01
1.852491166584077575e+01
3.119107197535279852e+01
1.979866247812636004e+01
1.628049372058538324e+01
2.243140812102148374e+01
2.074155362795166013e+01
3.169683653262073619e+01
6.448915882062493665e+00
3.095659726758982799e+01
1.425995154556932221e+01
2.607778340665042549e+01
2.119804029936125289e+01
2.160636799695747357e+01
1.621125485060277072e+01
1.984909288933732086e+01
1.628050204591117733e+01
2.384357876119217678e+01
2.363711353491225253e+01
1.440680776865040968e+01
1.343615469815105712e+01
1.945555845196261657e+01
1.751007217488040624e+01
3.738810714981553929e+01
2.165900827540850315e+01
2.389549739440130338e+01
2.354866901468889751e+01
2.738370275492975736e+01
1.540161360607500285e+01
2.112960604343898297e+01
1.770979739552531385e+01
1.520662855153811677e+01
2.952800809517189151e+01
1.045333510551886036e+01
2.363688814950539552e+01
1.966510687511450328e+01
2.596836994231335893e+01
9.991766041461360714e+00
2.365132766669638897e+01
1.499397625788621724e+01
1.688752830053981313e+01
1.750421612119970405e+01
2.533714059938808560e+01
1.507373100116272724e+01
1.538538378099414672e+01
2.162826296673763693e+01
2.600974786374234782e+01
5.738220903366297421e+00
2.679818666704832708e+01
1.708931034844934516e+01
2.457743247421601041e+01
1.515904573732697713e+01
2.156209893204984951e+01
1.062257017467784692e+01
1.522025309385678327e+01
2.541119281048187872e+01
1.618668637820960043e+01
2.473932125308611774e+01
1.498448640773189311e+01
2.091020699698530905e+01
1.375585318051074069e+01
1.727028650239250851e+01
1.745294373276180977e+01
1.581446054472831975e+01
3.381740464626983567e+01
2.462126086338309960e+01
2.159474497078009847e+01
2.463828357288524273e+01
1.956607647743699374e+01
2.348393058399972233e+01
1.558408436468565128e+01
1.530058803626381803e+01
1.810465431180753626e+01
1.525379769820774811e+01
1.364445173401153966e+01
1.746834747794151355e+01
1.810215471372085005e+01
1.832241211595375319e+01
1.584562471973377740e+01
2.894027371775710833e+01
1.736374696142031837e+01
2.886098659996073224e+01
1.724680929380486560e+01
1.611686431802772290e+01
2.223663214788560083e+01
1.491482044014126984e+01
2.455106689857043989e+01
2.328727680157879831e+01
1.655217561348248978e+01
1.932595278512847159e+01
2.378768359187523629e+01
1.564118560331283447e+01
2.165577015480793222e+01
2.466020455453634952e+01
1.323416727107772317e+01
1.782947799722323623e+01
2.396054477069902333e+01
2.926886859454964451e+01
3.310670692614453969e+01
5.453905400286288341e+00
1.576414033854152308e+01
2.379007034059167580e+01
2.704685009778575022e+01
1.700983664936345008e+01
2.308733717130793650e+01
1.768752652168418393e+01
2.744617814786043652e+01
2.620355203118973009e+01
1.218709250163560398e+01
1.184356360978566158e+01
1.539944239910283841e+01
1.079576739130563112e+01
1.895436795553192155e+01
1.731531645769855743e+01
1.823313610800916962e+01
2.667235356765418430e+01
3.611912174713049950e+01
2.398847397089767952e+01
3.161741866677819957e+01
1.507230630988095754e+01
1.556216258532028007e+01
1.909631391347419083e+01
1.420028632241475464e+01
1.057928003231604919e+01
2.750445773529422411e+01
1.982679696018107762e+01
9.729639964648029604e+00
1.443618534274925480e+01
1.924769952632101422e+01
2.721141956575831955e+01
9.620058528051288249e+00
2.449099688098236527e+01
1.521897305191754413e+01
1.273439519808650289e+01
1.114333517106598492e+01
2.930857871557761030e+01
2.566504046725582100e+01
2.195971415597921350e+01
3.129491777140357556e+01
1.815308548208222561e+01
9.046086073967558150e+00
2.205760421379143565e+01
2.221113117679678339e+01
2.197257946977308052e+01
7.262507820809787518e+00
4.381191459204956118e+00
1.637993907217324363e+01
1.545820107702391510e+01
7.015692280878610632e+00
2.781044962669913900e+01
2.030934900154566947e+01
2.952417904355056066e+01
2.109164201231641300e+01
2.588070220162520485e+01
9.813780587235712005e+00
2.303049173876213018e+01
2.740746318097508549e+01
2.076156353276779498e+01
2.103689232782733143e+01
7.858501480831179720e+00
1.757316900661858483e+01
2.543460770167912699e+01
3.097303620709558913e+01
1.705248724735277221e+01
1.505222402114958413e+01
1.644748764465482793e+01
1.159604313744031856e+01
2.457998080591843859e+01
7.837286224441513127e+00
1.814856135454381558e+01
2.895876067462636172e+01
2.014707506250594804e+01
2.319907980077911702e+01
1.771175583178074930e+01
1.580732620861263626e+01
2.175636762823560844e+01
1.918147396093763746e+01
2.532476882774644622e+01
2.099422998280737573e+01
2.788854093655108812e+01
1.665640262651920978e+01
2.272738829714300124e+01
2.885418239189851874e+01
1.300058256848308247e+01
1.875926810773354703e+01
1.350261211813206330e+01
1.100581755481055524e+01
2.138819829643018267e+01
1.573965526870789233e+01
7.634097477073268578e+00
1.445898566075604208e+01
6.500698718801032783e+00
2.226816647088064371e+01
1.810167884138441963e+01
1.229267311184591449e+01
3.396677488825240232e+01
1.308205470991619279e+01
1.752762478906186061e+01
2.251489575905974050e+01
2.254903321200713862e+01
3.021643032594415246e+01
2.428901009180037818e+01
2.509735834119398845e+01
2.171065880974153117e+01
1.925164179597092584e+01
1.549071528273692877e+01
2.564047772113401891e+01
2.157845475741918051e+01
1.464047722442720101e+01
2.706392346279841377e+01
2.193865232884337502e+01
2.209540542289769860e+01
1.997423127246771912e+01
2.181165228221593821e+01
1.087537849807411305e+01
1.543803003055083423e+01
1.541268473126326910e+01
1.988734294490829058e+01
1.133313746238533781e+01
1.682667342813891764e+01
1.973097231365346715e+01
2.266508245194449955e+01
3.493241438683826061e+01
1.987803524909669761e+01
1.798857584463807058e+01
8.152643136451303008e+00
1.137246033928106215e+01
8.594666949701718295e+00
2.180554282267828370e+01
1.468035699525805171e+01
2.528635984988220287e+01
1.285986944120534758e+01
2.429137412765422255e+01
3.166822111165869558e+01
2.705718294239710531e+01
2.122549862525360709e+01
1.067923763146937688e+01
1.401049440485978437e+01
1.759847107457615323e+01
2.202158474321777248e+01
1.329282861603643084e+01
1.829381461117279173e+01
3.311057470399917690e+01
2.409360794184559040e+01
2.516204517382068673e+01
2.977350411617842951e+01
1.630971710470211633e+01
2.670041700202786217e+01
1.354556072920956922e+01
1.628347973818044636e+01
2.202185398452234466e+01
2.594087452430683527e+01
2.927108416095499877e+01
2.510847798459371916e+01
1.589408227947626528e+01
1.194819239219327756e+01
2.674573076689360818e+01
2.077754066373729103e+01
2.987098697039947837e+01
1.840364667269409438e+01
1.070272832699998844e+01
1.805744754005094421e+01
2.690094311639265356e+01
1.313435157124960995e+01
2.597952172386763436e+01
2.451016304781514066e+01
3.266824738355791169e+01
2.518646359210325159e+01
3.038478034037935771e+01
2.117103150784360821e+01
1.744259462313850406e+01
3.294723752877958134e+01
1.435714807135477145e+01
1.898244782641224049e+01
2.377956671964247448e+01
1.795338201806431755e+01
1.829217594331683472e+01
2.644724623622309423e+01
2.594925589989780690e+01
1.577770284441236015e+01
2.695111912660182441e+01
2.094469893219312695e+01
2.647893751917909100e+01
2.066077956877505528e+01
1.404632486942753644e+01
2.099359322102696979e+01
1.834870135016630854e+01
2.036665483619600536e+01
1.530016750882880672e+01
1.614478610759152843e+01
2.262048489936051965e+01
1.319272175606674580e+01
1.416471825425222164e+01
1.214068828616531448e+01
2.193149590702383023e+01
2.575783848969461332e+01
2.496844978198693354e+01
2.595897510168467193e+01
1.875368482947956750e+01
2.026136005529728834e+01
1.825113062397754504e+01
1.299477479301819471e+01
8.792840530637832330e+00
2.599109000942212333e+01
3.331580509407326929e+01
2.785744400257597420e+01
2.871029084721686786e+01
2.105998850892180485e+01
1.852289262644745804e+01
1.817508048572797463e+01
1.089242131978471662e+01
1.673972991578172298e+01
2.776228417879080723e+01
3.218461772523869513e+01
1.466277931451534755e+01
2.236327391482231519e+01
2.706477161906917672e+01
8.407408439060475303e+00
1.820882497985010673e+01
2.726379394695024416e+01
6.042375221076198955e+00
1.827791336521264043e+01
1.779936374161385970e+01
2.726698434743007482e+01
2.039889620497439182e+01
2.711887465114491391e+01
2.595910125304892091e+01
6.096507090916077232e+00
2.424575625746861363e+01
1.012483681392605206e+01
2.547775737078063685e+01
2.101709561508807411e+01
2.541942724871857706e+01
2.065316492953750327e+01
2.945660087133883565e+01
2.387385463929717133e+01
3.023375695669035679e+01
2.381467338093838748e+01
1.677154296422351365e+01
1.677181603457364645e+01
1.716058177232589799e+01
1.138884178400958547e+01
1.837990409571083461e+01
2.084780397191983781e+01
-2.456380334608127214e+00
2.854952602287427510e+01
1.226192402690229244e+01
1.691337234472852913e+01
1.862466631753064661e+01
2.912302943692478152e+01
1.197828205515909872e+01
2.097104971765736536e+01
2.750064000803059372e+01
2.423269311575467100e+01
3.088314561769517752e+01
2.343155509551208127e+01
3.376560760764461833e+01
1.451642948689713819e+01
4.575406729688509699e+00
5.676788301535339087e+00
2.196651795133747243e+01
2.348833026981287730e+01
2.190070460636592031e+01
3.095261694560529975e+01
2.158616426033111679e+01
1.289323292822645328e+01
1.839789081555942118e+01
1.708809975362407840e+01
2.769825135555349505e+01
8.658577552381998998e+00
2.178668200803447519e+01
2.116506656948062925e+01
2.966034787070074685e+01
3.402258561682729976e+01
1.209606400457674624e+01
2.870582279000864645e+01
2.405832077726358875e+01
2.047247972893259060e+01
1.175447293488909395e+01
2.601554080502947386e+01
1.428585141855897689e+01
2.602705721326304200e+01
1.580865237420026403e+01
1.990504414587667270e+01
2.129210089815026663e+01
2.702988562703436060e+01
1.325444528881099870e+01
6.920374438553906771e+00
2.044854209424366331e+01
1.985237062368423722e+01
8.024305835984876012e+00
2.286665652602653154e+01
1.134839537097187190e+01
1.690219788041596871e+01
7.390299585604935828e-01
3.108878952744295532e+01
1.064720317750168022e+01
2.161178019433689457e+01
2.390371939086261932e+01
2.063255338750703061e+01
4.671585708821893945e+00
2.603966399659046260e+01
3.162537595951063452e+01
2.106170581968250133e+01
1.420438696647789811e+01
2.123530966519592766e+01
2.164191690447353977e+01
1.235286326031150850e+01
2.751489661326726832e+01
1.957005716434161968e+01
2.166283419571608704e+01
1.167933264843294694e+01
1.899092264708625066e+01
1.686565480010899876e+01
2.230603670887136047e+01
1.979499937515468844e+01
2.192486075576340454e+01
2.569256271470254660e+01
1.911224530637412045e+01
2.932979074842402412e+01
1.129079582339322485e+01
2.591963545018177228e+01
1.957368436936107514e+01
2.157509727093694352e+01
2.483364495457413312e+01
8.113409071321015631e+00
2.370422301443848312e+01
3.026756991242302774e+01
1.887959333558576702e+01
2.183160310678107408e+01
2.304409757245566936e+01
2.463481392860178687e+01
1.507729953767712061e+01
2.233140545090560636e+01
3.893043960085876165e+00
2.444474090678740197e+01
9.916264729234995912e+00
1.848351579799442135e+01
1.693729136328120433e+01
1.305709259278026479e+01
1.433734319863199858e+01
2.022610938419907711e+01
2.007537363204449576e+01
2.252763573822336696e+01
1.679052131100887379e+01
2.362996877040953336e+01
1.549935641249267348e+01
1.786822296495653006e+01
1.548956559468841476e+01
1.274777553252049245e+01
2.366370233640310516e+01
3.483149097483489243e+01
1.048785826126399456e+01
2.001282193798361675e+01
1.503880224306870161e+01
1.827505395011002776e+01
2.071447912387060342e+01
1.546287443692240515e+01
1.592681197755190681e+01
1.128465069192881742e+01
2.457408423439561318e+01
1.750729984844500109e+01
1.493392096218913423e+01
2.400880642626276540e+01
1.699832008642741243e+01
1.890251581169702888e+01
2.460386752966516610e+01
2.928498145390846474e+01
2.559488810010226700e+01
2.060123871458138467e+01
1.328401713270430662e+01
1.274988573315445706e+01
1.233094743914975311e+01
1.019621500397045111e+01
2.347675157725592499e+01
1.311124355664890118e+01
2.634823171445162160e+01
1.136766402837676537e+01
1.073974543918950530e+01
2.267150155961000735e+01
2.744547076702764343e+01
1.472251788222442315e+01
1.877505156495001160e+01
1.215745051904121965e+01
2.689255518508731058e+01
1.540422197259508863e+01
1.484068440975167391e+01
2.807037742513477951e+01
1.743675583382103866e+01
2.279491300493562278e+01
2.538736028516389354e+01
2.110129362989665225e+01
1.526432937235313148e+01
2.117574502848965778e+01
9.097667388598836169e+00
1.615150464503238936e+01
6.677896338934587561e+00
2.843138709296425759e+01
2.219427788991386308e+01
1.698724674229325160e+01
1.923916269560926651e+01
1.295182819336219637e+01
2.020520969585675886e+01
2.522993782556744691e+01
3.611757509786086473e+01
2.197598928173621857e+01
2.574803998331853450e+01
1.216057614849111701e+01
1.249419091087058575e+01
2.362994934820827808e+01
3.540453536822369074e+01
2.395958489241444056e+01
1.340432745928771396e+01
-2.002738746126624392e-01
2.453636264612732987e+01
2.528727387471603549e+01
2.357318708848464439e+01
2.451361260048968660e+01
1.551469992496276973e+01
7.919614588299197067e+00
2.027329248517727933e+01
2.285672941291467453e+01
2.808698452994441652e+01
2.461956343946049230e+01
1.587911479585638119e+01
3.136869397358698563e+01
3.325811815994991605e+01
2.157398511617238768e+01
2.559866881104059644e+01
1.039004596332046049e+01
-2.021945655091982985e+00
1.478582539456517964e+01
1.088312451710007167e+01
1.601680532092380815e+01
8.070750604837513720e+00
2.427967511932170908e+01
2.313256122034951545e+01
2.926568203001947666e+01
1.455227180308300206e+01
2.174404248009647489e+01
2.262286573321124195e+01
2.988553944930839634e+01
1.602805818906908542e+01
2.008451061349651923e+01
1.595400815680984863e+01
1.319053445601603869e+01
1.501636032442715418e+01
3.282466308196281091e+01
1.580985081104840617e+01
1.635331730745834022e+01
2.506604295810942773e+01
1.565858454024483137e+01
1.141629985509626977e+01
1.657129013842794052e+01
3.051528402944911988e+01
2.222298630222167048e+01
1.708829685946471955e+01
2.172146920549698734e+01
1.891152279959572979e+01
2.334858017004016517e+01
3.369339610314874278e+01
7.948762075190543896e+00
7.307472756452810358e+00
1.896204278034114310e+01
1.547581806237336366e+01
1.335356870180351052e+01
1.639416916726632678e+01
2.709614866334408845e+01
1.704595004304680117e+01
2.017565481785850068e+01
1.721604762972221181e+01
2.016353501400944737e+01
2.469701844910755995e+01
2.336434622919074400e+01
1.083269603856966512e+01
1.459834641646000364e+01
2.437846086994761663e+01
2.804513398865644547e+01
2.737073596665181441e+01
1.642255322968003384e+01
1.852847721228364719e+01
2.915423565965943453e+01
2.320641740238241368e+01
7.168147612069262209e+00
2.417885286735500472e+01
1.333301364214656815e+01
3.089494631073843323e+01
2.709930975745986359e+01
2.032343784275612109e+01
2.260062527066459381e+01
3.003834341157403998e+01
2.163645867302312809e+01
1.920882685887636399e+01
8.797944404583972755e+00
2.308001556985189495e+01
2.358237330354835848e+01
1.576727198006908282e+01
1.570048097541034338e+01
3.667151515697560882e+01
2.039976176642829842e+01
1.875139027509089118e+01
2.476825226464620755e+01
2.688820772375348156e+01
1.957168080915351283e+01
3.004156560801625631e+01
1.654207010598567251e+01
2.037026131631026260e+01
2.227584176728186804e+01
2.606035786800515552e+01
1.388846997578167475e+01
1.848031802576139171e+01
2.532171350822005707e+01
1.973692415362501151e+01
1.769345735067591363e+01
2.143631212140629572e+01
1.721734266242393119e+01
3.136171764272407358e+01
1.833311656285232516e+01
2.877598312026827898e+01
1.316358653310899740e+01
3.233511264283582420e+01
1.057602574370417869e+01
1.831838201046242887e+01
2.183038815177850722e+01
7.698194500677132623e+00
1.971416419214863680e+01
1.826590032254429730e+01
2.981322073401686623e+01
1.955149079056576511e+01
3.113578389549128644e+01
4.681978675516802468e+00
2.391073400526150294e+01
1.318653703852893955e+01
1.492970088130435613e+01
1.765217171714591871e+01
2.014933012413474955e+01
8.232871257851641644e+00
2.984112419884556289e+01
1.760017843358134826e+01
2.063121424409292359e+01
1.571680784424177091e+01
2.145447707992875053e+01
2.037754336905646824e+01
3.371871158048082862e+01
2.437653334996277010e+01
2.223575766486074201e+01
2.424519065862158129e+01
2.017979147786869021e+01
1.818563432510650557e+01
1.494343623682206612e+01
2.921764655129567245e+01
2.662813985997940591e+01
1.186353751739797247e+01
2.369888274934682215e+01
2.369132559756290846e+01
2.211877233321155245e+01
1.614467691306060715e+01
2.974006378831124664e+01
3.568889005026650807e+01
2.098655028856447302e+01
2.585700763376912903e+01
2.225807125916217899e+01
2.083068796525830635e+01
2.512736640272294153e+01
1.834960165736445248e+01
2.240151121713950033e+01
3.091532924346745403e+01
1.594530425452654754e+01
2.664576287041040814e+01
1.925352763381646071e+01
2.277361535202049936e+01
2.389785780901271295e+01
2.102615926431316495e+01
1.761510339579720608e+01
1.427333111434904822e+01
1.348382353967618030e+01
6.201682760150646345e-01
1.847602552144338972e+01
6.722560060671895599e+00
2.115109480193609670e+01
3.984265095803365853e+00
2.162656057633865458e+01
2.521198336847881194e+01
2.031455371686955402e+01
2.580454320914054023e+01
2.492642078238003478e+01
1.643997531269146606e+01
2.256300034215935568e+01
1.865479667884795845e+01
1.111732577582807835e+01
2.087693515198739647e+01
2.805111504686864521e+01
2.018936186019152501e+01
2.079000926738842736e+01
3.766643301096735286e+01
3.218110212994626806e+01
2.144289429856191020e+01
2.899918355465194963e+01
2.636500262127357530e+01
2.348697194985240344e+01
1.629094163334296752e+01
2.511408822674121666e+01
2.471386035207577692e+01
1.490046207734650352e+01
1.681771246427315702e+01
7.995295292970425294e+00
1.739846546102988611e+01
1.133106695983732948e+01
2.153258340574367224e+01
1.995533599939915348e+01
1.390263570982526176e+01
1.645822228977338852e+01
2.553064164047221141e+01
3.411106722790083268e+01
8.304473191003353350e+00
3.112848486430179662e+01
9.839399888409239736e+00
1.700189475469586853e+01
3.527116435115922854e+01
2.805092498315057981e+01
1.848725661126425024e+01
2.176279925927536851e+01
2.944450802996644256e+01
2.176856172353630825e+01
2.333503634273650107e+01
1.040685957821395391e+01
2.133462786377593545e+01
1.162699131194307256e+01
8.388808941507647887e+00
1.115871202685214314e+01
2.218004981434634715e+01
1.691182600093927135e+01
1.092467482913400545e+01
2.486442995062598982e+01
-4.743778415145783356e+00
1.364159964980429152e+01
9.301817211716809197e+00
9.709542906981099009e+00
2.359348054571482578e+01
2.234920615913884490e+01
2.373086706069447160e+01
2.362385303233008926e+01
8.382507158800677871e+00
1.146371092293793481e+01
1.681016731369935258e+01
1.448040024272152948e+01
2.300946448389811394e+01
1.246422775944633088e+01
2.007589831725069018e+01
1.323428451028668462e+01
4.797261234407315555e+00
1.636896722604274146e+01
3.887894261190155021e+00
7.120356916515362400e+00
2.715382550428796549e+01
2.641939942775994155e+01
1.981381637438044407e+01
2.652352819430663544e+01
2.029604978796247394e+01
2.461840333915393586e+01
2.653861188477090849e+01
2.015305438799830995e+01
1.610714867264866257e+01
2.136305192411109743e+01
6.081444467555272126e+00
1.684972712973274156e+01
1.443196014995923804e+01
7.567772722391822526e+00
1.692752767862107532e+01
-1.939788687730981565e+00
1.265207989682032519e+01
-1.888202291691655432e+00
2.452880193044808266e+01
1.688285078038310161e+01
1.672264816397962761e+01
1.733997913834627980e+01
8.515604135623718207e+00
9.171206023049464306e+00
1.650469586229935715e+01
1.782625490658103473e+01
2.490001473555055611e+01
2.302704548618024916e+01
2.320080726032520602e+01
1.273071308025758697e+01
4.003103319518757530e+00
2.322313553862713320e+01
2.536750184317921253e+01
3.094327707106968717e+01
1.035224541245369778e+01
2.503920449011127403e+01
1.905224803294464664e+01
2.197011702257654520e+01
1.847036173662160508e+01
2.285895149353248712e+01
1.465220911581010910e+01
2.228796982864669474e+01
1.535566536884883249e+01
1.859934297922872304e+01
1.203507715142731627e+01
1.899689547515579591e+01
2.097540176329849260e+01
1.493543003520407098e+01
3.232416987816932874e+00
3.799593810637858837e+00
1.309494818391485182e+01
1.713533192480257128e+01
2.236290475018287083e+01
2.010543485981288825e+01
1.078910317546962006e+01
1.690311494622073951e+01
1.280217843150555268e+01
1.033149398496408367e+01
1.228990725308487697e+01
2.523020649391064296e+01
2.564398112989316303e+01
1.576918943464039558e+01
2.981104660736684764e+01
6.898421024505111632e+00
1.418997516484137122e+01
2.093440820743174413e+01
1.162729909620922797e+01
2.313520642273371664e+01
2.232621017697509558e+01
1.267714571385046440e+01
7.251744198812701825e+00
1.037271431128073118e+01
2.087440499778737291e+01
2.128774967113826477e+01
2.318657894236417860e+01
8.702661605479178775e+00
1.705262129895935175e+01
1.360985053137353873e+01
1.500111370503492481e+01
1.365970596371500534e+01
2.300410019239214421e+01
2.600870835993823249e+01
3.557422251833017413e+00
1.376934030255701202e+01
1.962119190652992984e+01
2.379729015573107631e+01
1.853557534018193564e+00
1.638177993313885850e+01
8.926693506737223061e+00
-1.371341850569862686e+00
1.929006885914548519e+01
7.734107689162613042e+00
-1.516873684235633846e+00
7.308017913739050186e+00
1.332744392165726310e+01
8.628898961254904521e+00
1.771111160359355097e+01
2.288420501451483347e+01
1.471757474363276685e+01
1.123449391529919694e+01
1.652503329117126896e+01
1.359824984966098782e+01
1.556091765419257911e+01
1.735833146790157144e+01
1.773988713332816758e+01
1.447969161310626873e+01
2.398194669503192245e+01
1.662275832906945539e+01
1.108499268803242899e+01
2.963157440281963773e+01
1.574429625361872809e+00
2.736885225663238685e+01
9.367316243077169702e+00
2.374586514048647246e+01
7.542075291651272551e+00
1.370838172923241416e+01
1.470516676940610523e+01
1.513237228509180454e+01
3.089747271360071323e+01
1.722388805016453261e+01
9.047355807478339784e+00
6.619744187137300173e+00
2.355045960792357107e+01
1.578655382037783284e+01
1.084737431543567254e+01
1.124958819206976557e+01
2.613887098029886147e+01
1.604207496445184233e+01
1.025015885938537963e+01
1.751700817984981029e+01
3.837534237088163991e+00
2.088041377799900999e+01
2.157440289121015553e+01
1.796277928854699724e+01
1.541379297899214862e+01
2.666386365627847965e+01
6.930218737724729294e+00
2.524191503767997347e+01
1.643420304671418819e+01
1.210630551145047207e+01
3.514605962811110373e+01
1.814038768922813460e+01
1.400628927055536366e+01
1.930216228741340956e+01
1.240198949241792548e+01
1.093254569738761006e+01
1.594284955090516576e+01
1.094126540575547324e+01
2.768047845647821248e+01
1.650976045033462469e+01
2.132360636643193175e+01
1.958766211627958853e+01
9.630003189345245573e+00
1.999449398387653787e+01
2.485363509193007303e+01
1.219646963558773223e+01
2.299855498419074706e+01
1.122025293784125211e+01
1.330717357706200232e+01
1.825957253716369877e+01
1.762236573581299126e+01
3.058590323886912898e+01
1.411416735708509407e+01
1.237672169953874857e+01
2.456856550197109357e+01
-1.074579996008395710e-01
1.227131819975238614e+01
1.404459937487411025e+01
3.517262517399129251e+01
1.417348014098547537e+01
1.478819457327607267e+01
1.248489322307143823e+01
1.219185023368774523e+01
8.447919779507017779e+00
4.026665588077989355e+00
1.630816534208865676e+01
1.260326756324198527e+01
2.804231950509387161e+01
1.855005944717963473e+01
1.621260191450775778e+01
1.591686026747210292e+01
1.526725661978521487e+01
1.260388103518616276e+01
2.798069892606110898e+01
1.887404532518506528e+01
2.177952754007307590e+01
2.438841245353632559e+01
3.180776511240682680e+01
3.029317263035311214e+01
2.187676374519884348e+01
2.237306982785163001e+01
1.679986775653084408e+01
1.386937413524483986e+01
2.112095473522364131e+01
1.286067617662379803e+01
2.154564463355588799e+01
3.030120028430694390e+01
1.149147863534157921e+01
1.861383733034124077e+01
1.354644851514237303e+01
4.942588347429065720e+00
1.415622542594226729e+01
2.212377686045878988e+01
1.226877099564332241e+01
1.667699439185209087e+01
2.299905135832650416e+01
1.504727746929630428e+01
2.183096413962590532e+01
1.434083817230208524e+01
3.140795569752184235e+01
1.733341370705196027e+01
2.692222483917703357e+01
2.933811266248959271e+01
1.945067201463126594e+01
7.068199918762459788e+00
3.781799140551655114e+00
2.034155922800498217e+01
2.033965514505065642e+01
2.150159119619217307e+01
2.990500245077595309e+01
1.037355763914561635e+01
1.288555574706823847e+01
2.174049355192561706e+01
1.696909338255253630e+01
2.615089653493944866e+01
1.763611191212773122e+01
1.149355206452393929e+01
7.141062136830797158e+00
2.592753383602089201e+01
2.179956383811943965e+01
1.593811642147163354e+01
2.091707954414270176e+01
1.911528930363161294e+01
2.649284695525820865e+01
1.156415056779114536e+01
1.214214485548448863e+01
1.985244694901177809e+01
1.554457411919153742e+01
1.215311669220423596e+01
2.025730817775350090e+01
1.492628417353684256e+01
1.640144442640610123e+01
1.377970305660170425e+01
1.608841095336056526e+01
1.588961234249229904e+01
1.771270053071033601e+01
1.891618625719554814e+01
1.949808485897204235e+01
1.415145017745608413e+01
1.754158873050232614e+01
1.665106778565439072e+01
1.826149520162060469e+01
2.292350357657001325e+01
2.066823358465220650e+01
1.902894821363017286e+01
1.823294154806870893e+01
3.064747507479529531e+01
1.422694795122815492e+01
1.612078484772361975e+01
1.534432300399416249e+01
2.253638607460774779e+01
1.737898611271272387e+01
2.074181519689116726e+01
2.080886699542178064e+01
1.012511969391685795e+01
1.693876396460522216e+01
1.690293029113327350e+01
1.623797388671259512e+01
2.064718235057654283e+01
2.274048868628797493e+01
1.565063608347961122e+01
1.517980561798032113e+01
1.198991064288854602e+01
2.896077849191054554e+01
6.442356487432121526e+00
1.223890658365164086e+01
3.296363765367009080e+01
1.453050752596443829e+01
2.212703404092708581e+01
1.774029905841441490e+01
1.640870294335554291e+01
1.859959634136860984e+01
2.573724365628113731e+01
2.443906236128061238e+01
1.519251611867376539e+01
1.979588931441116273e+01
2.158253126351581841e+01
7.950872890269536697e+00
2.534027860168927759e+01
1.406844757517436051e+01
1.541260616628444780e+01
2.956561656123799509e+01
1.928633118083254772e+01
8.700500795747046823e+00
1.170917570505561400e+01
1.583020100494250926e+01
2.103683006288059687e+01
1.572061702309724751e+01
2.761929552474267524e+01
2.310083411077711446e+01
1.734610126053544832e+01
1.205947817625042262e+01
2.037331914425460866e+01
1.895602003729106855e+01
2.006554951274272725e+01
1.774715927539082827e+01
2.632204496958566153e+01
1.218189428731156454e+01
1.193731784081640512e+01
5.239042358925900089e+00
2.195044680999438924e+01
2.001710554311811308e+01
2.081943620615678014e+01
2.769973649753946177e+01
1.070921900468866284e+01
1.229353035496708912e+01
2.230901445664449056e+01
9.498190232902217645e+00
1.502935693231664516e+01
8.913265684741176642e+00
1.322183115512714835e+01
1.152494052717032957e+01
2.084583317982899331e+01
2.017486823906050120e+01
1.411039061711980480e+01
9.792615320713480287e+00
1.375577146565838405e+01
1.176663581432764261e+01
1.430404993387566037e+01
3.070900561888666402e+01
1.918750634709499536e+01
2.013360144934050311e+01
2.279694831079692108e+01
1.270064051028448660e+01
9.599213711766481083e+00
1.207708633887952487e+01
1.528646997837574872e+01
4.148752047131083032e+00
1.335307460389545042e+01
6.796760665847628502e+00
1.363438953768429940e+01
1.712332652207398098e+01
1.969754049328577139e+01
1.045585363626355502e+01
1.517325430583001378e+01
1.950341213398945683e+01
1.024772847614708837e+01
1.537247938687856674e+01
6.800751282497841999e+00
1.695047323350553370e+01
8.023683471157738722e+00
2.653570597012010523e+01
1.682104835217123195e+01
2.789172359736105022e+01
1.117352145342073300e+01
1.781550708988010001e+01
2.265719345739353940e+01
2.109890639066757956e+01
2.557420454197485071e+01
1.317525246805308825e+01
9.877044788039953005e+00
2.574636475347810460e+01
1.391372591722635832e+01
1.967417973815081211e+01
1.472428152973556337e+01
8.438936574168295124e+00
1.314896617563086068e+01
1.928642138130058470e+01
1.676276682456308720e+01
3.272090886022206746e+01
1.566909824893075154e+01
1.932979542990435107e+01
1.368993273791977572e+01
1.103826716775311922e+01
2.821522988660028375e+00
1.365819865816847312e+01
2.435704257106277737e+01
1.948853074270709129e+01
1.700656366322752433e+01
1.426967585412586459e+01
1.493546116300585425e+01
1.116718743617789755e+01
1.144580071851646608e+01
2.012271421583032804e+01
2.400036796641148840e+01
2.659007895567212643e+01
1.285231950815220614e+01
2.696675992102387909e+01
3.363464060870896333e+01
2.044775811964936452e+01
1.879396176096662430e+01
1.741823586389474343e+01
2.720913024285508186e+01
1.666553946654973828e+01
1.567054420065975506e+01
2.030735170819234270e+01
1.868753664418790095e+01
1.046550410589738078e+01
1.462045346544661584e+01
2.926462398561881173e+01
2.129180431710121013e+01
1.969869270789967430e+01
2.319412226135897725e+01
1.904683100635007520e+01
1.834203925458513140e+01
2.581402140057463157e+01
2.849147538604959351e+01
1.200570175132909867e+00
1.960231669546823952e+01
3.543764905698073164e+01
1.391194037026284036e+01
1.869750516143524521e+01
1.598409443638360017e-01
1.446435697236560713e+01
2.240196402628136241e+01
1.875963656028535809e+01
2.431347165645641439e+01
9.865335160924871616e+00
1.977102522779421179e+01
1.815236558893333552e+01
1.729615982832525845e+01
2.140501562899220289e+01
1.410678413370889928e+01
1.322759377703168582e+01
1.955775756993192260e+01
2.400360231688201651e+01
1.752839325067940024e+01
1.669720434359437888e+01
1.627500701454371779e+01
1.565143594869689991e+01
2.157956046927510130e+01
1.420877336562725191e+01
2.127935349080584615e+01
2.203265600307602057e+01
2.059754289203848998e+01
2.635676455005798857e+01
2.318577992388632936e+01
1.691914526583693146e+01
2.642179697187883392e+01
3.832235019059820047e+01
2.705031903179128250e+01
1.957833377059395730e+01
1.705373526477276869e+01
2.177875714660340378e+01
1.689003114578056852e+01
9.688429044650533228e+00
1.798181000870686574e+01
1.784603355500634336e+01
1.320596796486415769e+01
2.323699169269089282e+01
4.547691531320623426e+00
2.050236404457450590e+01
1.557337091366558468e+01
1.753623651029365504e+01
2.345111014417963702e+01
2.050198037527511019e+01
2.074065577129798044e+01
1.506139300257025582e+01
2.368064964470175937e+01
1.186853582820586439e+01
1.612372155852041544e+01
2.019376729880684707e+01
9.660607257080471300e+00
1.677603292941797974e+01
1.151824142969994114e+01
2.134101350376553796e+01
3.007898772515362396e+01
9.804759847076212509e+00
2.753274231773879421e+01
1.510776393128891470e+01
2.761223783860093306e+01
3.395567118337892509e+01
1.069042033343461640e+01
2.677991034442645457e+01
4.068557294862742424e+00
2.106310125154890045e+01
2.789810615794176840e+01
1.801333877535132189e+01
1.080474444775532561e+01
3.471119587959961450e+00
1.039268154951889755e+01
2.128820334118273649e+01
1.031613654972080951e+01
1.143611677765046863e+01
6.773254691843106912e+00
1.762009831831939266e+01
1.583969390354242535e+01
1.203712352230456872e+01
1.367913405563809448e+01
5.033554809575591094e+00
2.086806726490979713e+01
1.350556787536825709e+01
2.327492669411699922e+01
2.014364590566187729e+01
2.603326207904068212e+01
2.453814839437228557e+01
-1.163475404965851112e+00
1.427118224363950105e+01
9.499190666437826280e+00
1.602824474449857917e+01
1.009701998006288193e+01
1.098876118993298689e+01
1.334798746731877372e+01
1.260845464385035086e+01
1.461911086110011126e+01
1.602580796695828269e+01
1.417751762050258435e+00
1.885644400784477170e+01
9.795927985404887295e+00
2.140948592153119989e+01
2.523546805916740965e+01
1.353611703812457279e+01
6.159320582460281912e+00
1.845493968077668256e+01
1.292698243956901649e+01
4.973953686192018608e+00
2.811525547652067303e+01
1.417978445340594362e+01
3.009549092179474883e+01
2.774105054506095058e+01
1.771701879274822744e+01
1.947957162078360227e+01
2.098528075001747339e+01
8.595782084846746329e+00
1.024467523380351963e+01
1.766397980889438202e+01
2.206373541227912938e+01
1.699980067090795899e+01
1.883019581353813976e+01
2.099991379122030821e+01
1.126104058797551488e+01
2.053364600973871035e+01
1.880325848651806098e+01
1.999197193254371996e+01
1.549641442571723360e+01
1.427634896946982224e+01
2.440238206267329701e+01
2.115127963508524545e+01
1.670066315120830325e+01
4.806680833793649299e+00
2.550312667865611616e+00
1.575096432090097665e+01
1.689220499722080149e+01
1.117275844641500271e+01
6.575818385965376933e+00
1.221090515995339842e+01
1.861572279728679291e+01
2.232778800078486370e+01
5.953820552589732529e+00
1.206691191556163290e+01
1.335146576355701598e+01
2.227160509826502022e+01
1.829451240794955424e+01
2.428864711410655275e+01
2.067192739416879022e+01
2.157666679207871141e+01
1.227678525986016211e+01
1.940297114276866353e+01
1.033172972176095072e+01
7.048211727174106045e+00
2.964458588964937746e+01
2.505709556581238928e+01
1.129600742287922799e+01
3.014393019003497898e+01
2.262939821742801882e+01
1.839144894372877559e+01
1.423966292878883166e+01
2.265113736988960369e+01
1.411329862957208547e+01
1.952240257945395996e+01
1.701341632370007062e+01
8.474585361476002277e+00
1.339583437327883075e+01
1.890054713224318306e+01
1.369572617132074299e+01
1.260723399815148582e+01
2.265105162565768637e+01
1.320607839955070517e+01
7.276175012666641351e-01
1.214541065087135507e+01
2.670716991134842999e+01
1.849734179564001835e+01
1.618118815587266113e+01
1.153238288731370176e+01
2.176641756730064259e+01
1.710566984003882851e+01
1.666840928288392831e+01
1.267108507696349307e+01
1.860155100005162865e+01
1.482643929079303291e+01
1.460792119991202753e+01
1.784881063460343853e+01
2.261208381177232241e+01
1.976116798023971910e+01
2.160695411203587923e+01
1.930109609986034513e+01
-1.038416027462844227e+00
2.927753866544360051e+01
1.470209847264897007e+01
7.922060523708339019e+00
8.638641838474597989e+00
1.483420295249010223e+01
3.030497998497970968e+01
1.260635048350768272e+01
1.292665514633823420e+01
2.460320334991546076e+01
5.887277294205517819e+00
1.567682655637457856e+01
2.081793945078345587e+01
1.863692248552483477e+01
1.989313266800543545e+01
2.502643404386793691e+01
1.541572422475258008e+01
2.398191821729605522e+01
9.030968070803098158e+00
2.110107169802333260e+01
2.257667491595279330e+01
1.203671070993827641e+01
6.175331765487158009e+00
2.348925504768817518e+01
2.289659917559346525e+01
2.146250121598177429e+01
1.948721779120680253e+01
2.292692371166798182e+01
9.757882209352885639e+00
1.838667785171880098e+01
2.007751439998439480e+01
3.895465425267011028e+01
8.176920757932634842e+00
1.492551414976361457e+01
1.517382256068728452e+01
1.774871604101606692e+01
1.808786485737156369e+01
9.602729414534579178e+00
1.062219609122539055e+01
1.509817467208524988e+01
1.972297356309883298e+01
4.960763328673465367e+00
1.394912598925945701e+01
1.854779996020491240e+01
3.187133631595376926e+01
1.454933989632679925e+01
1.966603023787529025e+01
2.272467860568744413e+01
2.407957575582435084e+01
1.808018190369628542e+01
2.279782298651301176e+01
1.374410156377810210e+01
1.686078495143375733e+01
1.234658751812300181e+01
1.834313858649616691e+01
1.051753605212270770e+01
1.708033596831606360e+01
1.943220886418808391e+01
1.256138272740008688e+01
1.766996628860574958e+01
1.865717619720054188e+01
7.684985505062343236e+00
2.212624911911540693e+01
2.226582282621190245e+01
1.847699510036825643e+01
1.889221071058697987e+01
1.984667846894299714e+01
2.050640426243678860e+01
1.051056360814219204e+01
2.427825841418948016e+01
1.883354155110150430e+01
1.791682474681241644e+01
2.174076652031288859e+01
2.328290540026597455e+01
1.579183646224780091e+01
1.565871374405929828e+01
2.126442967007059792e+01
1.593075730128512646e+01
8.106681448628549447e+00
1.303015234915798715e+01
-3.779164539913935528e+00
1.358533947264916719e+01
2.515222349377609135e+01
2.720212764629352620e+01
1.669625773778874134e+01
2.382770258536103825e+01
3.577908812675732264e+01
1.932882487705792585e+01
1.528722961139651204e+01
1.541182483747320475e+01
1.609095455877209702e+01
1.691200988623509716e+01
1.299739220149479024e+01
1.841410699206289081e+01
2.234629695636419910e+01
-3.043180932150562512e+00
7.588902052018440259e+00
1.570383266564988389e+01
2.093942787878530964e+01
2.578366642358037097e+01
2.585081924364364170e+01
1.137758317922717310e+01
1.018111673562108876e+01
7.941617318398598968e+00
2.658922024295731035e+01
6.983789258850109150e+00
2.310500190274789389e+01
1.902550849561494317e+01
1.420437808751897535e+01
2.423243446927590128e+01
6.273266651534882499e+00
1.835405228183311266e+01
3.428575157011891861e+00
2.841617603608064258e+01
1.988536536231545426e+01
2.094937641352566970e+01
1.288181746969381436e+01
1.710682462724955144e+01
2.525567575111623597e+01
1.413154061305692721e+01
9.027884988039176051e+00
1.112945798267956832e+01
2.068097781065026908e+01
8.746588170454614897e+00
2.921321230121260726e+01
1.771822697003709379e+01
9.957388094054522298e+00
1.917546815384277892e+01
2.234447888732229615e+01
1.862494597652734285e+01
1.709015247536126481e+01
1.048303018153224286e+01
6.557269587212374518e+00
1.821518010826252976e+01
5.155513387888831289e+00
2.238989677122491173e+01
8.641147745604669694e+00
1.510553710952709139e+01
1.520097610146453349e+01
1.672412954559852949e+01
8.822294720530138079e+00
1.703860256730207112e+01
2.533548862180187200e+01
2.038637386000443286e+01
2.124103823976004435e+01
1.735200223524465457e+01
1.596420080140343600e+01
9.583832062678908414e+00
8.837788232535544353e+00
2.205694384570821853e+01
1.289640138196348573e+01
2.723279393177413965e+01
1.774592891594098631e+01
1.848488204749551045e+01
2.112469990581294610e+01
2.169913474993596481e+01
2.036305228581873905e+01
1.769798929975715396e+01
1.373192899684052293e+01
8.402313430388574034e+00
3.232395371392722438e+01
8.594612408063696307e+00
3.887508405166329339e+00
2.740970006534196557e+01
1.954478718255887770e+01
-5.313077708806602573e+00
2.719938923775637818e+01
1.176466182794820270e+01
1.325019009881822285e+01
2.635898447825717028e+01
1.463166412117219295e+01
2.112323460352065752e+01
1.657178626833297841e+01
1.798274502355974391e+01
1.361289696922736425e+01
2.293245521432351097e+01
9.026611541159326180e+00
8.641756886960422435e+00
6.406465939395204146e+00
2.017560003422938308e+01
9.851398667905272077e+00
2.872834045603363506e+01
7.646527198760537658e+00
2.030747851179499719e+01
5.139029687018279446e+00
2.505762702117463903e+01
1.393877478316358065e+01
2.679418782127378762e+01
2.550993901805520636e+01
2.316387908931289985e+01
1.951594071172256406e+01
9.131165728210163479e+00
9.459324329546518584e+00
2.698722633931251380e+01
1.802566136337996028e+01
2.018063404010385398e+01
2.009998720945559114e+01
2.579449020692889860e+01
2.084367713541401201e+01
1.534895519891365723e+01
1.668961221536348205e+01
2.920665356900690313e+01
2.011863022077872643e+01
1.234366334504709073e+01
7.655267552984540202e+00
2.374846087457436283e+01
1.817198056576275178e+01
2.235459509608470796e+01
2.354574296740796058e+01
1.535453362308321346e+01
9.331838789211971630e+00
2.254135143710010425e+01
2.236829701174036700e+01
2.209039978113106883e+01
9.189890873810384164e+00
1.993851399803475033e+01
1.316353782033608866e+01
7.840881777519953744e+00
1.313467122617107918e+01
2.384297625400817822e+01
1.271087486429303226e+01
1.454590088183373098e+01
2.122492500736252907e+01
1.829614333707725393e+01
1.529662948706840098e+01
2.151333494738647545e+01
1.708285020519591058e+01
1.046722124334650061e+01
2.735061154164764474e+01
1.562353058715738285e+01
2.426789242122092816e+01
2.385058849895473543e+01
1.536828289355736388e+01
1.063536952099742905e+01
1.962951204826762819e+01
8.537051841646217554e+00
1.335631648771895641e+01
7.960631553576476449e+00
2.221791426261032854e+01
1.663633829760348704e+01
1.119574780085750376e+01
6.460006138514870599e+00
1.616617675572278756e+01
1.337747242810569048e+01
2.749889814348091477e+01
2.322730938207948981e+01
1.726804353799406044e+01
1.800430469390296651e+01
1.144993103052374295e+01
2.043133653208539613e+01
2.047262885914676644e+01
1.906293943883648723e+01
-4.646806156042799785e+00
3.330934713705835293e+01
2.609851176834938258e+01
2.218027775804086588e+01
5.419264914838777258e+00
-1.946575066201431525e+01
3.585052247614198961e+01
1.450019562714708599e+01
1.013544736948408342e+01
2.904497367762331805e+01
2.888777644364563457e+01
3.098642133640402818e+01
2.025953922370672444e+01
2.093018215103874979e+01
2.113282110431016747e+01
8.625731675148585964e+00
1.237132761375536916e+01
1.362845463521206568e+01
1.174242402585194611e+01
1.614963157444449848e+01
2.685034713516314753e+01
1.042993955273817619e+01
2.091760072765884360e+01
1.487138404851472728e+01
1.365617071261021920e+01
2.659655299824499508e+01
1.386317193196364883e+01
1.450127771148169131e+01
1.335764550959676455e+01
1.177913297277180504e+01
8.893981794376244920e+00
7.749581107282452308e+00
2.162192722713191984e+01
1.285945365769126170e+01
1.426262831410993215e+01
1.707684363561340035e+01
5.589615732683697047e+00
1.166089889447994210e+01
1.434287765025302974e+01
1.325240162479630612e+01
2.381299721791437918e+01
7.236626807783565596e+00
1.133638745956503158e+01
2.317244287338868958e+01
2.099023603974387697e+01
2.616439718909282419e+01
1.127849448075851058e+01
1.464228645682148056e+01
1.191380132443400441e+01
2.033985407240750476e+01
1.268508146721333674e+01
1.428555902459139304e+01
7.612287566385774085e+00
1.559339305818662069e+01
2.728926287251807992e+01
7.768092502155283796e+00
1.201688883559120313e+01
1.994148185477594382e+01
2.310366920751321373e+01
2.169977026769331019e+01
5.213250917918799132e+00
6.251584294479059167e+00
2.289012104420078231e+01
2.123218620441326721e+01
3.900897066808823865e+00
2.704181272503006994e+00
1.827888740450690364e+01
1.363372599111613681e+01
2.257665695483206036e+01
1.355713534363407291e+01
1.660114681773870871e+01
1.139145798634500295e+01
1.660258459711066337e+01
2.445147407420022034e+01
1.577286255168175444e+01
1.992932326515936836e+01
5.214111565717686858e+00
1.462057824780380599e+01
3.025985283791272451e+01
8.027938327524779538e+00
2.470089776823812855e+01
-5.158551316578439128e+00
2.126453584458241153e+01
2.035645232124942083e+01
1.312865357736227168e+01
1.791979546867501938e+01
1.180961414510842644e+01
1.522301535615791579e+01
2.101044099857934100e+01
2.914999808154919236e+01
1.533729695836804297e+01
1.896627867082676744e+01
7.389255972398260042e+00
1.221589237124878480e+01
1.609934113902354369e+01
2.017789168927747312e+01
1.700686676135512698e+01
1.136413560100621112e+01
2.562709010046336289e+01
2.515007326231464901e+01
1.494187881747265578e+01
3.316550808861549626e+00
1.705047478312611986e+01
5.532202214013835828e+00
9.573900296262891629e+00
1.220309132620947423e+01
1.529190084109163195e+01
1.712231440608695721e+01
1.902617265582085793e+01
1.238852249417207929e+01
1.856785572779895688e+01
1.907530012995704283e+01
1.355893350190606839e+01
2.223890554245549822e+01
1.236621480904172188e+01
1.732957387225834367e+01
2.730580449258145137e+01
2.070167402713235560e+01
1.959443228327572228e+01
6.736507275439350906e+00
