2.177436264801016819e+01
3.476542575966888649e+00
2.384090510751552472e+01
2.385764086088818203e+01
1.483474882617784374e+01
1.010163505738407252e+01
2.891952126854586425e+01
2.504033877054486368e+01
1.846936426315201629e+01
1.436980874004713371e+01
1.151265791669071348e+01
-2.316133131564583891e-01
2.037986374764449238e+01
4.773845629400838675e+00
1.679424288947363664e+01
2.127089821103488987e+01
1.739105149267521710e+01
1.788763251210656335e+01
9.813059757650293591e+00
2.572306675171741119e+01
2.255659770330973402e+01
1.646248216956432486e+01
1.518845534444793088e+01
3.754983432501532548e+00
2.049175875090053722e+01
1.610717996298303945e+01
1.581657683785719826e+01
1.473045771763113976e+01
1.049857633510072219e+01
2.060689802170341522e+01
1.532584156899048367e+01
1.527859712709606299e+01
2.000454335153890639e+01
1.809493651208694587e+01
1.576241932654237132e+01
1.615316714330121783e+01
1.213297111882749846e+01
1.289240664730093044e+01
8.949271799894603419e+00
4.170949227061825582e+00
1.971882538337210633e+01
1.404325604205328659e+01
2.554980328226284314e+01
1.511948103367988949e+01
1.895318650912679459e+01
1.256177144185826933e+01
2.099123954698062278e+01
2.151643621678393004e+01
2.690034155691927964e+01
1.907956353871298916e+01
1.746241648280572889e+01
2.563807512222946627e+01
1.046736360691522805e+01
2.317200721883899917e+01
2.497212565519690486e+01
7.725005347183383719e+00
1.776365335658732647e+01
1.450516235047098235e+01
5.003783224706211286e+00
1.921677933810508421e+01
2.696283924227057582e+01
1.544351440763183803e+01
1.618668755573618512e+01
2.824439424207259464e+01
1.087528337983783899e+01
2.961634618212768544e+01
1.552380650210334778e+01
2.642127294691590578e+01
1.948487245496581011e+01
2.245410845631917596e+01
1.683625543176354711e+01
1.242581641018360017e+01
2.139708432796675197e+01
1.569250643151460167e+01
1.233160836313558661e+01
1.351978767852895658e+01
8.862878554448940349e+00
1.215074055995808067e+01
1.724995573616033084e+01
1.593539120482745375e+00
7.481936401256646718e+00
1.546159137713816278e+01
2.086187349058435103e+01
2.019709372583712081e+01
2.224292222910073491e+01
1.901962892927625148e+01
1.587323053155893149e+01
1.716414821484822539e+01
1.606844560133956179e+01
1.580280559521317230e+01
6.780757562407586647e+00
2.507690774764463981e+01
1.386268794300960394e+01
1.261251006628984328e+01
2.908809877488354800e+01
1.438974887532674529e+01
2.126530120179470629e+01
2.051895917776872125e+01
2.578567791626264238e+01
1.602506235018898906e+01
1.872623087382993390e+01
1.759491827391487107e+01
-8.676037404950847076e-01
3.052021124969603960e+01
1.494839711699511042e+01
1.795431120503704392e+01
2.640004516658498801e+01
1.938459981643568142e+01
1.751022750434009367e+01
2.171361722084009216e+01
2.625635812812960523e+01
1.716995586118027006e+01
2.254373049540636487e+01
1.961158801965858345e+01
1.859708521531745617e+01
1.634539857529348694e+01
2.388509253953512257e+01
1.604825539945889545e+01
1.559560314326925834e+01
2.407519977847090331e+01
1.171072838617971001e+01
1.247291488791638869e+01
2.002219756961360275e+01
2.069772619734577290e+01
1.535941218015292975e+01
2.790651009984957653e+01
1.624566251288386809e+01
1.393308912722892501e+01
3.119972196360785688e+01
9.823494455724556929e+00
2.310204024954494173e+01
2.184241586162401916e+01
1.570296905672884691e+01
1.392246344320111007e+01
1.598506623228914236e+01
1.625840459982802599e+01
3.127132961161771618e+01
3.181652748481056392e+00
1.876619234315460005e+01
2.849536242890899018e+01
2.057454541871194920e+01
1.738362010208200559e+01
7.699548176627459384e+00
2.079460957551036415e+01
2.286214085517735839e+01
2.360284199178146736e+01
2.680787221012593591e+00
1.508526961931349319e+01
1.614264776649069688e+01
1.397085839184698841e+01
2.065083475125622670e+01
1.211370731607979678e+01
2.768312411682570939e+01
1.705072191057010400e+01
1.170041811189337011e+01
1.908074540381812767e+01
1.363221907830241264e+01
1.105668399518151546e+01
2.382999646320644160e+01
2.846101475276812920e+01
1.611801366337077468e+01
1.386882554548577673e+01
1.109484844398004100e+01
1.318758343623694884e+01
1.713358773760822373e+01
2.308056241165050437e+01
2.613553818063223133e+01
7.768161408253035916e+00
2.741859078792730031e+01
2.627605077862358485e+01
4.020973396907947972e+00
1.417275543348772260e+01
2.198272126940393889e+01
2.084657340713019380e+01
3.365036386031353288e+01
1.844012013595640553e+01
3.108932917002124441e+01
2.554957692723202456e+01
1.646278634476986724e+01
2.256452515295275418e+01
1.203250330780579702e+01
1.560694237374616478e+01
1.005081995010483809e+01
1.698208171137839884e+01
1.392755080793894251e+01
2.590025261002493551e+01
2.199232745868623340e+01
1.692964828435626146e+01
1.801682393785932845e+01
1.183968504784802178e+01
1.970060987064526614e+01
2.816846275961674451e+01
2.174258162481049794e+01
1.533045302719420988e+01
1.978662392893124888e+01
1.694928205179870417e+01
2.477819080449387457e+01
1.653354010982808120e+01
1.450861080060282404e+01
1.642833945223026149e+01
2.261507060976695982e+01
1.880978055629886825e+01
1.614544945783168828e+01
2.334664023946841382e+01
1.582304931087341515e+01
1.230968560171746162e+01
9.214508044788033203e+00
1.408082160961049567e+01
2.944470953898530752e+01
1.845681311346729814e+01
1.735075637286375638e+01
1.851256627530959520e+01
8.496690385639581677e+00
1.978814521577994867e+01
5.667234679434884015e+00
1.196634256148882969e+01
4.776167738173839439e+00
1.674040628316201662e+01
2.199955143582550932e+01
8.157097075830719746e+00
9.619183192066287802e+00
1.345810269016153882e+01
2.092283453043613406e+01
2.462121686760585959e+01
2.016878659842544863e+01
1.209041902626117349e+01
1.205054244848824396e+01
1.301158608242457149e+01
2.419745630810146508e+01
1.349078435079610472e+01
1.527907426725646189e+01
2.675521241038161691e+01
1.854664476593772804e+01
1.799161301558939385e+01
1.141383378447886798e+01
1.715975753414096516e+01
2.319349170925847403e+01
1.827616706554307768e+01
2.170918077886637576e+01
2.174384447544107246e+01
1.634781666039961578e+01
2.065285820400563921e+01
1.450654127274773941e+01
7.445973618624464052e+00
1.529896970586806049e+01
2.564446056423342668e+01
1.947784060961141961e+01
1.339801794664421664e+01
2.556930557984421171e+01
1.252102882828287989e+01
1.311941607642467034e+01
1.554333935226384256e+01
1.231413500268109829e+01
3.357394004410775779e+01
8.771113846453005181e+00
2.308981324324346929e+01
3.193413786217078609e+00
3.285295402052104663e+01
2.159509724249599572e+01
1.565817477363506072e+01
3.013757906431152378e+00
2.024124207862715252e+01
2.699689401579769310e+01
5.417405335237020836e+00
-6.392030871159931849e+00
1.542930406901983531e+01
1.961965617476381851e+01
1.830431711568490982e+01
1.470208175169422304e+01
1.988622544977816631e+01
8.603965168201710867e+00
2.355472364940702334e+01
1.704074988398031110e+01
1.990719521187241980e+01
1.272645005433821552e+01
2.607165181689939004e+01
2.041133332433794578e+01
1.749387483950253142e+01
1.573834688330580889e+01
1.627765080858054603e+01
2.133180109994182772e+01
2.432138074882318080e+01
2.005451902082640459e+01
2.422800807898937592e+01
1.195087621652523069e+01
2.131706335091544702e+01
8.761077302121137222e+00
2.048314770196967061e+01
8.013628396263243303e+00
1.688659568141517298e+01
1.420005119895972712e+01
1.071792896140729567e+01
1.826557875228425587e+01
2.422294129338833102e+01
2.368182575614844154e+01
2.433063882903967112e+01
8.848234647641959327e+00
9.191570739295443104e+00
4.696016673894988003e+00
2.436404120611143753e+01
2.676306626811729927e+01
1.953083921721064087e+01
1.345704767419930192e+01
9.451227151650329006e+00
8.782420324635253905e+00
1.719467159628878505e+01
1.646359907627120123e+01
3.137380148602852614e+01
1.058371780755066993e+01
7.399040364951389392e+00
1.258524463555150419e+01
1.538936072456563409e+01
1.204139360469133635e+01
2.262429925574456746e+01
3.324739325418700275e+01
2.332500517798172268e+01
1.408683259285986367e+01
7.011389355162549464e+00
2.135478649648064220e+01
1.692055083192397547e+01
1.518068664063143558e+01
1.754133311187379718e+01
1.378270805656268294e+01
1.507488178998376327e+01
1.813663799011069955e+01
2.207655122652862900e+01
1.915768104206036071e+01
2.752274832087813650e+01
2.494049847631771399e+01
1.955922712117502726e+01
1.564075897831187945e+01
2.277845225898686721e+01
1.219277964195288178e+01
1.354400125814478884e+00
4.798460893515240855e+00
9.191818288251496938e+00
2.428315345130241099e+01
2.534955399664752917e+01
1.532080697454988183e+01
2.308434358007136922e+01
1.377133563040379727e+01
2.158620096899112184e+01
1.167594561838305367e+01
1.169760003978407781e+01
1.811960548544520577e+01
1.192129624475232674e+01
1.480012029248277372e+01
2.597817829201949280e+01
1.440999118582412564e+01
1.463746640140382738e+01
1.666433369392545671e+01
1.199543634548749083e+01
2.733350801110201900e+01
2.564582862856291001e+01
1.922122997429445945e+01
2.699795019610655800e+01
2.615045242584857732e+01
2.295131665558587741e+01
1.944968509790616906e+01
1.824268261937004354e+01
1.298407671797464502e+01
1.444616905910937987e+01
1.893514462110842800e+01
2.591550079237568127e+01
2.282119403423281767e+01
2.725520225502262406e+01
2.779754997790988114e+00
7.320237550276942784e+00
1.010918236792133484e+01
1.755288476567244516e+00
2.457415366354163666e+01
2.689483062990959894e+01
3.654630258328062098e+01
2.248505734999537964e+01
1.006065210183770375e+01
1.013041494116521335e+01
2.357923698716501804e+01
2.357084474115097805e+00
1.677690731338586261e+01
2.709852537815432072e+01
6.560132871919307718e+00
1.805179169967667008e+01
1.743224474913185418e+01
2.582329778919864793e+01
2.241229172297576611e+01
2.448158232033926396e+01
1.408771869042837466e+01
1.654774344439182698e+01
2.414969943609334990e+01
2.748983760370770568e+01
1.531682357161463415e+01
1.655110278287388326e+01
2.017649077738075647e+01
1.630111476049833641e+01
2.145136861130944794e+01
1.986280084746356067e+01
2.259960732224905655e+01
2.187463547470694181e+01
1.706548303720951765e+01
1.327274888780789297e+01
1.185217285654975683e+01
1.305469817744580041e+01
2.136277812138779097e+01
1.415250809873350590e+01
1.733623469987952603e+01
2.254414885208027641e+01
1.753578325475041311e+01
2.505476934664667965e+01
2.127796230667358657e+01
2.484144690189783944e+01
1.350977388317726025e+01
2.117837390163150246e+01
1.746757096984094915e+01
7.830189760086398110e+00
1.328066345909377333e+01
2.565201486360535910e+01
1.028213385498332855e+00
1.753508399281734853e+01
1.514675717382336018e+01
2.563329022644731481e+01
8.606217285750318524e+00
2.252934052777453644e+01
3.128240508999212466e+00
1.839169672343156492e+01
1.850844669905114159e+01
3.713870972628825484e+00
1.494822657234310981e+01
1.263409330067754865e+01
2.565893313333164372e+01
1.770307228637731356e+01
8.397614718166749981e+00
1.426486893883171092e+01
2.026006103588051133e+01
2.604593085313713630e+01
1.516924522425651389e+01
2.895906902624744816e+00
1.745409539872130722e+01
3.134595331481366998e+01
1.809154362707460706e+01
1.895197055818040610e+01
1.112930086125825824e+01
2.147377754956300322e+01
4.903050554168245867e+00
1.478760340328155110e+01
1.271322835041964083e+01
1.938391630966079759e+01
2.964891548640942176e+01
1.899307302642587558e+01
1.261881127537411373e+01
1.644469927806457576e+01
1.802293095098605846e+01
6.828938037529354688e+00
1.082795695004300285e+01
1.726296679885147967e+01
1.434992136209834257e+01
2.424911212837189112e+01
1.380957552656943221e+01
1.213542052144967442e+01
2.206058659531017696e+01
1.623526577817204952e+01
8.114303505955874130e+00
1.566582301503325425e+01
8.497081369180278898e+00
3.105674228530260450e+01
1.938927784940805310e+01
2.852810948382079914e+01
9.342269195427306272e+00
1.742692311795813254e+01
1.894720807714524113e+01
2.703590066937661618e+01
2.103910400001240077e+01
2.098928502568244170e+01
1.657589385841365015e+01
2.703171906815622805e+01
1.948343896250574403e+01
2.113997227462046169e+01
1.658142498669225517e+01
8.750914542226567505e+00
2.748198999769196860e+01
9.802741694094549985e+00
1.747634241763968532e+01
2.114131764180990558e+01
3.295986222161715773e+01
1.081498838439467391e+01
1.872526652736765129e+01
2.079708911358913781e+01
1.191351900657952001e+01
2.651814756983324628e+01
2.424135798001006492e+01
2.323814195801119808e+01
2.392435196566908218e+01
1.445632838636481665e+01
1.520632000327408662e+01
1.140860159698195275e+01
1.816681829504554457e+01
2.207218142467249322e+01
1.418511192241119545e+01
3.362128011240240966e+01
1.674089976013588910e+01
1.190347850469930790e+01
1.337812421690250630e+01
2.303470031450373057e+01
1.151969533370487397e+01
2.308975855045677861e+01
1.101043203111554192e+01
1.322907960672398531e+01
2.378757718432336787e+01
1.155765274404291176e+01
1.684796735936803458e+01
1.549227075658927788e+01
1.924705113381105548e+01
1.138029340603928574e+01
1.155150390251383641e+01
1.637848694723184906e+01
1.093639635754520611e+01
1.516270320430098195e+01
2.222874961120724180e+01
2.104872089864700513e+01
3.185501067660583630e+01
1.694743481006679531e+01
1.828966638896548602e+01
1.595245618940604970e+01
2.212780935914965141e+01
1.962948218977231818e+01
1.592885087770233099e+01
2.436871533142325319e+01
6.481740514882474713e+00
1.635174407058737245e+01
1.497188163280385709e+01
1.050379133184509328e+01
1.076372362057981036e+01
2.481606078095369838e+01
1.405513816931269844e+01
1.961086041847961781e+01
7.094895243229231596e+00
1.897682134279040156e+01
1.896093449374336615e+01
2.486414173704548602e+01
1.828786064096043162e+01
1.112321774833519328e+01
1.548490948936884593e+01
2.144808638447749161e+01
2.282858487359187194e+01
1.513500747600062368e+01
3.208989888149527303e+01
1.146180202152083893e+01
1.910814937215829445e+01
1.728924883354199693e+01
1.158336697955841998e+01
1.629963048522472491e+01
1.249332701555675840e+01
1.949412031765777442e+01
1.460954707841392519e+01
1.413125506684633592e+01
1.235766240032299379e+01
1.593785064142446117e+01
1.194556800025770826e+01
1.367431317927116652e+01
2.685784695184048587e+01
7.364847333991264122e+00
1.526738118071212114e+01
1.206202586931185294e+01
1.086406683379577487e+01
1.879647949871534962e+01
2.316728425313711881e+01
1.509772978879388461e+01
2.042782599459960124e+01
1.423698112014467654e+01
2.030582934923582883e+01
1.306568118741220985e+01
1.330465750624618693e+01
2.307975135994065141e+01
2.515601600113201641e+01
1.621921718415840985e+01
1.549939243424098834e+01
7.334019916173332376e+00
1.503952523377523676e+01
2.133893610681352015e+01
1.139791759611743771e+01
1.968342758106498280e+01
1.839341953966665244e+01
2.096757712318436973e+01
3.159197965691078025e+00
8.397334978728252963e+00
1.801694624682795620e+00
2.124481284094830613e+01
1.835933387089497160e+01
1.488084730273817513e+01
2.699488772074356291e+01
1.106994390165031916e+01
1.438143971108884500e+01
2.541836730898424435e+01
1.647883719197028540e+01
6.907832083161537184e+00
1.035362454478516270e+01
1.250385338099331989e+01
1.309294340397480738e+01
2.130562928202472506e+01
1.140922457423735636e+01
1.822207232002649135e+01
2.016586778657924839e+01
2.198900345618272212e+01
1.410524709871287996e+01
2.026125518409673987e+01
2.319493753334852926e+01
2.101223568061695346e+01
1.383475113736825790e+01
2.085610441006512872e+01
1.642708603734621420e+01
1.953264344573118194e+01
8.495361899917313053e+00
3.378950753799108497e+01
1.647134427359289077e+01
1.727873991041550994e+01
2.313863219989958964e+01
1.311760574927605205e+01
4.002047395150327702e+00
1.302701002113359152e+01
1.948594994381361545e+01
1.447255617176125497e+01
1.131595258420961159e+01
7.757333994365708918e+00
3.132910484721175237e+01
1.216357682057574152e+01
1.267949701642010041e+01
1.710802459431448597e+01
1.444936656061712199e+01
1.350120958641853974e+01
1.429764813843561910e+01
1.453507102189868050e+01
1.969173107917491450e+01
2.905480291815855765e+01
1.653400495534235404e+01
3.186626524710672470e+01
1.863458923556440539e+01
8.089831683866776757e+00
1.401761268736048294e+01
2.054574372052606179e+01
9.683408156423197966e+00
8.554092946593229385e+00
2.902071006757822147e+01
9.880729134117473222e+00
1.948408914253406010e+01
2.169441642619202781e+01
1.989158773391707768e+01
1.422336273613500168e+01
1.909955659683785711e+01
2.350068922936048921e+01
2.764758492713384896e+01
2.090589205889706648e+01
1.901118199870371228e+01
1.505132081499641572e+01
9.889942275642013669e+00
1.114208537836910295e+01
1.833187873442918203e+01
7.832782198515332084e+00
7.337881901504189841e+00
2.256842354330161982e+01
1.151077194792645741e+01
1.838978699415673645e+01
2.679106279405950630e+01
1.763768873625398470e+01
3.121607059369904391e+01
1.205746327188512623e+01
2.950086022761252025e+01
2.946538357789975748e+00
1.303863561828465834e+01
2.071858404816799748e+01
1.624102701080516908e+01
2.106640956357050243e+01
4.264187755655015621e+00
1.731046654724039513e+01
2.483727082257890117e+01
3.263380251833264367e+01
1.970737034080394068e+01
1.982497620343715994e+01
2.123396346113952404e+01
3.234002927505770231e+01
1.790010776820769678e+01
1.347981550016351093e+01
1.236475337171432898e+01
1.372774859882888165e+01
1.857758568084197748e+01
1.152532029205274000e+01
2.634677035465738015e+01
2.209357888320256791e+01
2.635585792101257852e+01
2.171844754015405243e+01
2.079076092203082027e+01
9.089372136233308197e+00
2.361828703996236811e+01
2.283289464158622195e+01
1.564701613685913628e+01
2.353131659489767458e+01
2.402567518512665146e+01
-4.527760231044766215e-01
2.570990896047659646e+01
5.348372263405408944e+00
2.179172897072361081e+01
2.040731426690544481e+01
1.614105206692717331e+01
2.996681594457257347e+01
2.558145823882409786e+01
1.329919021567145876e+01
1.902694464040332889e+01
2.318548488025626853e+01
1.188552911372006804e+01
1.393044084891712941e+01
7.152118169545076398e+00
2.556722913288184174e+01
6.823626398558516826e+00
2.828906288764148513e+01
1.854606583031669231e+01
7.237053413890578213e+00
2.423374174521099178e+01
6.794475862210461514e+00
3.017523806962654476e+01
2.294406716482650666e+01
1.879120554096729734e+01
1.524917262547668884e+01
1.103252730002456872e+01
2.520189109264938310e+01
1.977312349123498336e+01
1.732478033355359059e+01
2.356422797652392376e+01
2.334504092572350942e+01
1.852094139948856366e+01
2.847687148295568704e+01
2.298587980559673838e+01
1.323965325081761080e+01
3.395791830385196874e+01
-5.730376639296110852e+00
1.143783541501349532e+01
1.482815582893047690e+01
1.970236876770876933e+01
1.984961228633407160e+01
1.218116871654619615e+01
1.716537916619436999e+01
1.694722258506418200e+01
1.525516285205557665e+01
2.006801961543072821e+01
2.110318101424241632e+01
1.864061916980580236e+01
8.540425973200171939e+00
1.461864040614321425e+01
1.878656016241247073e+01
1.246908755369777566e+01
1.849323736315255928e+01
1.531538695582833043e+01
-4.383665670130156400e+00
7.136007149086623258e+00
2.045571165845304051e+01
1.894218451711748230e+01
2.387253451505604573e+01
1.385236522008284510e+01
2.436883002995159586e+01
1.901147458329078432e+01
2.201262813589098499e+01
8.825144524933278944e+00
2.018158166114709218e+01
1.580164826412793388e+01
2.132714091539999401e+01
2.674175234243986665e+01
1.447354514827060257e+01
1.874275945019701339e+01
1.776618427176289572e+01
2.074486407179524861e+01
2.137707754738752897e+01
1.434099396946078286e+01
1.608677675019275455e+01
1.608558638502229599e+01
1.349457777150180959e+01
1.452312633928040242e+01
3.068988474068556371e+01
8.715784979073461614e+00
1.147463443405710848e+01
2.264684094919165602e+01
1.551895435603833562e+01
2.023052070663052149e+01
2.483592267606522341e+01
2.112027375243808791e+01
3.115378330864689360e+01
1.208023670368835667e+01
1.366431428469518039e+01
4.810544028929641058e+00
1.889106389888743820e+01
1.468875678818686481e+01
1.407059083357502516e+01
1.887907645043991067e+01
1.107585281717608439e+01
2.158287246023461847e+01
7.008028924790153269e+00
1.632134373030061170e+01
1.436192634634005572e+01
2.169569853381423741e+01
3.676218625348515445e+01
1.638628927738251662e+01
2.382327811404529427e+01
1.837166268006350833e+01
1.471680068184541312e+01
1.231714200061949782e+01
1.648726554071176054e+01
3.277628662216141464e+01
1.751938460810521292e+01
1.113873946767650125e+01
1.400798746326682931e+01
1.505241476359444164e+00
1.956229207218922284e+01
1.572899996359272734e+01
3.028606034332980101e+01
1.681528415416569544e+01
8.270686210970637831e+00
1.842609163252941329e+01
5.871201879651351874e+00
1.331711814144746597e+01
1.475642789759598372e+01
2.572989407654684157e+01
1.604171435680353852e+01
1.715450239551759637e+01
1.875396200825204573e+01
1.208932103693810234e+01
1.254336347000280227e+01
1.788478612396596645e+01
1.017243014167698334e+01
2.055729585205803289e+01
1.585890731200296955e+01
1.491652759795924510e+01
2.005467716827870106e+01
2.360875483432985789e+01
1.827189924891678174e+01
1.211908771306656263e+01
2.180488410172782210e+01
-6.016376181068494589e-01
2.602494563245819847e+01
1.359447490588161145e+01
8.012746822135824232e+00
1.562069383972075798e+01
1.632562298830453074e+01
1.798062079628580534e+01
2.153259883951996301e+01
2.131521837282254239e+01
2.132849802731828959e+01
1.571947868666684656e+01
1.591462091230411602e+01
2.587507957652284318e+01
1.660134173439627148e+01
1.686741796988187048e+01
1.562939525861483503e+01
-2.443530606861074261e+00
2.195880085685723770e+01
1.481968985472890665e+01
2.194062248165465689e+01
1.537204885982794167e+01
2.438842841342814438e+01
3.334753683094685783e+01
1.306450217929415203e+01
1.407132749666227767e+01
1.037429278564570723e+01
1.922558835779071984e+01
1.616485439688038639e+01
1.855741699235684905e+01
1.632997320781096562e+01
1.483960560827247832e+01
1.855878154373615274e+01
1.527896370928975500e+01
2.463578678151471024e+01
1.890592720394140258e+01
2.031546610585044732e+01
8.888647286969941774e+00
2.203026804098863067e+01
1.480102391171175213e+01
1.524050045883785742e+01
2.214314517588516651e+01
1.667532024323038797e+01
2.295834760827649035e+01
2.088714736951355633e+01
1.680396049273495862e+01
1.398326030827237787e+01
1.630856064254385274e+01
1.019952564056364963e+01
1.683641104471051619e+01
1.599283181218967798e+01
1.463142105645852098e+01
1.627501098879564267e+01
1.263134741740248046e+01
1.087121135241531533e+01
1.423410956914989356e+01
2.437462210008571617e+01
5.101186524720532134e+00
2.550333344000651437e+01
2.034686513697855048e+01
1.868591504157618033e+01
1.657974254360307498e+01
1.015689248280186519e+01
1.835365805071727152e+01
1.544598442364276991e+01
1.168887395111516980e+01
2.062537300966144471e+01
2.240541537560881125e+01
6.493923710702077301e+00
1.832449339494836238e+01
2.085568143297248156e+01
2.365953518944122180e+01
1.621030113390492033e+01
7.892180809116219109e+00
2.011106337800787003e+01
1.687544078191250208e+01
1.569050544300969818e+01
1.356885780228833482e+01
1.640772294146825061e+01
3.008208579193347276e+01
2.193935150953399216e+01
1.327276858506893120e+01
1.175905748078723434e+01
2.913183776586890872e+00
2.629845683945576695e+01
2.685349016128284916e+01
7.213215311944779273e+00
2.242474934259716690e+01
1.562380142137328676e+01
2.537819239814307082e+01
1.592076164004954109e+01
8.192041108106764113e+00
1.736772259410308550e+01
2.255351877962564799e+01
1.002039034029259312e+01
2.647184349945983683e+01
1.373059039363482725e+01
1.692977404629469618e+01
2.214761328014144226e+01
1.317568658504538348e+01
2.149370785780003246e+01
1.636849649081894142e+01
2.019797975785390776e+01
2.507960385351407240e+01
2.622214255231300228e+01
1.421494304102114370e+01
4.621766277610589668e+00
1.958742173686113119e+01
3.304010122377053449e+01
1.950947976548950180e+01
1.313942887613548294e+01
1.785864646809201872e+01
1.167454461316424386e+01
1.773430972558888641e+01
1.728317709473926556e+01
1.712783071364685838e+01
1.792830604830412256e+01
2.478711203543184638e+01
1.395878675570304495e+01
6.938293177236090514e+00
1.024363256658512000e+01
2.294586614186140139e+01
2.958104454228934088e+01
3.637192791331010255e+01
2.318245804144456201e+01
3.155064965572024960e+01
2.365639977347267120e+01
2.309340125426712120e+01
1.381623432707799282e+01
7.744391211502232863e+00
1.507689623545083180e+01
2.772945504903009351e+01
2.718403396660252724e+01
2.235101881148267466e+01
1.296509178022307651e+01
1.471834338676647747e+01
1.424732494958564644e+01
1.147746721819937932e+01
1.303644492409539168e+01
2.975002186718164410e+01
1.116229208620197255e+00
1.437094808970100246e+01
1.247695489848769057e+01
2.237893642748890954e+01
8.348479132594576413e+00
2.115862599629140561e+01
1.965159125018280406e+01
1.310934769641698949e+01
2.310110921139996520e+01
1.580161201574483698e+01
2.053669264710525511e+01
1.700060422633379176e+01
1.392428266138303172e+01
1.083685551458293617e+01
2.162573855200625417e+01
9.375057209545460069e+00
1.774992847521924944e+01
2.685032275405917090e+01
2.860068233062021648e+01
1.401242787917702515e+01
2.130264547732228664e+01
1.870383726506425148e+01
2.232061951894123553e+01
1.344064240907435703e+01
2.057052522185026788e+01
7.577013416265018009e+00
2.162929410415972598e+01
1.933549683832960397e+01
1.769542681122190686e+01
1.072531010652393491e+01
1.135227765430950342e+01
-9.122593205594000665e-01
1.542759217305678021e+01
2.328455647166362752e+01
1.168606653100702886e+01
1.634995320207804070e+01
1.531725855949095205e+01
4.574644490271836617e+00
5.282149681539991093e+00
1.100625156167261309e+01
1.957101918711191502e+01
5.196373822516093810e+00
8.116948270422597034e+00
-8.574335649720893571e+00
3.337438347458288490e+01
1.861002223083884388e+01
3.027163696397651194e+01
1.315671331906170849e+01
1.520876027888550652e+01
2.867497954752545297e+01
1.372891664988418370e+01
1.877044092147195187e+01
2.386910024072641079e+01
2.507275489318900696e+01
8.067742980551614096e+00
1.410307909051314823e+01
1.666010008993788460e+01
1.616057778124282152e+01
1.641895748133032384e+01
1.781044402888659306e+01
1.429595318005874560e+01
6.569070396629740571e+00
1.767957532159886824e+01
2.906004634651947072e+01
1.986484124369740556e+01
2.378602649247790168e+01
2.392288892644550913e+01
1.780307284923298994e+01
1.497690101723523526e+01
2.230853709887642822e+01
8.834798974722787079e+00
2.495320897001420946e+01
3.178823418374582133e+01
5.291695674466666333e+00
1.180422692703001530e+01
2.349760964445852096e+01
2.521277157253976497e+00
5.591910948901116285e+00
1.377380734515256222e+00
1.958963715300524200e+01
1.099253568871118603e+01
2.838926775501354882e+01
2.887809616686078584e+01
2.562226935688677543e+01
2.056508442364506095e+01
1.297692469849481967e+01
2.648776350754347675e+01
7.252783999290699057e+00
2.506167910937720933e+01
1.476877300265390858e+01
1.549249695322194498e+01
1.430426579406517362e+01
1.577706445486803943e+01
1.286038166698675411e+01
2.688230344827838536e+01
2.167424368962374359e+01
1.236085772058670784e+01
1.521920426706277851e+01
1.583702142247163636e+01
2.710906940638388107e+01
1.119521685060857408e+01
2.043620743576690302e+01
1.249133948450476339e+01
8.598395297102143786e+00
9.840254936247603723e+00
1.628872247608059354e+01
2.732571217951166176e+01
2.003832906130378433e+01
1.595268324988586528e+01
2.406303855371184852e+01
2.095476540431378965e+01
2.359016912349389372e+01
1.424767792922170173e+01
1.541720626030161156e+01
1.778443592626584291e+01
1.923355383609671776e+01
1.460354664324754026e+01
1.181667611515059946e+01
7.385566832567462825e-01
2.920655770250178307e+01
2.608572668967586594e+01
1.395137427598859858e+01
1.836654418446086368e+01
1.571833837410322587e+01
1.331247884971830331e+01
2.507799685699743009e+01
1.544900044832938590e+01
1.511756736881409324e+01
1.314867887465702267e+01
6.856429094441907068e+00
6.685199553241290005e+00
1.008161839908107993e+01
2.041395329724639396e+01
1.522393047876541061e+01
1.564651084832167527e+01
1.793647493876454746e+01
1.947582370409240582e+01
1.061695219663006640e+01
9.680993498247701723e+00
1.690410311589282344e+01
3.176568400517673751e+01
3.248316336323185283e+00
1.436773382200979654e+01
2.672554974288277663e+01
2.107719008109544490e+01
1.864898499777056884e+01
1.898002036908260948e+01
1.195072051001857005e+01
2.370743794764757695e+01
1.168513107222644010e+01
8.153405498944039209e+00
2.628995773889457155e+00
1.436098240172142226e+01
1.471307506046854030e+01
2.469607495766406657e+01
1.174777455924510150e+01
2.124055273985193537e+01
1.484016117920651823e+01
6.721604331737040638e+00
1.740420189353545055e+01
2.664572819909440682e+01
1.396800976186064247e+01
2.654652677609911393e+01
2.083101326005208875e+01
1.126541593014796661e+01
5.097605783104825150e+00
1.886490262488818814e+01
2.030218918940234119e+01
3.995957995169521837e+01
2.241118694306216952e+01
1.475360219142791607e+01
2.678446674465814681e+01
2.012790897167666770e+01
1.353119971349896389e+01
2.496328690893133739e+01
2.019584189627671833e+01
2.957077653500959968e+00
1.950570826493553511e+01
2.247780841470158464e+01
1.465669171144685379e+01
1.036415309876362301e+01
2.405807676295835051e+01
1.219752446645377120e+01
2.535884030600059447e+01
1.448984685704478181e+01
2.796865075734973516e+01
1.262588427073187347e+01
1.427087067275810739e+01
1.105158289578460540e+01
9.314445388795974168e+00
2.203668692808156493e+01
2.746141173550535086e+01
1.138631114437924907e+01
1.053113332467766838e+01
2.071183882653080133e+01
2.447754358177992628e+01
2.275044547152702989e+01
8.998540835948645622e+00
1.003692970848553045e+01
2.054217320973284444e+01
2.398523337824006774e+01
1.440446798955908037e+01
1.558625265345973787e+01
2.609790655469935672e+01
1.785928077845279205e+01
1.368713600880086290e+01
1.573336660145082533e+01
1.508267879800875733e+01
1.432412610180610102e+01
1.537700067465836185e+01
2.329741766959386950e+01
1.293589455483021311e+01
2.210362745895314163e+01
1.780583712725986345e+01
1.633614850240466865e+01
8.670782124113671330e+00
1.973285358941711820e+01
1.842540193305799789e+01
1.949753216212134532e+01
7.887004019064931981e+00
-6.297955750684991472e-01
2.594319573959953118e+01
1.613947112328665412e+01
2.242949720572481453e+01
2.109976763324549154e+01
8.395943829464044939e+00
1.627577271690670102e+01
2.012724739846646571e+01
1.815178267937811540e+01
2.704846537063048117e+00
6.330705513954185903e+00
2.946632475682967822e+01
2.692592046373970049e+01
1.780149484343968425e+01
1.263473814414572871e+01
1.813358273166396373e+01
2.916403506435827353e+00
1.440952492844559174e+01
1.697932292418016686e+00
2.049099318867114050e+01
1.753603414992053189e+01
1.672784729571871765e+01
2.855447870186695525e+01
1.404799613786641999e+01
1.067130261450165563e+01
2.513532698466410409e+01
1.509944565793239235e+01
1.336696345228992300e+01
2.108237930314368214e+01
1.328343743670318133e+01
1.017694711263931140e+01
2.901369713273751927e+00
1.448686730933437161e+01
4.065595337296471712e+00
1.538550850600626063e+01
2.380043787534101085e+01
1.595849731056979692e+01
5.764383185793619191e+00
1.957636409799375343e+01
2.406712072403502134e+01
1.557209395598691515e+01
1.491718888630809658e+01
2.452938009045112011e+01
4.648815468793927153e+00
2.635298169757289344e+01
1.355804917705030732e+01
2.545401013909649635e+01
1.983774023364325956e+01
1.008003782344581367e+01
1.589716971185255545e+01
2.706281109480448777e+01
2.377151470620073326e+01
4.469093087400437980e+00
1.824298947901800005e+01
3.658671598135353520e+01
2.337132172093511429e+01
2.566947649610568760e+01
7.030066639823772334e+00
9.824742298558206244e+00
1.040083768527206587e+01
1.751697125529027232e+01
1.599504795681971103e+01
8.200966445150896789e+00
2.295075429807627643e+01
1.624828063515653298e+01
1.602083195203391597e+01
1.563897561393366686e+01
1.838930800184533609e+01
1.285769568092192117e+01
2.403084464049934610e+01
2.368003633499306204e+01
1.481491886868316499e+01
1.111720283182269498e+01
2.311905541788352991e+01
1.630439678848750873e+01
1.760725119926489413e+01
1.061330713427889805e+01
2.034216088693547420e+01
1.854639453772360014e+01
9.174471331064282253e+00
2.668961010639678477e+01
1.374082898488465787e+01
1.841694446765858117e+01
1.412742831000430499e+01
2.280761570273243422e+01
2.173430531407137778e+01
2.227698171008641737e+01
4.304076761382674476e+00
2.262673967023859234e+01
2.286981101475864619e+01
1.032404670884213260e+01
7.248448645982634275e+00
1.573668404163470314e+01
2.059794209614502591e+01
7.724685687065232287e+00
1.576951907293312161e+01
2.827045011318129752e+01
1.425437265271855836e+01
1.865484001949623405e+01
2.254213095244460163e+01
2.468514296283097309e+01
2.771357540463640134e+00
1.417878392563210355e+01
1.810528008228141061e+01
1.241003172462330895e+01
1.849474177990956036e+00
1.859726287376719256e+01
2.827019680794124668e+01
2.497977133469920830e+01
1.863888615308657393e+01
1.413472528285811336e+01
6.977315195005957094e+00
1.870149342595285447e+01
1.652475516674413569e+01
1.174557820457881974e+01
1.705720712380401949e+01
1.916333191455383655e+01
6.516192210570991961e+00
1.584869370614673301e+01
5.523784904281257013e-01
1.356727971962418167e+01
1.059068828758347536e+01
2.081241194070960887e+01
1.819524550098702065e+01
9.549307133011723181e+00
1.583615714516072615e+01
1.455820918881205728e+01
1.245225629123825684e+01
1.321432748413141667e+01
8.889362059846419584e+00
1.807304563051884827e+01
1.556229879852764952e+00
1.795366805453924997e+01
1.286115409721621461e+01
2.827913083212943945e+01
1.738894714524019491e+01
1.144376017758594344e+01
1.743307523600201137e+01
1.645557894777959973e+01
1.697253710431614593e+01
2.220798792123845544e+01
1.468061657003457299e+01
1.848905948151698908e+01
1.165744010372259254e+01
1.824046105056604006e+01
1.189982755121486946e+01
2.441034140394219776e+01
1.985031575122198433e+01
1.654523437474742309e+01
2.282391031212323895e+01
2.798869107647360721e+01
2.222136982286260576e+01
2.114543313220767118e+01
1.352155275682136448e+01
2.625608512202003908e+01
2.646882300663494902e+01
8.671586940725447334e+00
2.165801508825439470e+01
1.045505987963024097e+01
2.732732944123627306e+01
1.801167478359451479e+01
2.467541599651900697e+01
2.466914504872148228e+01
2.577436951280918720e+01
1.810146821090335578e+01
2.587672006987638440e+01
4.787597551363660386e-01
1.439511155263379294e+01
1.703966332080237578e+01
2.086898510201397272e+01
1.447796317444266379e+01
1.921108512130696511e+01
7.458111534465189152e+00
2.100249527927373094e+01
1.466999816583363270e+01
2.230657490859030645e+01
7.668230978542595722e+00
2.469479588129340186e+01
1.811130370234618425e+01
2.667727173438025545e+01
1.754515271796579157e+01
2.320789755154694944e+01
1.460021469046112941e+01
2.054591443402533457e+01
1.555547359882856995e+01
2.675964301552656366e+01
1.328606049866675676e+01
1.840957693054238575e+01
1.111001209583244531e+01
1.674143537618589761e+01
2.125903638448409794e+01
1.623786245989768418e+01
1.453013315392638560e+01
1.622785955713028017e+01
1.786942883423580497e+01
1.655553224698338965e+01
2.014059728643533731e+01
5.584081861709634609e+00
2.217336514004352921e+01
1.893103616346207474e+01
1.326110819959181697e+01
2.253955937498026429e+01
1.405928095571383096e+01
3.642317654314311426e+00
1.764884246743862661e+01
2.390486963902488071e+01
1.534149401985124683e+01
2.055243604762127063e+01
2.017347860741242016e+01
2.765956380173976470e+01
2.063091888047671318e+01
9.160555570446319962e+00
1.877711107076061126e+01
4.317752881389040454e+00
2.205982318315638224e+01
2.342218952352315853e+01
1.680753536419028649e+01
1.744206773069592487e+01
2.221071493201499436e+01
1.874445655439892278e+01
2.516009944609106697e+01
1.658200305606787595e+01
1.125761313875568703e+01
1.594743187563416598e+01
2.951381767631393416e+01
1.405609342081287139e+01
1.521129529257301272e+01
2.497257766699893011e+01
1.619254015400773028e+01
1.319669215800212214e+01
2.618141869039781966e+01
1.708391768994691517e+01
1.057927535540721919e+01
1.871890279108641408e+01
4.284421220660760810e+00
2.816737839566123824e+01
1.633544872927133440e+01
1.218782728432555018e+01
1.612435714155658673e+01
1.724835587889698729e+01
2.199675294222375044e+01
8.884518026835536375e+00
1.950096146855250367e+01
2.278452795733215908e+01
2.060309185995978964e+01
1.782253282750959755e+01
2.337317929929091065e+01
1.075185240048978130e+01
2.011938477361348276e+01
7.511250797170490046e+00
1.400603678810439590e+01
1.888880420340628064e+01
1.716811762565942701e+01
2.043053000846420275e+01
9.117268884105072857e+00
1.601521591452858218e+01
1.023262835991327790e+01
2.199829115251532130e+01
2.364907282405572175e+01
1.432329407034526980e+01
8.016528592505579809e+00
2.366839387969695707e+01
1.521029948071921467e+01
1.615379522653032041e+01
1.514085118532054253e+01
7.033523734479388168e+00
1.455825463435789402e+01
1.385015890416030970e+01
1.011362631987636007e+01
7.111511198116076571e+00
2.141246282236674858e+01
2.812728021117594324e+01
3.078960363296990721e+01
2.654557227707278599e+01
1.994736392384527335e+01
1.864316964629285422e+01
3.351779878712402905e+01
1.796002022802854725e+01
9.095334183722314947e+00
2.259519108621535821e+01
1.862490828263730691e+01
2.762896068100796043e+01
6.362309739133308994e+00
1.094441016939804001e+01
2.084391423547590705e+01
1.939472528370777127e+01
2.196876528755164770e+01
1.655719570299473276e+01
1.244107760085867653e+01
1.297260679909577163e+01
2.025592694042600073e+01
1.904362067473824993e+01
1.506841572791867634e+01
1.318076115112947377e+01
8.280073584057930702e+00
1.161001263868439537e+01
9.791090116760400974e+00
1.113027263305909287e+01
2.629649423271831665e+01
2.124815387295303992e+01
2.204888998891057383e+01
1.255306914010442654e+01
2.087533003683411437e+01
1.188705571129512606e+01
2.749058946694758987e+01
2.088977859033428786e+01
1.383274740317867924e+01
2.034008525467153561e+01
1.894783145299678040e+01
1.847280614998963699e+01
3.239249697464221356e+01
2.960822711949854380e+01
1.797957121136963110e+01
2.354602394741736759e+01
1.107720150733145204e+01
1.135699346286091327e+01
2.014241420460535892e+01
1.723123019594136451e+01
2.399534367736161755e+01
2.580382759584745145e+01
8.087808102933678356e+00
1.357900028974997042e+01
7.275173312633427258e+00
2.357988542870307924e+01
1.707406007821993654e+01
1.141071148961353288e+01
2.847804953913372117e+01
7.210746752978849372e+00
1.450095134431447264e+01
1.176954628367570876e+01
1.944006376716301077e+01
2.240620134520791851e+01
-5.944557508234993293e-01
2.818636926671295839e+01
1.622607990373495568e+01
2.358418346013093725e+01
2.433547824938153781e+01
1.498254464472860548e+01
1.253304766078461796e+01
1.615096251509687875e+01
2.329069405436363382e+01
2.250777417904855326e+01
3.454332777353732808e+01
1.472225572923187542e+01
1.151997468940872693e+01
1.577476668512802860e+01
1.386553301183411691e+00
2.683562829599324573e+01
2.875444959155212388e+01
1.772756849288404624e+01
1.072494872560535839e+01
1.600823466127777550e+01
1.674050690460637725e+01
1.598357691901237843e+01
2.032233228862837393e+01
1.873822576534250572e+01
1.683440536646489250e+01
2.112916912102455314e+01
1.314259076586851904e+01
1.754546573101322338e+00
1.492575976776666380e+01
1.424903068055969158e+01
2.796889926238229407e+01
2.717908665635596321e+01
2.599554128508555095e+01
1.907251990214538750e+01
3.016189827629720810e+01
1.776988070868942771e+01
1.817785991808777624e+01
1.722583361052113560e+01
1.323050370104998308e+01
8.036328494205605466e+00
2.031712736650373330e+01
1.802747734465160079e+01
1.816503695427853415e+01
1.623610502334184957e+01
1.535545014988225887e+01
1.340772307474189518e+01
2.463605870178751900e+01
1.591029109868922831e+01
1.022065477780941478e+00
4.723826557713522334e+00
2.023935348483932728e+01
1.689039262942236519e+01
1.492829571698946722e+01
1.634164466245873371e+01
2.187597837795311051e+01
1.410503301062509252e+01
6.068639498560258971e+00
1.833553330089083033e+01
1.995833785860117615e+01
6.107388862018069631e+00
2.346053349135829080e+01
2.534455085716081157e+01
1.144062046192223647e+01
1.970502701617977692e+01
2.699348044551479120e+01
2.385537472462276298e+01
2.234161964056802674e+01
2.698827272401960897e+01
1.357788351782608061e+01
1.427259508835561519e+01
3.075468428267083709e+01
1.018865564019220926e+01
2.000997052143434018e+01
1.233234336158272981e+01
9.815438323837540224e+00
1.838738385970453493e+01
2.151039691450113622e+01
1.615790867231760330e+01
3.523451090203862179e+01
-2.126945696357779525e+00
2.641088561353308251e+01
1.703150233444932837e+01
1.498787187189540049e+01
1.116498660925303454e+01
2.741379321913740341e+00
1.334238609727454872e+01
2.346163244655082281e+01
4.652852873471530870e+00
2.731345115419850345e+01
2.469084861539307951e+01
1.952882944814528798e+01
1.969787304321786792e+01
1.610565437780593356e+01
1.143267870004082454e+01
1.943395023399513377e+01
3.143184024855649739e+01
1.060736848477569083e+01
1.152435023676294179e+01
2.130439220413217072e+01
1.578601496238933066e+01
2.005712675045367632e+01
1.267966786825513736e+01
6.506335570195787454e+00
1.635613719910573138e+01
2.288261597825564309e+01
2.282312372189272764e+01
1.337887369498962187e+01
7.601572944437819501e+00
2.225996538792131219e+01
1.226074196526774074e+01
4.174331972929010703e+00
1.580698318399053903e+01
-3.843949956186406780e+00
7.817067662721697729e+00
2.387099301723959854e+01
1.932033652947430369e+01
2.069237202487799721e+01
2.080648982735847596e+01
2.723552883237668709e+01
2.299951102080290610e+01
1.068232961848150353e+01
6.306152082995055252e+00
2.200692452054825310e+01
1.168610924949545904e+01
2.643211482618758623e+01
1.472201917572306229e+01
1.081131716173108259e+01
1.710052220500222120e+01
2.789634041710846191e+01
2.795123147462906843e+01
2.542010272733712384e+01
1.422602708103947577e+01
1.221106334731791776e+01
1.906999988140184144e+01
9.506170742652173544e+00
5.048866768905483582e+00
2.486226624363757765e+01
1.636782743552871011e+01
1.347927569419572080e+01
2.498042616089162493e+01
9.272823345739311662e-02
2.064350301729464832e+01
1.909589086874912311e+01
1.364243339732092863e+01
1.110919039137753828e+01
1.506353367829902368e+01
1.291286646009771744e+01
1.807985477512570327e+01
2.791043582134169299e+01
2.667841530250055371e+01
2.161498994192626810e+01
1.540780180545597489e+01
1.668056367320374278e+01
1.545669214805319314e+01
3.245943143846457701e+01
6.704961860068820556e+00
8.181354888264422698e+00
2.932621920113150793e+01
1.470966839523948977e+01
1.883317171912023724e+01
1.095779034141249042e+01
1.013038230275192575e+01
1.413083612109194576e+01
1.002406117068453284e+01
1.767386701161721874e+01
2.884275473948047619e+01
1.079379746711340715e+01
1.808242905002578027e+01
2.898274408968461557e+01
1.687230587772047841e+01
1.880913095082959074e+01
6.880697298160640685e+00
1.264976116111996873e+01
2.495277846242632336e+01
7.129284868293538580e+00
2.016490757927055455e+01
1.948860808965646640e+01
1.520798777035071225e+01
2.524205808889227853e+01
2.210125006143215387e-01
2.698262595207334869e+01
2.398889721034427680e+01
2.284335131952337861e+01
2.598767040283537000e+01
2.109847461252329026e+01
2.654245163725662593e+01
7.675840390600185970e+00
1.645499631956329267e+01
2.103570195073506710e+01
1.702378367847227025e+01
2.322532980111640200e+01
1.312265733931002387e+01
1.652908402370922403e+01
1.727243743750423732e+01
2.899950925732676410e+01
7.564413972729965963e+00
2.165905410125889574e+01
2.405279322772780404e+01
3.063675407305090914e+01
2.112677197341577795e+01
1.209518430063046424e+01
2.785445884882628320e+01
2.689123977864412041e+01
8.912914894079747796e+00
1.133068742560194408e+01
1.729787914367742019e+01
8.769561833961745378e+00
1.893615630966920094e+01
2.001781529565769091e+01
2.730137424108242783e+01
1.227365394319309644e+01
1.573746639223335819e+01
1.865400932287295888e+01
2.078670125176391537e+01
1.526869246541188829e+01
2.144734035138736772e+01
1.855725800782950330e+01
7.338203587317408960e+00
2.327786979041323434e+01
1.495938919130598777e+01
1.005760743942447277e+01
2.424455265600800402e+01
1.397404535377019386e+01
1.441552686599457900e+01
1.538773716959434523e+01
1.083925650345062763e+01
2.437791451665587772e+01
2.774186281326396397e+01
1.764031459274509928e+01
1.718612502475681225e+01
1.815106447688854985e+01
2.835724986769248801e+01
2.131903382820869552e+01
1.285311855103910261e+01
2.198866180899538847e+01
1.940548533443521251e+01
1.411923732630636152e+01
2.089335997117397881e+01
9.730880868401825978e+00
2.389074957526649712e+01
1.681747097867724250e+01
1.821870250129484248e+01
1.619583566723332524e+01
1.199156858358723809e+01
2.369486510636355092e+01
1.809236487710781205e+01
2.077893430113793727e+01
2.242071918382682583e+01
8.658181885468991368e+00
1.434753982780756587e+01
2.595574047207172441e+01
3.265035490065380941e+01
1.115133740880258983e+01
2.060522151553633563e+01
2.586528351021632943e+01
1.240820504181773742e+01
3.241047974046718139e+01
2.335037575614586558e+01
3.394005363827560018e+01
2.783426147049465982e+01
1.439758203874582421e+01
1.516547293923578366e+01
1.263419966165425024e+01
1.899282181731599195e+01
4.249410116788595815e+00
2.436485051915371969e+01
1.928463429288853348e+01
7.809529862155471847e+00
1.362786596274082740e+01
1.353578870913837306e+01
1.942052513064609798e+01
1.680214306836525395e+01
2.661964275226202403e+01
9.464292712784654782e+00
1.902700151200784262e+01
1.107849078654139419e+01
1.079620673802287456e+01
2.628084642779074898e+01
1.668413951081405600e+01
3.127166644298415576e+01
1.907710062559696951e+01
2.612203374994203386e+01
1.790322221755662468e+01
1.290193860707658757e+01
1.604812541451114072e+01
2.998882423960679944e+00
6.621498178067483309e+00
2.039826720082859879e+01
8.763042822981120139e+00
2.206042753635065878e+01
1.787498742648630667e+01
1.316269364085087545e-02
1.753881536256461970e+01
7.194991255865900825e+00
1.128170499894638112e+01
1.849778619909977806e+01
1.151139650461509234e+01
1.185384582478214099e+01
1.914469694947953116e+01
9.358361352462480909e+00
2.616722372692689191e+01
2.024327018233337583e+01
2.727927587821143618e+01
2.202668519224378940e+01
1.978706599312656067e+01
2.225302775321807758e+01
1.854994052210155075e+01
2.122196606893305670e+01
1.347490299125718138e+01
2.056989239404005332e+01
1.917219463997336959e+01
1.705480747493278670e+01
1.861513688289076640e+01
2.432096424745785157e+01
1.020667239497291234e+01
1.370229131871067807e+01
2.057099139687669265e+01
1.566282650037089752e+01
3.183244652843156786e+01
1.958044654105590610e+01
1.609504470860258607e+01
2.843421764108462924e+01
1.883434360456800505e+01
2.329508886250093269e+01
2.029736261754034388e+01
6.540344965007548694e+00
1.332132200246070397e+01
1.455772600937844174e+01
8.737390647673791477e+00
9.270991641662362781e+00
2.228296015704924571e+01
2.094041983978326726e+01
2.454956879103249889e+00
3.304560934184711130e+01
3.107115114192318117e+01
1.433420738721750354e+01
1.264904755226570643e+01
1.062395822508682386e+01
2.511160970822710681e+01
2.540232570628079856e+01
2.641847361175495479e+01
2.493851056563980251e+01
2.467580693658312896e+01
1.036431091324399034e+01
1.391950681295336523e+01
1.958526201877751305e+01
1.378173463424481326e+01
1.527740180742465270e+01
1.090348302925143287e+01
2.099023206133730213e+01
2.285231838762512524e+01
2.350773513694520034e+01
2.194018042971799076e+01
1.483646033240404449e+01
9.045337435804313486e+00
1.665677017209901578e+01
1.641194130187105316e+01
1.446541576982690458e+01
1.451964984974684114e+01
1.908372352230919944e+01
1.890867455610203507e+01
9.830735163962401657e+00
2.310186042700497211e+01
1.478973326546658029e+01
2.507365578690121311e+01
9.379449819385285991e+00
1.819958870428013853e+01
2.030566027582386823e+01
2.292708437555621970e+01
2.645070644038811025e+01
5.855288378592064191e+00
2.443350403459760400e+01
2.531866325791789052e+01
1.302189965213243994e+01
1.516222931873296886e+01
1.826872396345907390e+01
1.716291283188722616e+01
1.820113667012849135e+01
1.406439503614730313e+01
2.284337395457163211e+01
1.328521558965782390e+01
2.333474102884215284e+01
1.300673566020488181e+01
1.589186192753007276e+01
2.160843244666376961e+01
1.573211799956372658e+01
2.074307424056285498e+01
1.422715154588621544e+01
1.612943700017800097e+01
1.550126871461351641e+01
1.044435060347603894e+01
1.550383071190255180e+01
1.803270262569484572e+01
1.644061377647554423e+01
1.760046082521812139e+01
1.580616427499754195e+01
1.304828098568820849e+01
2.498396626235447116e+01
1.726895042649429968e+01
1.824900616498543116e+01
2.526270656809542459e+01
1.348969933219265727e+01
1.685643823060522095e+01
1.934296808191349726e+01
1.791590247751437914e+01
2.892044748563881740e+01
1.465568193876788428e+01
1.986900275047635489e+01
2.589956168101323186e+01
2.188737491944518609e+01
6.312476487549275816e+00
2.078518703629242736e+00
2.424942014205946350e+01
7.996640421854550596e+00
2.310529049326675022e+01
1.103301368669281146e+01
9.433738882011681426e+00
1.907449298332853971e+01
1.453106379726845887e+01
2.262333604419807642e+01
1.667667381820467654e+01
2.817538256146142572e+01
2.277243693301177530e+01
1.535739732992880135e+01
1.399003416252308796e+01
1.487212297650637538e+01
1.392752365287634575e+01
1.124697688395042405e+01
2.134834276555395149e+00
1.046671713153639871e+01
2.280241664607382290e+01
1.985994595245040273e+01
1.011141124562681171e+01
8.284105933614569039e+00
1.064705242461076296e+01
1.726445448045514297e+01
9.637922994003687904e+00
1.482006270885031540e+01
5.039875030493206509e+00
1.389020241586590032e+01
1.623949863344495270e+01
1.713264095572328927e+01
1.441389866887618609e+01
2.833988493133210085e+01
5.765937741772603431e+00
1.676495067820849272e+01
2.187755869492877991e+01
2.049067583479870791e+01
6.569642183453623829e+00
2.739376108763029549e+01
2.826487941410786675e+01
2.865585519290576144e+01
2.516347795998683523e+01
1.061375315875164915e+01
2.482648722876411540e+01
1.630892753593057876e+01
1.468506795551010669e+01
1.960792725204797193e+01
2.081240071475630771e+01
2.724956974884004524e+01
2.537354975772957033e+01
2.498656100263720248e+01
1.997886579963186904e+01
2.218197133056573023e+01
1.595998030119837807e+01
1.730393037450212290e+01
1.913836601731822640e+01
1.406805890432536899e+00
2.470317980273841840e+01
1.312658997216466616e+01
7.687613572733397405e+00
1.850351960204928758e+01
1.202404300601371290e+01
7.617667982480988087e+00
9.018418632829508397e+00
1.768238409103761910e+01
8.116279304391056826e+00
1.429489695085878509e+01
1.955604672878353512e+01
2.426405936589468126e+01
1.396903066166944996e+01
1.823834526678210466e+01
1.733565950120338073e+01
2.762834508260699806e+01
3.207483780830106923e+01
2.748721101295795677e+01
1.603525952773577501e+01
2.591669015102798568e+01
1.393695324604689745e+01
1.070091812854110458e+01
1.068456541045782160e+01
1.631543880843881311e+01
3.201531614968669714e+01
1.531669537288647120e+01
1.110198604480117979e+01
1.672455886396939206e+01
2.164045690141861655e+01
2.024991981281033304e+01
1.107729586882825856e+01
-8.110006769805409022e-01
1.174526995231879312e+01
1.678982507170707095e+01
1.544435663685202087e+01
1.965280134951854052e+01
1.494034531254914100e+01
2.973890374988087615e+00
1.365480548602702981e+01
2.269400687823269891e+01
2.235350607355551489e+01
1.317985599585674095e+01
1.999701722181188757e+01
2.019948359974252128e+01
2.072195164976334780e+01
2.988696347541079490e+00
2.173958269947969768e+01
1.002743593343880946e+01
4.707977352190098941e+00
2.556088149743231952e+01
1.349902089011521866e+01
2.875475065575353284e+01
1.440112908135583325e+01
1.561509405937690076e+01
2.062225076268463653e+01
2.160480513438375283e+01
1.562374166989117441e+01
1.852475579567206410e+01
1.742421735725685039e+01
2.610104628279611916e+01
1.092768839127876390e+01
2.459536813197889416e+01
2.211076590742047188e+01
2.478875370281526358e+01
1.785481476617232488e+01
1.597539689559926046e+01
2.690303848947705490e+01
3.207637237994963186e+01
1.047861395528195771e+01
1.607443277341560872e+01
1.671051324915742953e+01
5.327582287602723454e+00
1.243159566037317632e+01
2.232428654778367161e+01
2.462360146781405490e+01
1.367059405535779604e+01
1.549564619582616132e+01
1.325091877685488839e+01
2.415726006780727175e+01
2.470994021356445103e+01
1.214108066729919244e+01
1.385844619837037328e+01
2.149355234001555459e+01
2.217761567046996873e+01
9.165590389552562556e+00
1.355412262076291086e+01
2.279567769668167898e+01
2.284586568077006774e+01
1.663481930178780033e+01
2.139141792121624519e+01
1.620326815543164400e+01
2.093451310791928677e+01
1.889387575397623209e+01
2.031681078923095640e+01
2.624997459009013312e+01
1.584915435668713712e+01
2.155621841795664295e+00
1.479443898998512452e+01
1.506782932349773318e+01
2.260399269674515210e+01
1.236645630117840255e+01
2.338281653217178757e+01
1.495302088521353312e+01
7.783969297346089888e+00
2.849665205730136819e+01
1.496877068986053416e+01
1.669148320905568994e+01
1.192900898308982960e+01
2.985052773864926934e+01
1.747373279382617994e+01
1.499271884602934790e+01
1.901069450653432114e+01
1.826294248444571622e+01
2.033614098430264505e+01
1.436463731148961642e+01
2.215230759004046490e+01
2.489458631800482635e+01
1.960962271885577479e+01
2.294305412084852946e+01
2.088660543194939834e+01
2.174265823273985632e+01
2.419642207838714398e+01
1.636180977405967951e+01
1.207233655180382925e+01
2.219554743734854441e+01
4.553733140938220458e+00
1.493379485671405860e+01
2.013069224323027129e+01
1.207503034559290711e+01
2.353198360627508379e+01
2.366223475042032476e+01
1.825732355717751432e+01
2.166471147609521353e+01
1.820522425569112102e+01
1.558388961840236675e+01
2.031077334339487095e+01
2.095607091435715574e+01
2.024584747625131342e+01
3.109642836198499083e+01
1.315438781291832981e+01
1.715745404415722675e+01
1.043029103359288001e+01
1.391721076809577085e+01
2.036765116537794995e+01
9.375132668563793459e+00
1.242760633135527115e+01
-2.505356290895974780e+00
1.912996490151599716e+01
8.259786038615956727e+00
2.084767483160561596e+01
1.973161553145294533e+01
1.894382256326395009e+01
1.718971306990431458e+01
9.846417031212340021e+00
3.278507867728677638e+01
1.450433315712108140e+01
1.393164206588185294e+01
2.640505900060693278e+01
9.943765074001944981e+00
1.376417311634794771e+01
1.597066435645655247e+01
2.858750222570263588e+01
1.780426399621217826e+01
3.246355473204904030e+01
1.695822793993748689e+01
1.760572425917594330e+01
1.991345681998174655e+01
2.036757987468842401e+01
8.626256866401405432e+00
1.882815744348914677e+01
1.847092260627875504e+01
2.539451437169046244e+01
2.758613232032730167e+01
8.803832908450374362e+00
1.499839142724552232e+01
4.883187664972936659e+00
2.648283921447944067e+01
2.216151977796461381e+01
1.397867016670832641e+01
1.154925877721278482e+01
2.150313543175974473e+01
2.387326209174697311e+01
1.295910597942952336e+01
1.378635906736195693e+01
1.842149137067839604e+01
1.328008200594543098e+01
1.350825771346420368e+01
9.048790404804933019e+00
1.494943225935852382e+01
1.911455672158797370e+01
2.638695549092365411e+01
1.302594215535656019e+01
6.666666613238177774e+00
2.762349098691101545e+01
2.028436941226974000e+01
2.026332655781945391e+01
1.678530279916391521e+01
1.748176506521356544e+01
2.191491797524602703e+01
1.474435916652817014e+01
2.163339114848696454e+00
2.199617488210196825e+01
1.575898790285870632e+01
2.253934851146215124e+01
2.122945714612350088e+01
2.217761603264906256e+01
2.291904641219528571e+01
2.431333318865105042e+01
1.806527842252355498e+01
3.050565085709276048e+01
9.274301742568304974e+00
1.689850568228337124e+00
7.531117918312148163e+00
1.897372209452565528e+01
1.272099475908518684e+01
2.057131957269291433e+01
2.019686206822353824e+01
2.360873116948089034e+01
1.709070284763362935e+01
1.023764079969049590e+01
7.895227803811891931e+00
3.038141866276532710e+00
1.756151347207274682e+01
-2.464987089039674117e+00
2.152469849900116117e+01
1.959714852092711368e+01
1.439023754549957346e+01
2.323276683947365484e+01
1.863725705970044544e+01
1.418062763729706433e+01
1.571991943671779524e+01
1.742042376908585055e+01
2.564832289342881921e+01
2.459958634777363784e+01
2.102325276163838907e+01
2.149164458331060246e+01
1.050104498639174722e+01
1.737103068073482603e+01
2.395495905348860077e+01
1.992250965323698608e+01
2.229899022473480130e+01
2.374999590798781668e+01
1.092071922694239561e+01
2.097350810921582820e+01
1.455187170307643640e+01
1.975972907727681616e+01
1.597091007259622586e+01
2.271184662254484010e+00
6.776738552669968385e+00
1.039925333070625868e+01
2.237042067704507531e+01
1.936896511831047007e+01
2.667091093992705453e+01
1.128262214086669246e+01
1.874230282516435864e-01
2.155334168344349877e+01
2.362980627536902034e+01
1.914666773315723702e+01
2.197791234527581139e+01
1.914446215119584593e+01
1.670834268234744968e+01
1.659151031008740063e+01
1.803814879939466209e+01
1.533854667134693983e+01
2.780856197054303891e+01
1.638668184325247523e+01
1.763414411344199095e+01
5.794717199732886570e+00
1.101660421557861014e+01
3.509671413543712504e+01
1.368293015912645672e+01
1.386384523989942608e+01
4.387734289340841087e+00
2.254829735877233077e+01
1.520080526159474488e+01
1.455729996748428334e+01
1.118670547573676544e+01
2.677715085579917798e+01
1.416573491490817105e+01
2.767714279443190151e+01
2.133156046173738218e+01
2.132607822313001122e+01
2.216282823636187516e+01
1.359693943792538562e+01
2.967232769083055643e+01
1.242272273374184977e+01
2.650042708332411223e+01
2.329614926744625336e+01
2.096122913790891573e+01
2.508072958997203727e+01
1.342215943976019332e+01
1.631051772615205664e+01
7.475067852339549290e+00
3.121886125848617155e+01
1.581549421140388034e+01
2.454615950075391595e+01
1.734205142986098735e+01
8.380140048520459573e+00
1.900959596437417076e+01
1.998214022713666793e+01
1.579372057698657272e+01
1.823877627229444442e+01
1.706976006587386507e+01
1.162811123033441163e+01
2.023725947565210959e+01
1.478449972214696118e+01
1.951893184216469024e+01
9.718286243699992610e+00
2.885648121678030975e+01
1.452875736462948453e+01
1.144684109615802470e+01
1.472398978786615942e+01
1.122246085357153333e+01
1.500165318111227464e+01
1.858885898937090531e+01
1.848590831246253430e+01
2.479500364293652126e+01
1.307628570334198059e+01
1.890886205043734236e+01
5.941142573677254290e+00
3.301989298635212577e+01
2.686049473710090751e+01
2.511458157124461366e+01
2.229889696604364246e+01
1.529037058815097083e+01
1.085120663025136878e+00
7.672671034127731104e+00
1.126568568412366744e+01
2.014182669162305928e+01
1.593336696995868351e+01
1.196208044747412202e+01
1.056945055658648869e+01
1.407197742457952927e+01
2.136788096946320081e+01
2.402568100800947093e+01
1.534150933271422446e+01
1.027833846710123566e+01
2.422766405260794897e+01
7.044796166013981065e+00
2.453282733490462419e+01
1.593270090904347569e+01
1.443530556182201963e+01
9.923912534544882647e+00
1.209048661482599130e+01
1.309443044720802618e+01
3.284237196987028540e+01
1.689467272276829135e+01
4.998683999913623666e+00
2.046807924622228825e+01
1.112076129588659512e+01
1.920785986460602857e+01
1.394809250430695613e+01
1.716977827294650183e+01
7.338342957540774592e+00
2.274148400043028317e+01
6.414412775521199706e+00
1.159990318414378407e+01
2.971781445514157838e+01
4.548166962313075601e+00
1.431167248083298205e+00
3.715071606871109111e+01
2.979796654127328281e+01
1.946495685449798430e+01
1.177770264720956561e+01
1.710800178783112813e+01
1.377363431832270635e+01
1.621207903288291163e+01
1.789714925526183720e+01
1.169118406023241619e+01
2.108023234250288169e+01
1.784813406163900140e+01
2.190789509712568872e+01
1.688396154810543237e+01
2.008572438984208475e+01
1.829000654166657114e+01
1.800214443886873994e+01
2.318023270282953519e+01
1.879649368728579617e+01
7.592161559282232020e+00
2.295573315514129575e+01
1.581147827975073028e+01
1.814827331276237032e+01
2.113654732206204301e+01
3.562042300769519443e+00
2.203398532771927876e+01
1.961270326903280647e+01
2.048970613558486065e+01
2.180789541736574222e+01
1.403534565525114886e+01
8.866414986282549648e+00
2.225591020753110882e+01
1.495531619315055138e+01
2.028385002100119294e+01
2.201860731370326363e+01
9.812117584869739062e+00
1.972959394925567267e+01
2.515761462117223601e+01
1.629304348487180221e+01
2.862219503925583552e+01
2.065730674244866805e+01
2.214906833494447369e+01
1.465249477483642693e+01
2.178881326134860075e+01
2.479977248965917624e+01
2.892441930805712502e+01
1.243871723624323522e+00
1.957889342738874916e+01
1.637157443805917012e+01
1.421139280182858045e+01
1.118307140670182775e+01
1.669011648982858986e+01
1.614386949958219475e+01
1.562278995116564317e+01
1.332215934013095193e+01
1.409852212952988282e+01
9.926260101516788836e+00
2.088858363370577820e+01
5.470403182170173295e+00
9.978744878471161428e+00
1.698858240305859368e+01
2.358660179703758786e+01
3.087058485730581481e+01
1.664110742084558581e+01
1.316185363219730675e+01
1.497671634516414940e+01
1.568433543003011721e+01
8.024138079928064826e+00
2.320400356978767320e+01
1.887347454049461248e+01
8.503608349413553924e+00
1.591822682942864020e+01
3.810437201896277770e+00
9.441246952551182403e+00
1.034404245943771627e+01
1.832730807457073752e+01
1.221158576107438876e+01
2.068433061201084655e+01
2.253944177731367660e+01
1.825662216312613850e+01
2.325537212708377410e+01
1.334597390920265525e+01
1.234539200053333730e+01
2.837079079587284980e+01
1.146757913664984585e+01
1.410051045280323478e+01
4.240994505832574646e+00
1.894364275518124430e+01
2.790848991730088358e+01
1.407471557613727953e+01
1.728153430848540495e+01
1.679184119765724859e+01
7.401693136585706156e+00
1.839266504537005176e+01
4.231285748542788383e+00
1.473559392005867608e+01
2.415082004110828251e+01
1.327569274658793574e+01
1.632340617770695701e+01
