4.095773141684667662e-01
4.603731142960263978e-01
3.169613114984216051e-01
3.862211742658990254e-01
3.215227960134477980e-01
1.361635521294086493e+00
1.351753904502781323e+00
9.504605363850565647e-01
6.957604270601632779e-01
8.969464016444177457e-01
3.829733265417202270e-01
1.176636437012853698e+00
5.963560337698737834e-01
9.050018676378245308e-01
6.967443387625055218e-01
4.515397881984549722e-01
1.264805040732485952e-01
5.653769343699960315e-01
5.105200821549842338e-01
6.703497002201994626e-01
4.188495923552374989e-01
5.835644903150548624e-01
3.204416992840543599e-01
4.871402888465532488e-01
3.735695089735595054e-01
7.060722037982853916e-01
5.796976929075806639e-01
4.481346499200151712e-01
3.196551556694043894e-01
6.729276209877320669e-01
4.426394117459977462e-01
3.347076952786097737e-01
7.954934746944140045e-01
3.919791580944019804e-01
4.360525468552644002e-01
5.627513357768800795e-01
1.953689770193057229e-01
6.038064550969367561e-01
1.132019403689919768e-01
5.300842633761844169e-01
7.596402506974145874e-01
3.111581175751075290e-01
6.678102157422315110e-02
4.052139674936477420e-01
1.561392189367080130e-01
6.052146199707575391e-01
7.827715501478957894e-01
3.071953801850177412e-01
3.273869289952444084e-01
3.482835090775775466e-01
4.893877041165176078e-01
5.927475323112407768e-01
5.949282029541170802e-01
5.578497686547854162e-01
4.881703851649912829e-01
5.831489143021807431e-01
5.309622598238911140e-01
8.658027731398776350e-01
6.917320764097077967e-01
7.511924201665211021e-01
6.721713653180296788e-01
4.880876958925312592e-01
4.079072560241437939e-01
1.381158437111349668e+00
6.717113850603195768e-01
1.755991446902556596e+00
7.230512712934620279e-01
3.218828413057938653e-01
3.430283621717922227e-01
5.037867463601047868e-01
4.862004420899914692e-01
4.419280595492302011e-01
7.160049045933208900e-01
6.108912326406542581e-01
2.803153654083749835e-01
2.472846648602303465e-01
3.909306530060230322e-01
3.900302032770854854e-01
1.060818848242011558e+00
2.811079929272838340e-01
3.593626296542531962e-01
6.004740073155095947e-01
3.722675735946491815e-01
8.128405478371941717e-01
4.761938957816012064e-01
5.203658006097595656e-01
6.202529501717712890e-01
3.572680198012471164e-01
5.760816692770609482e-01
3.127495492502715968e-01
5.238914930648027601e-01
2.514935676531080411e-01
7.225658560211141168e-01
1.846522059494549450e-01
6.671288686306846571e-01
4.229285916726105987e-01
3.657746941293900655e-01
5.058724595888247633e-01
1.035736562851607756e+00
9.868760837674146469e-01
7.918753430025053941e-01
4.043402279841813440e-01
1.329042292637601930e-01
5.702249490726932768e-01
7.714350778059027025e-01
4.786678937275364865e-01
1.414697770955271494e+00
5.230620759505301143e-01
5.424851973847147901e-01
5.227741796905822635e-01
4.267343507598052033e-01
5.386303376415068067e-01
7.393870983562574883e-01
5.466087936811500070e-01
3.735150962474068081e-01
7.200389726009406299e-01
4.005351647745801213e-01
4.645559598516160738e-01
7.616617174250748246e-01
3.383673970701299161e-01
5.766191239725263484e-01
1.022587201629668874e-01
4.330553759081046117e-01
4.353714756820542542e-01
1.254203926844125461e-01
5.150151195894258072e-01
6.532691931556979803e-01
1.216730524819442882e+00
4.010616180186679092e-01
6.226757742793490591e-01
6.435633651753455142e-01
7.014369777088663716e-01
4.677992738604381806e-01
1.087364653702441286e+00
9.231211896293499697e-01
7.162077162148459131e-01
5.108811371922158395e-01
6.263036253523446284e-01
6.538931376181976729e-01
3.092712895970264331e-01
5.635233127848967571e-01
3.789977317536961099e-01
7.183939986905476527e-01
7.584060921200290739e-01
9.419974352634448156e-01
4.228178512012908952e-01
4.923695684441141140e-01
5.869178470629377031e-01
5.754478682913906074e-01
5.508463937043909242e-01
4.487215846890198478e-01
6.463501378067310066e-01
3.551515868698164602e-01
5.789882437581180818e-01
2.894968677423946923e-01
3.656883268142218091e-01
2.015875155283873288e-01
4.938140190351767433e-01
4.549326804368136190e-01
3.418536391225265314e-01
8.918832720897282851e-01
4.943941004292810026e-01
1.153180308497621542e+00
9.586936921985046434e-01
6.858063787915050780e-01
4.539575978367955678e-01
8.990113628136801038e-01
5.311752988175040269e-01
2.446101123192240545e-01
7.650444241195936135e-01
2.912845137312638499e-01
9.912381105817019700e-01
6.426247473119893749e-01
4.136320056249970234e-01
1.782945955023796381e-01
6.903047259229354582e-01
6.449480076251746796e-01
8.970951468291935571e-01
2.542553500353850193e-01
9.037042909371466592e-01
1.480280467440990400e+00
1.109861764290904551e+00
8.078164314862048556e-01
5.457317223349203994e-01
5.363396516824473492e-01
4.176997184047441247e-01
3.550041211782551942e-01
8.829378803276352050e-01
5.436486763089937169e-01
4.443210201695827477e-01
5.771359534149246295e-01
3.762331016533918548e-01
4.585798557298735312e-01
5.850491995511565291e-01
9.285488003777290222e-01
2.955100890536438429e-01
4.655726180827733374e-01
9.150120024862710144e-01
4.261993745139718848e-01
5.590618867513414969e-01
8.987932889664559388e-01
3.556583546695157860e-01
3.136650700511369738e-01
3.934517772993136320e-01
4.828304834017998481e-01
4.586995523190348090e-01
2.992066930586160245e-01
1.230844805678723342e+00
6.463774915702515944e-01
2.591984213962682526e-01
9.173476838508487496e-01
7.756631401938554049e-01
4.563807166503379698e-01
6.562925684969607154e-01
5.906833061797041040e-01
3.052114555793176143e-01
6.170562858010455454e-01
6.304101692203241125e-01
7.312609140976654709e-01
4.285467706098706198e-01
1.132705501816346549e+00
6.984355692350872058e-01
1.055092289423784191e+00
5.899231337310002488e-01
1.429598041774756412e-01
5.156188571340801774e-01
8.937756387776145395e-02
3.548145155646630911e-01
9.463505055289447299e-01
1.645117695361094645e-01
5.830343751782376405e-01
8.974498617596909922e-01
5.694508875359582944e-01
7.234506726163539847e-01
4.742887735914396719e-01
2.087040829753593896e-01
5.121872633394000118e-01
5.019269366440323177e-01
8.525105076367731627e-01
5.649160996371820342e-01
2.374024423753110791e-01
5.003502784827295047e-01
6.557756454896893628e-01
6.696171118440009673e-01
5.282035250363982248e-01
4.473740077890400735e-01
3.700729330849663601e-01
3.536328795430470628e-01
7.156553744480719237e-01
6.676205066521302411e-01
1.013529542021403884e+00
3.106158646919799371e-01
9.668390050785596879e-01
7.653555682346181444e-01
5.424564284997301922e-01
6.028454116671850826e-01
1.775035092966470218e+00
4.819755784002088816e-01
7.306949739929521348e-01
7.792277226735359053e-01
3.549388529472499165e-01
5.953905715217748806e-01
5.352998893618963194e-01
3.527979162094492804e-01
7.536397136069172831e-01
1.318401248612758314e+00
3.957702872191666832e-01
4.973180701284143357e-01
4.601537593103095514e-01
7.020291294615143007e-01
1.499603313563382390e-01
6.856477358640614694e-01
4.257921361007082073e-01
7.703473164512941729e-01
6.269105889350132799e-01
6.388810851147503911e-01
3.941362975490431686e-01
4.066822277257888807e-01
2.073083486190880897e-01
5.284404847674358807e-01
5.238873122895991719e-01
5.528241546414830454e-01
7.243763623899833748e-01
1.036681348373292844e+00
3.115782071580485146e-01
1.104028762558866728e+00
3.842549160667534380e-01
7.061141156800929686e-01
5.693859603533151237e-01
6.617674103381465667e-01
2.947033915476465205e-01
5.112860605250497681e-01
5.250940291421734019e-01
4.528348381814474855e-01
6.037291936377717771e-01
2.213518299569544323e-01
7.858235135588886866e-01
6.548106998156649761e-01
9.863030324697380502e-01
2.127350911622399587e-01
6.290408961396840581e-01
4.467438230794401610e-01
5.012584765240580831e-01
7.786906639385520190e-01
1.122804159284500169e+00
5.773206783119946284e-01
3.746959471208313741e-01
5.232462387590772757e-01
4.610059975893770479e-01
1.198602110881182015e-01
1.424828359529608957e+00
9.127797744709427175e-01
9.336532591882574783e-01
3.386033602809299659e-01
4.781871832381706655e-01
4.169853702518737104e-01
3.708207728694886129e-01
6.142225194885017059e-01
6.184461553759077468e-01
9.397783935417580725e-01
4.464722147488679460e-01
5.566297892870583075e-01
3.703285629143748814e-01
5.123433976771285536e-01
5.176397065072171344e-01
7.054377925115227210e-01
1.497933005965791153e+00
5.455983451498057635e-01
4.420663167449708775e-01
1.310337694778160200e+00
1.042490456481167227e+00
4.164078182862173683e-01
2.782005601689561125e-01
3.727054911067944065e-01
4.390098792126982952e-01
5.109604938315596145e-01
5.249844924524447176e-01
6.661112579575790837e-01
3.714195781734155877e-01
3.758552655399358122e-01
4.240697936312524119e-01
7.692472844330813242e-01
4.635475786534141718e-01
7.671429062082381067e-01
5.116629488790523927e-01
3.919097281791442677e-01
6.573727766243474546e-01
3.333591535158609842e-01
5.440492050955403336e-01
5.161745247455599150e-01
4.915624986888862957e-01
3.029032526825909399e-01
3.721466402715619126e-01
5.234722122539804401e-01
9.604948387022335110e-01
1.092915694059025000e+00
5.950971776319657902e-01
3.964274222426011351e-01
5.792949063392156539e-01
6.483075928363164486e-01
1.099851532535919496e+00
2.897790823873597765e-01
4.688441664537629228e-01
7.030138370359088063e-01
1.027155883908316358e+00
6.490267101574197506e-01
7.676516697567290493e-01
3.933355455393651723e-01
7.296014560086173661e-01
4.976048791592204701e-01
2.361783492153840536e-01
3.220604234521792786e-01
3.750260588070562506e-01
2.692110908133641400e-01
5.051794613483591156e-01
3.081892242115961689e-01
3.241827025652322947e-01
7.878635428905452764e-01
1.066565784015629070e+00
1.063272778191403312e+00
1.400543053240489444e+00
8.081755097383397368e-01
4.167339695087478590e-01
5.654501147522985605e-01
4.240944260147407885e-01
4.154735142178785923e-01
7.311474958186197082e-01
5.281004595870557594e-01
1.689009824588075803e-01
2.423315043178560502e-01
3.205500864957346319e-01
4.521088546783764706e-01
2.058559435673236460e-01
6.512682769207182032e-01
4.078698253378916783e-01
4.920186169356462469e-01
4.352638264621338515e-01
8.655813145409492204e-01
7.581912040185974089e-01
8.347448721877204214e-01
7.561466906865292881e-01
4.841784435972532608e-01
3.627897248036428546e-01
8.384380015680197307e-01
4.545860282961713406e-01
4.497393471655027342e-01
4.257396774008364027e-01
3.046296635201834468e-01
8.758599861234195316e-01
2.760311399231016871e-01
1.595176274832223740e-01
5.686657195948973120e-01
5.407994074752850988e-01
8.719403404673129465e-01
6.237927875772948383e-01
3.621517131531100664e-01
2.268870314032226110e-01
3.603635746876930335e-01
9.107180583364306026e-01
7.895883535688690280e-01
6.221886800152004460e-01
2.514937022100978137e-01
4.263773750489554537e-01
6.762652520399439204e-01
8.232138052742311585e-01
4.554301371889736272e-01
5.765288475523642209e-01
2.442694697262655923e-01
2.256409241698341117e-01
4.668748351955989695e-01
2.509555795603162220e-01
5.378444730264685392e-01
1.282896597033106545e+00
7.664677767262717545e-01
5.609787383914073278e-01
9.452716110169137043e-01
4.700865830676626556e-01
6.432804390597599564e-01
5.679344499263611068e-01
7.481718567688663279e-01
5.588449452847357168e-01
9.266716820092414375e-01
2.781980506063904124e-01
5.496402563677306174e-01
6.972384694698553487e-01
3.192176913961782825e-01
4.546010912054975761e-01
4.043092070692939077e-01
3.347719816447694563e-01
8.131940164045240449e-01
6.018941516671422187e-01
2.011260398942899541e-01
3.530139356386648997e-01
2.450895730399598182e-01
9.874476289786090488e-01
6.035412473949731682e-01
2.083109062874262118e-01
2.256819404279936325e+00
8.830055309153859167e-01
3.341611881542181917e-01
5.445344726334442331e-01
4.284929293299187814e-01
6.692701860482255238e-01
8.073998220380256274e-01
8.341616161669603846e-01
9.629095984591689028e-01
8.549727920873304576e-01
4.609855192227881315e-01
9.738872707776639048e-01
3.589101725318198932e-01
3.572500742816554498e-01
1.027802797968731863e+00
8.339503343877648911e-01
5.879049948266457104e-01
4.836171854916378465e-01
5.276472087574229919e-01
4.258380833054149495e-01
5.907507448533413363e-01
3.440589447276070634e-01
4.074561816170097495e-01
2.379815221502325218e-01
7.492467649517265960e-01
5.839782181596164801e-01
5.481430273673261189e-01
6.631291530585186056e-01
3.781772825538352034e-01
3.427668975495140047e-01
1.664949400247426881e-01
4.433567010213616544e-01
2.027900556569089963e-01
7.253132896600934520e-01
4.924998268115937661e-01
8.404211698800969632e-01
1.158603937612993295e+00
7.177582775662285641e-01
7.651590947719172364e-01
6.538937983273702681e-01
4.707864730587260071e-01
2.932763596121172878e-01
3.768298488348624797e-01
3.131173354784003160e-01
3.906368774090987483e-01
5.975783924097453070e-01
6.969470160773160172e-01
5.866559757662666019e-01
7.119407460553754952e-01
4.181519455165421117e-01
1.130521498568979988e+00
3.634217761056211526e-01
6.452921729244285309e-01
3.317919261083187576e-01
6.220354937148006025e-01
4.507403282114479381e-01
5.305255925718551646e-01
7.780279214467799020e-01
1.335247784783997860e+00
8.506501660908702966e-01
2.951565314637619730e-01
7.900256302530149766e-01
6.145921328583873189e-01
9.924412514077856073e-01
4.907396682717201641e-01
3.673144678834220911e-01
6.020944297137850176e-01
8.939241835651839940e-01
2.727132679426186312e-01
5.313136454134810283e-01
9.311083219065646732e-01
1.240335671641628945e+00
6.088091611305210815e-01
1.345990042097463757e+00
3.314748134848715666e-01
2.738856272769666922e-01
7.960412445360161016e-01
4.821295050756492784e-01
7.227376445788792347e-01
3.720202811742802096e-01
2.817370906527016938e-01
4.878199987074599009e-01
6.391891342001353449e-01
8.623818047265550124e-01
2.815405876075723901e-01
8.955876185243826226e-01
6.194878696181026489e-01
5.414987381860372206e-01
1.375140045114394693e+00
9.443645760901357988e-01
3.725521044094578516e-01
3.262002609658111174e-01
2.711541872308107504e-01
8.199303697174965544e-01
3.925682534371905952e-01
7.522231820360213428e-01
4.450087950402829007e-01
3.173120852159989069e-01
2.745725953194173563e-01
4.489048149465803550e-01
7.609240309114895240e-01
5.107032396400581487e-01
6.274209833328658892e-01
4.544679746157850864e-01
4.904871930526797374e-01
6.084315043236253606e-01
2.699942204034666560e-01
3.099847376963372758e-01
9.871634260512884840e-01
8.854354468658345301e-01
7.405122778316240995e-01
2.543811308945431282e+00
1.868596063245846706e+00
4.938641691846542559e-01
3.462529882915009183e-01
2.985054143354878287e-01
4.472849649380362669e-01
6.708977688039676757e-01
8.553896572000546650e-01
3.935481341772044117e-01
5.949813549468554452e-01
8.993555680827676202e-01
1.707053117656909536e-01
4.856375625606611512e-01
8.052926828488723432e-01
1.163858937015229827e-01
3.046540675168386003e-01
5.936570372670849638e-01
8.053867132971268550e-01
6.035082536434968059e-01
6.007662184926386706e-01
5.751386880939792778e-01
1.873708707897339121e-01
9.211066507610926601e-01
3.996777592983834504e-01
8.467608967602450187e-01
5.594478265535604011e-01
1.351725956061912148e+00
1.832851268265526468e+00
2.609841350197240395e+00
7.054776450260650256e-01
1.004480311298980855e+00
1.055605961207057852e+00
7.468548897333112668e-01
3.734333677770416693e-01
5.728099171190975669e-01
3.884443808244421037e-01
7.001681519156591760e-01
5.549848379622441819e-01
2.472159856361367050e-02
3.613699278925194269e-01
3.022963160639327018e-01
3.765047535771819942e-01
7.093311440960881065e-01
7.037254840593525351e-01
2.958399918851320476e-01
3.987384242072518625e-01
5.221758700638648998e-01
4.296192000511778741e-01
1.368044753987659456e+00
3.666035744742242586e-01
1.121729812494993705e+00
4.872368377202476730e-01
5.203981414228138203e-01
1.275024853638244138e-01
4.175007721215860945e-01
7.809101616715217187e-01
7.284539971121695157e-01
9.140795434747015502e-01
7.180746824397941097e-01
3.167494117249373131e-01
4.905888830475070295e-01
4.563583320432617607e-01
9.203608890398856657e-01
2.040346752767048799e-01
7.246908629778167077e-01
7.041873304365284802e-01
1.313935133485531592e+00
6.955464342828033830e-01
4.690997244744244954e-01
5.450177227358377063e-01
5.816477767074392791e-01
4.955412831871758850e-01
4.569136669848963272e-01
1.152770936070482755e+00
5.483948816050447927e-01
1.383935703959157992e+00
5.288903331920664641e-01
6.626983548922271705e-01
3.541878771830147543e-01
4.490994816178387472e-01
3.575728269596304409e-01
1.466169655617993450e-01
7.778070417274856041e-01
6.609663886621737205e-01
2.876759498210778587e-01
7.603575725440812061e-01
3.441708035868271121e-01
4.515146696804238635e-01
9.023727747948502576e-02
8.262875745936895111e-01
1.720543116566901343e-01
3.834238812415897146e-01
4.540859432527656891e-01
4.577602529604548609e-01
5.267333220313845654e-01
4.945014639702904335e-01
6.003836820695346299e-01
4.004457875292627422e-01
7.635799408461609872e-01
8.074322154968676113e-01
7.199140607884957355e-01
4.185106441568589575e-01
6.649312927986035238e-01
4.739544190401958068e-01
4.804028005277803937e-01
3.532985326848543384e-01
3.374258430321877555e-01
3.003753493407835817e-01
4.239064900526403612e-01
6.590802005714511136e-01
7.292513142370604662e-01
6.210013873665649609e-01
8.488722439358330485e-01
1.299310405411596259e+00
2.802983561928030776e-01
4.594135133438430052e-01
3.476301355050083752e-01
4.784730547850737925e-01
7.337147433354456183e-01
1.934909733563012213e-01
9.006294441521880412e-01
6.188323040771865902e-01
3.870903623570729479e-01
3.872924456175999564e-01
4.086519133068389764e-01
8.188461950867558237e-01
3.674695016024456806e-01
3.713370883650531917e-01
8.934613305436676922e-02
7.222704257112453341e-01
2.289444262021858856e-01
4.928322783862466028e-01
4.524287160670940056e-01
4.407125186525532867e-01
5.502799123595394359e-01
4.896435314719603804e-01
6.683004272558340508e-01
7.491557577199603468e-01
5.607586566730385913e-01
5.237297654229308153e-01
5.188878840249533386e-01
5.959074329841016482e-01
5.185715665155774534e-01
3.134096899910098211e-01
6.992981640778422880e-01
1.322428004279009528e+00
2.885993002441895050e-01
5.329942982474773494e-01
5.040304088323445120e-01
3.249144209174037456e-01
3.676473522733105792e-01
5.177093397602644531e-01
1.420577141714767455e+00
1.027253942719860147e+00
1.306937219429725960e+00
2.920593248292748245e-01
4.450252934004572669e-01
5.804562429686043190e-01
4.127442011281048928e-01
1.007637763893606486e+00
3.443459850278604018e-01
7.783968123030754471e-01
5.234714156067056257e-01
6.094302897268102370e-01
3.583233567027594990e-01
3.448039106587072467e-01
2.228387917443545863e-01
1.876697316385030345e-01
8.920311350343974599e-01
3.932685256975926302e-01
5.388328555418796517e-01
2.386391480172067869e-01
2.679622762805597969e-01
8.616100039195959681e-01
7.295826908510861797e-01
4.389817725103460910e-01
5.004751540099193763e-01
2.537745999890042570e-01
5.957640737971535705e-01
5.895030353683277102e-01
5.687469307270164309e-01
6.218017034042472302e-01
6.649330663270915931e-01
8.662704678185566554e-01
8.437665420432092223e-01
4.680566894630512342e-01
5.843431168833871370e-01
5.636314979156652472e-01
1.417625356855952146e-01
7.199989916422951941e-01
2.499171408523882254e-01
7.557416947325082957e-01
5.368333040621525720e-01
4.124819168877884024e-01
5.126559371613933491e-01
2.915882950172660748e-01
4.483814181856695669e-01
7.453799460084210571e-01
1.066520125330373325e+00
4.872926641603849141e-01
9.779598841400940490e-01
2.749877350112932550e-01
4.833728976103510155e-01
8.978217208317313958e-01
5.880773828129848280e-01
3.982493686761510165e-01
2.779839738907908253e-01
7.033590507242686030e-02
6.524696421805666890e-01
6.723611548099240887e-01
7.837165965620479513e-01
8.148339692822313962e-01
4.155069079233732476e-01
2.277413036199515128e-01
7.712143824858201935e-01
1.013372664609363483e+00
4.977351327311259066e-01
5.951573268739592804e-01
4.249373138233993319e-01
8.337205518765021806e-01
8.839031109760694394e-01
5.741383140150423392e-01
9.723043401646723760e-01
1.908102505763725754e-01
9.372041500445611739e-02
5.667307723561541000e-01
4.261099556404978617e-01
3.895507073612876070e-01
3.302968261830770969e-01
1.291345396744387086e+00
1.230634679444232216e+00
4.861778295169162378e-01
4.341217827544610053e-01
6.429189151175177530e-01
8.597735331550445670e-01
6.619494517588787597e-01
7.146625615846471380e-01
7.641154289144844736e-01
6.098256344243324634e-01
2.093832750662170950e-01
2.368506430392950945e-01
8.723895762373288232e-01
4.231433009706540571e-01
6.246263891475060115e-01
6.664996480058491546e-01
5.240348724563347327e-01
3.892949372138087560e-01
3.163594684783367361e-01
5.793279229497718674e-01
4.223392943628347385e-01
4.563634697645219118e-01
5.254828433893741213e-01
5.040552069365018539e-01
6.900344878873444499e-01
9.949617903804536256e-01
2.076441317950394327e-01
1.944333367862113027e-01
7.219726615165998895e-01
2.438246824765513410e-01
2.118173340332829002e-01
2.578233351721053168e-01
8.003518696764742035e-01
5.058441879887681791e-01
8.954661908461566400e-01
3.536110211640621226e-01
4.130466873874789058e-01
7.296938235393211070e-01
6.904978925094501507e-01
3.712980765810028894e-01
4.898659964528904176e-01
1.080480530542666351e+00
6.777202150808946390e-01
6.614547115253858189e-01
4.390371266131614658e-01
4.940105267601254124e-01
9.686579263373440440e-01
5.611551671022387833e-01
1.916021289787035176e-01
4.946179882460705612e-01
2.568338470265170703e-01
5.865287181974333519e-01
8.004450295107461422e-01
6.764629692289005902e-01
6.680596056711112229e-01
5.702829140413196995e-01
3.598669884744729597e-01
3.199120466570201105e-01
2.067563458454894920e-01
6.139277130313474107e-01
1.045360563956820865e+00
3.014577322204573528e-01
3.002228547755987909e-01
1.082873252197283254e+00
6.035335811331230538e-01
5.553939948011804573e-01
1.097685274713441350e+00
6.498196262352259334e-01
4.739932171735771194e-01
7.258923873944417293e-01
4.421435091972292231e-01
4.930939506732742728e-01
7.408391873925619375e-01
8.660632947134051518e-01
4.671406941261050938e-01
6.159356059819550699e-01
1.122122853881419413e+00
4.779426409597794523e-01
3.147717541981501777e-01
2.852526430781143318e+00
1.149320256145871078e+00
6.411809909321636303e-01
6.111152501210088683e-01
9.561085801097228831e-01
5.921138199807558511e-01
8.593867479271501963e-01
2.236553366781803553e-01
3.757740748382698559e-01
7.261332386350202173e-01
3.711551849929696223e-01
4.376153538702120538e-01
4.871319393240484685e-01
7.924194292231511172e-01
6.510773139362719952e-01
1.034419379895394009e+00
1.582260125962988151e-01
6.359059818210981430e-01
2.224063744801665354e-01
4.449045601380279269e-01
3.623683714832264813e-01
4.471556660721494048e-01
7.831477346320860899e-01
5.665430034305207752e-01
3.613235398864743653e-01
4.225207848491797091e-01
4.207345398714393836e-01
2.718974245175268534e-01
2.583786237780068551e-01
1.792276188874335485e+00
1.296474559870271381e+00
9.860206620839160330e-01
1.074599468070566610e+00
4.885350934380819354e-01
9.700609117322503971e-01
8.015355566329417369e-01
5.547210587780965207e-01
1.011292465875799129e+00
2.687989332022156508e-01
1.260598587416289718e+00
1.260198626455232951e+00
4.527093700432246459e-01
4.318222457206444265e-01
9.880966212129285164e-01
9.484785521464115243e-01
3.990303329006303912e-01
9.820859825542368471e-01
6.580020852128327657e-01
6.161485461474194292e-01
8.351554000313723414e-01
6.116549657861437561e-01
5.418106272625504705e-01
1.173830644500376552e+00
6.095033807374625745e-01
7.870800570731892876e-01
5.700368932170805092e-01
2.019420996150686598e+00
3.972282365188500308e-01
4.305283138568208323e-01
5.223449730419517101e-01
4.261729535379795708e-01
4.037781708387235824e-01
1.106681951241720863e-01
4.926360064642318348e-01
2.870165853701601710e-01
8.042591157657984491e-01
1.607563981271433184e-01
6.394732553227352456e-01
6.703662338122614583e-01
4.917604086902365723e-01
5.717246294570663689e-01
3.898828451190217703e-01
4.394898294304390163e-01
1.000432057151794840e+00
3.552298023793687420e-01
2.171735258800899515e-01
7.939324508212022291e-01
7.456509370000247161e-01
4.480337711297178171e-01
5.031468495268051067e-01
8.341843393317468491e-01
1.069120356558162843e+00
5.187990577723116115e-01
7.007371419703779525e-01
6.372067066187351303e-01
7.808652404860653151e-01
4.840206592753992787e-01
6.070659352921506935e-01
5.974277384686618175e-01
6.661022415015195319e-01
7.488579447828743740e-01
1.639107577530592164e-01
3.870447310934490015e-01
3.093247257688178098e-01
4.408043745278781844e-01
1.062963531987126675e+00
3.740742652475694818e-01
4.399640098607250915e-01
7.542335480401342052e-01
1.007289866090147923e+00
1.971670323731378183e-01
6.894513986745679501e-01
4.548018380022870177e-01
3.243655437338481273e-01
7.811503814637249521e-01
1.242743156459084952e+00
8.215505046487255880e-01
7.239027327421383440e-01
9.782892462055263749e-01
1.448185782656774334e+00
1.551681914627387027e+00
2.605680429643255080e-01
4.367865265916701656e-01
3.166666679112088434e-01
3.407937061854933170e-01
3.389602313354579954e-01
7.376759858947217197e-01
4.106958449761364260e-01
2.720893161107325042e-01
6.611587234367412025e-01
3.035063690174615025e-02
6.123608160211680973e-01
2.889062171413598334e-01
2.997321819662568387e-01
1.045850385984160802e+00
5.946096589131130150e-01
6.311456921426914501e-01
6.283138922041998642e-01
1.833917945512411052e-01
5.210192264654930350e-01
7.485305700564408582e-01
4.860809979587817908e-01
5.100517022706686499e-01
4.220091647294128556e-01
6.683176873006154706e-01
3.246011645574000126e-01
1.459268909683535675e-01
1.094112448497007284e+00
1.098897180191275857e-01
1.103672408297532298e-01
8.020516704824002252e-01
7.804107615789820374e-01
5.863989481034628248e-01
5.424082534745882089e-01
4.157301854910880334e-01
9.352033363857841231e-01
7.839229955191654442e-01
1.073369652896643434e+00
7.180811217797777868e-01
4.738103076911612255e-01
2.078329230114154547e-01
3.462679154510683310e-01
2.981707884412080900e-01
2.746711826490666475e-01
3.478264584199696752e-01
4.390707200376203767e-02
3.803745841616191226e-01
3.200889471163180511e-02
3.623718989233813970e-01
5.011231303941365844e-01
4.964893841986884326e-01
5.143637230646103120e-01
2.012534334831135863e-01
2.140952461123614980e-01
6.302455821633767830e-01
6.794694874326305811e-01
5.093087241837163104e-01
4.711745731298411233e-01
4.747094627047880322e-01
5.738668831383418878e-01
1.318533542310032225e-01
8.824469516485535792e-01
6.744870126502091612e-01
6.326335210557234578e-01
5.705905664224812934e-01
6.657886256921994317e-01
4.615894086834521626e-01
5.314510215881651511e-01
4.477159984342611865e-01
4.343445337602808709e-01
3.575241096766398896e-01
5.390834215294365572e-01
3.739982254110914561e-01
4.507890551448104910e-01
5.447398204919352560e-01
8.438258646705160126e-01
5.583485342998942835e-01
5.007020261655391602e-01
1.307655875152329839e-01
2.353258948152275876e-01
2.079581310656079540e-01
2.691703551380323356e-01
1.189943201695621067e+00
3.569543221708008640e-01
2.959687171386854998e-01
6.450550767742219138e-01
2.307493005819976073e-01
2.847904655526860562e-01
3.702533794155466462e-01
7.453878555926197746e-01
7.575710454012209993e-01
4.689894077529034866e-01
1.584723422307128482e+00
1.706492291294892383e-01
2.934007749008051835e-01
9.287796457547925488e-01
3.518603569197987224e-01
1.538468242813408215e+00
6.600023085527764177e-01
3.810767184759122905e-01
3.037558129652940253e-01
5.715868547457523263e-01
6.946075260164993326e-01
7.082322758248499328e-01
1.027909969534981816e+00
3.073417006986174371e-01
5.692920384988922056e-01
3.666078340006944658e-01
4.022533039099344676e-01
3.065648086893003055e-01
5.099334951806469007e-01
7.683127113333506619e-01
1.139091088020988962e-01
4.118583623432068852e-01
5.807711499149188494e-01
7.911294066321988838e-01
1.340472354622088691e-01
4.866420159579675775e-01
3.587652525443271734e-01
9.030075141898444291e-02
4.283274607646885834e-01
2.235094066492565590e-01
6.159531287639725960e-02
2.138888874042150778e-01
2.567328130426164701e-01
1.743912241923577244e-01
6.751699571807456834e-01
3.381944575385648633e-01
3.038127041899192360e-01
5.115600642745695703e-01
7.361676467868728535e-01
2.817787877322352474e-01
2.778011862736070037e-01
5.148958382943930046e-01
9.467419909418292034e-01
3.240388453306898286e-01
5.314924099684078529e-01
4.936019353121533504e-01
2.166039650608251599e-01
5.625694583410327798e-01
6.853755779982959040e-02
1.455100427693971854e+00
2.179787912922005744e-01
3.947141214193284342e-01
1.369725192734872754e-01
3.691182387074029569e-01
4.384861644763447530e-01
4.507068970312070322e-01
9.124525456985608241e-01
9.197976230543956078e-01
5.079656277855364443e-01
3.973263122819609694e-01
5.219766107854816317e-01
3.841273157481230327e-01
2.703625841284051368e-01
3.841364312638034795e-01
8.686650566271033602e-01
5.364512284714912926e-01
3.142375713235433521e-01
4.250440248023211187e-01
1.290073255556566933e-01
9.264073542148696383e-01
9.569155663825272828e-01
2.522099247708379788e-01
4.128993626710448783e-01
6.444109549863104025e-01
2.935446056725863340e-01
9.587990006046461788e-01
6.276283370609572199e-01
3.286261762445956691e-01
7.783806236603807438e-01
4.032050723816561488e-01
5.381748090017590691e-01
7.347294363967709074e-01
3.360426767926354419e-01
3.743647386289601364e-01
6.094125005701910291e-01
3.746327968487911386e-01
9.197714895110703504e-01
2.758147241818738049e-01
8.107596066098292642e-01
5.797918013241324386e-01
2.976122565098566208e-01
4.437600363101385503e-01
6.608727795479282241e-01
3.308847024269352954e-01
4.078490417517902089e-01
5.109735125189428517e-01
2.990926870623434874e-01
4.058052063487639360e-01
6.718574182785593818e-01
9.032601953149596019e-01
4.743512007318099744e-01
2.395769983171497641e-01
7.259138413092975917e-01
8.731217919835028429e-02
3.697351305186407644e-01
2.905397790402283187e-01
7.190480953171566325e-01
3.463625145171180253e-01
3.052095989901764117e-01
3.073882940685465082e-01
5.512815424949152332e-01
2.399288330035636296e-01
1.454870013811538909e-01
5.450822940815706064e-01
2.274047226836728997e-01
9.317719470815581939e-01
3.297174439098426446e-01
3.613207414250695915e-01
3.549293889805529290e-01
5.844510393149946470e-01
2.842687822532907194e-01
6.761659537099987682e-01
5.589687949841481984e-01
4.139741501006931612e-01
9.265026078482422323e-01
1.207687087890952915e+00
1.610323522270523222e+00
5.821310512219558531e-01
4.251715608060114837e-01
5.610627778450685277e-01
4.665312907277029963e-01
7.027331439089413712e-01
2.673858196780153351e-01
8.191291088962577849e-01
6.195191541590981954e-01
2.410003468091225232e-01
3.101549483034944377e-01
3.649937133758532348e-01
1.021453288323926623e-01
4.756964264228740191e-01
8.409348106026385272e-01
2.772480945241690975e-01
3.713771456512076630e-01
7.647333602243265860e-01
3.103405551254588279e-01
4.468629217407010246e-01
1.834692955237080259e-01
1.669526383010702775e+00
9.255120696867507046e-01
8.946297104281777379e-01
1.949517860332910635e+00
8.636871189663437587e-01
3.475634685137085067e-01
2.347699712061365185e-01
4.513729491163382956e-01
7.737105724128494622e-01
8.174683186594526862e-01
7.948560503213437656e-01
2.858139553763690555e-01
4.352878810699272738e-01
6.428148184437517676e-01
5.665714493316289513e-01
9.932155071218036202e-01
3.361852174962386974e-01
2.238227887221901080e-01
4.203175076096788421e-01
5.744413647758040975e-01
4.834106499808963342e-01
4.738512101130787912e-01
5.061917837614077209e-01
6.367540772730277965e-01
8.803964755499892325e-01
3.501164593848472006e-01
2.196823968578609787e-01
5.287751185376652341e-01
3.468993407639509030e-01
3.297984160251218877e-01
5.394292369101976181e-01
3.336051100780256795e-01
4.384886807166347156e-01
3.709368375327112832e-01
4.303626468569626828e-01
4.252092748926786236e-01
4.726604932053520836e-01
5.041775689949894446e-01
4.722347502161463040e-01
3.804349327637990275e-01
5.852379097562373511e-01
4.944201156462592617e-01
3.478689941431207799e-01
4.355636252587739565e-01
1.834174754201213231e+00
3.901052112309063569e-01
5.402988442791465395e-01
1.357615091676055652e+00
3.476069584672541457e-01
4.312024049995826225e-01
3.737319676946763147e-01
9.992597653343141539e-01
5.799316008860582183e-01
1.380478510919678659e+00
9.232642534361856779e-01
1.748633021321501502e-01
3.016447164782831147e-01
3.010224963845376522e-01
6.203477921120962302e-01
4.580814567114969149e-01
5.041254876071957769e-01
3.491852144910187472e-01
3.390495427827739383e-01
2.714288507896378544e-01
6.998104677458343303e-01
1.948063260763012727e-01
3.319486344495314323e-01
6.257721347826856739e-01
3.251257058390394361e-01
5.887404009917511782e-01
3.155878409355871161e-01
1.462257545812637005e+00
5.509717801956972583e-01
7.603175162115832775e-01
4.332620093974167697e-01
3.701702778620153400e-01
5.272875656314286452e-01
5.743638632595536864e-01
3.263669851751916373e-01
7.486284956640861799e-01
5.404450365848154636e-01
5.898124344824340337e-01
1.122637577892908967e+00
7.341353987268244286e-01
1.890944304068253867e-01
2.124743232889318434e-01
2.824468785480012678e-01
5.090619729338425881e-01
3.825755711678928694e-01
7.341940177694713521e-01
8.778261030331002690e-01
6.615530047971605043e-01
3.638380721242440718e-01
6.027598551606124788e-01
5.052228146767718808e-01
5.343818054182577493e-01
2.959756625993917312e-01
8.747355035540432810e-01
4.721706022937454117e-01
2.949095953385772462e-01
1.540435198028720920e-01
4.492897592541036933e-01
4.100823181514194338e-01
5.038519307317050888e-01
1.227213520970694471e+00
1.633391966949481744e-01
1.851772015986720699e-01
6.594975094776321933e-01
2.941075373991971498e-01
3.358174583523753642e-01
2.090161548855783702e-01
3.963837241802035116e-01
2.243793039811992351e-01
3.963806362644995973e-01
6.715737621261614887e-01
4.742304255786057854e-01
3.396940523469901274e-01
5.290378272359005374e-01
3.201425969036963415e-01
3.843427059595506123e-01
8.162028577623497982e-01
3.933072361029041342e-01
6.702160128578600329e-01
6.738257043840760740e-01
3.817350344608910206e-01
3.338917450031494427e-01
4.098685553338455301e-01
3.723741979483569664e-01
1.137083970189179116e-01
9.001922922106274649e-01
1.265875649492252397e-01
3.060273543574781874e-01
1.143191541861456439e+00
3.498008800937464913e-01
2.878187800728619905e-01
5.809863971451060261e-01
3.996909455646906473e-01
3.534434981480503168e-01
2.941659005394130499e-01
2.251420263704293490e-01
5.030800995113139384e-01
3.287521031573686359e-01
4.149727300504744698e-01
4.494016131114172974e-01
6.740198080979614703e-01
5.090497050666505929e-01
5.281640602947406116e-01
6.697208962512281039e-01
5.105500673823387681e-01
7.555163123166490635e-01
7.111281253067764929e-01
3.042087202792299050e-01
9.778964531005797101e-01
3.743574764633506025e-01
4.367392509139299550e-01
3.292741140202405381e-01
2.996499843850206068e-01
3.226342440360550623e-01
6.423714353768558150e-01
4.071677389298226091e-01
7.905761083129713152e-01
5.992856020266600359e-01
7.357663872930784166e-01
4.096089019471715331e-01
3.356599824642242935e-01
1.028973280056355577e-01
3.343994244675945193e-01
8.096514904921396916e-01
3.461380947227780114e-01
4.129394677409506387e-01
3.834620199829656961e-01
3.641476567649843954e-01
5.087890635134686423e-01
5.202789009146380206e-01
6.698578245184103608e-01
7.978481248917885793e-01
1.767238612153952282e+00
2.894920177957085450e-01
5.974041000223421216e-01
7.449206920517577046e-01
4.188032930685395838e-01
4.554283079787552757e-01
4.226997381004618526e-01
1.205522405318615098e+00
7.422576147071822117e-01
5.244216677502773205e-01
5.407468184030795877e-01
4.981801448664799903e-01
2.400450693698260862e-01
4.905758177911355711e-01
9.723205531377421273e-01
5.666927798306464759e-01
4.372763466391320075e-01
3.629091126993789218e-01
5.640068439249242838e-01
5.434732195113723963e-01
5.719339857721930098e-01
6.311135784185838427e-01
1.941036890845090068e-01
4.747253128137949862e-01
8.561850639532337937e-01
5.347312527823164796e-01
7.120593291069533537e-01
1.026793274704855125e-01
6.474219016621634015e-01
7.450045684519324141e-01
3.846698950218453983e-01
5.877886622367364255e-01
2.486415653534634618e-01
5.266336652860676981e-01
6.916565720786087557e-01
5.772300440073183658e-01
1.139359044648262431e+00
2.917631376416048861e-01
2.745319528029463441e-01
5.210265684142456610e-01
6.383641134730354549e-01
3.341755221752620297e-01
1.115445969249795777e+00
1.088012152548972544e+00
2.793619672400718401e-01
3.828569719636856772e-01
2.386889234446827879e-01
4.719702805957101677e-01
4.885397551455151199e-01
7.834141298220022032e-01
4.121817364410085838e-01
6.167248489358151398e-01
4.519560636504464379e-01
7.804813958124369178e-01
1.131610796025566357e+00
8.988764069936231449e-01
1.043134831230516646e+00
9.109253254017081192e-01
4.458026704841581145e-01
3.470752375392330280e-01
2.991690783443843316e-01
5.329962958810244844e-01
4.328597784827856176e-01
1.781714890155284003e-01
7.725991966213029416e-01
1.944672280027695821e-01
6.823532050275177285e-01
2.780158624708263249e-01
6.686436481184943048e-01
6.930482422453769775e-01
6.065249531927993099e-01
6.902010621808999380e-01
5.047581096026932945e-01
5.248473368882285994e-01
2.689028637281261624e-01
4.791984320039515133e-01
5.975072134786605371e-01
2.984274809696513264e-01
3.447921539293876680e-01
2.415113154308829724e-01
4.733257897152567950e-01
8.883057277272209395e-01
1.943195622853375049e-01
5.227841728472747418e-01
3.681834056629876839e-01
6.672788917851155688e-01
8.203934495639371161e-01
2.446251325033810264e-01
7.119294939378647546e-01
1.625397383567228904e-01
4.004720704454391988e-01
6.741737574546960987e-01
4.805214769595195223e-01
3.704405630237626035e-01
1.688799441616639363e-01
2.862795530111418296e-01
5.665977881716690590e-01
1.777606241034823398e-01
1.949545111129153407e-01
1.554028384792708051e-01
6.717727993539642783e-01
6.055945437322723945e-01
2.334964806592490782e-01
3.348843758766725798e-01
2.754466271588208448e-01
9.258649330273199807e-01
9.098837029952961952e-01
5.628025045267648352e-01
4.876701684391007152e-01
4.943802418648275965e-01
4.660835234559618234e-01
7.285824535898700882e-02
1.826193378075968710e-01
3.781724110245066606e-01
4.764470822486981394e-01
3.987154959482712147e-01
2.735226167505333539e-01
4.499346227086853944e-01
5.687296022144580077e-01
2.452663527541210642e-01
6.124845611717025795e-01
1.433848108418151468e-01
3.350734330000305072e-01
1.812232818179909111e-01
7.122468365284087000e-01
9.585549721761154052e-01
3.315734395646940946e-01
2.695897948379605280e-01
4.920835078250800354e-01
3.880862247334735393e-01
1.822937170271116125e-01
8.303920555130154257e-01
2.541067583167979649e-01
5.713666464131488265e-01
8.193602202629830522e-01
4.297939481235134584e-01
4.717924554774797219e-01
5.586089942742549219e-01
2.433741039019700070e-01
2.355672186140418400e-01
5.237637753593743506e-01
7.338356659448235231e-01
3.492747680907324348e-01
8.365359660451503476e-01
9.316580062277256546e-01
5.126538172545216376e-01
5.467065818356087181e-01
8.353583127060870694e-01
7.606366908872268517e-01
5.929060954643630144e-01
4.262588554168633692e-01
1.622304323314884833e+00
1.407465639149365844e+00
4.958537582835331747e-01
1.785640658759944932e-01
2.375858732428600684e-01
3.243220395896233565e-01
4.512544215755158183e-01
3.817637297189420131e-01
2.196727133178435765e-01
2.548050367505360625e-01
3.544981031459928378e-01
4.243169750594498746e-01
1.843366854896884288e-01
3.276402540902273453e-01
2.769508076103792127e-01
4.558149397825189686e-01
5.420902053889842254e-01
7.176780523803820699e-01
5.503497566741997193e-01
4.785075735528246943e-01
2.377848440579621303e-01
4.699626386526746802e-01
2.847961991486151478e-01
2.080942612658499558e-01
9.849283150474511528e-01
7.402917847722576550e-01
2.056380801060082308e-01
1.001499185027827199e+00
1.003356889339865665e+00
3.772462536844594094e-01
4.783665938243005233e-01
6.025887322990353123e-01
3.162156130844160917e-01
4.728157500505510979e-01
4.131017930597822296e-01
2.672767601094582779e-01
3.611633243758215484e-01
5.597413651588373229e-01
5.268509509758578790e-01
2.843391742197632355e-01
5.021553882655565015e-01
3.959397544473700625e-01
1.000809548796507270e-01
2.746711601777928058e-01
5.461542070159658424e-01
4.109954843251304446e-01
3.606413554663322474e-01
3.928947669013835298e-01
7.240221349950637375e-01
3.513971753314539259e-01
3.426378669717712322e-01
3.809069311063070784e-01
5.510287120705837927e-01
7.955126496698763372e-01
3.016451768124419619e-01
3.663218203532931927e-01
4.627357683299870850e-01
7.519634863378280576e-01
6.388982733359649391e-01
5.714251111143049400e-01
6.093151749025282199e-02
1.556398500314577271e+00
4.383985300036710164e-01
2.531080798386075581e-01
1.745538879105700270e-01
2.842543421282003879e-01
5.034220337305544968e-01
3.101679550640152883e-01
2.910577717839100687e-01
5.451998180292224605e-01
1.662986530400575869e-01
6.994998144511986871e-01
4.263059027834601444e-01
4.968531097765890858e-01
5.298453384461512261e-01
3.914413573300836724e-01
4.588325026593420009e-01
5.314917818063190635e-01
2.113296759991419305e-01
5.106019771267990004e-01
7.507758024658112150e-01
5.448079136522553378e-01
9.452776818227904831e-01
3.123762980652578403e+00
7.613471491509943290e-01
3.807975486469847293e-01
3.461150920428406330e-01
1.219759011614330868e+00
2.709201405196325352e-01
5.447723856641797369e-01
5.941074222990680997e-01
1.294063955804991339e+00
2.920658614001582221e-01
4.447847845844298265e-01
4.518945936640418881e-01
4.305470440594466597e-01
3.015446820282993157e-01
1.669984980721054557e-01
3.243117894136781088e-01
4.497272685806337211e-01
6.567125824093351660e-01
2.047481324813464065e-01
3.127180654130372606e-01
9.890338923352264278e-01
1.058836609870820622e+00
3.255286063916370543e-01
4.365606970096359007e-01
6.045326531737336140e-01
4.925963152068170703e-01
8.037840648283570699e-01
1.010777095662791059e+00
3.700288956415959674e-01
5.004846853387602268e-01
2.091568185425100312e-01
4.891546910419490857e-01
2.893234960869544015e-01
3.041039775556052538e-01
5.752523585247331095e-01
4.857888348310408499e-01
4.286761949556221474e-01
4.144867582484542123e-01
3.177044582071872347e-01
9.811994473590489596e-01
5.385515103675372339e-01
4.478740114711325382e-01
7.193550067953088378e-01
7.551762707130652563e-01
6.066544299878998681e-01
4.130761693298633519e-01
4.966424529762605289e-01
5.020093455032480501e-01
5.311076790346724863e-01
7.231756782317814158e-01
5.629943641327364023e-01
3.522306909044880530e-01
4.658124897528847508e-01
6.288562967816926363e-01
6.089648294354931268e-01
3.314775830597853634e-01
4.398598888323682621e-01
6.729954919295963456e-02
6.099728361528375942e-01
9.554041302277587189e-01
8.034752218685513592e-01
2.974358388094165973e-01
4.224722685911718179e-01
1.056527738172992725e+00
8.583516263002849422e-01
5.851874641572701874e-01
3.440404337177170313e-01
3.586905174399383500e-01
4.517702187863559260e-01
4.388234032546387553e-01
6.137671284814746331e-01
1.189065586565382748e+00
4.227859930461514565e-02
1.159026205156262757e-01
3.503322798522058856e-01
4.645001006752161876e-01
6.231965484973446268e-01
1.145493591365959185e+00
2.822514423157975738e-01
2.555803781974916311e-01
2.853061631419266941e-01
8.835908426777666635e-01
2.583326419597788970e-01
6.828761038742026113e-01
5.633849912426489581e-01
4.242108256611443751e-01
7.160243914187337522e-01
2.123965748590887492e-01
3.496003900508363182e-01
1.918931597107876308e-01
7.553380347150550067e-01
5.884900166757436324e-01
4.289710747454137940e-01
3.481358224220545972e-01
4.568464307765302546e-01
4.197024427693682447e-01
2.374534124761423226e-01
2.112689862621016101e-01
3.043422457649356816e-01
1.101176469050133777e+00
2.244569665337373676e-01
7.059016192871450102e-01
2.781205392540620491e-01
2.506595531770271501e-01
5.109833034700878018e-01
3.963231714947376694e-01
7.093416175690933079e-01
7.606863968250254793e-01
4.808025400518437520e-01
6.576718199232582940e-01
5.397821572225418585e-01
1.863813193202249474e-01
6.618719987528599580e-01
2.036950215724284974e-01
3.374536156987433810e-01
8.148110756738461413e-01
4.965322159958693304e-01
2.763105764375566320e-01
3.033788602636920961e-01
4.490924811165756814e-01
6.785345679031947741e-01
4.711280449557619932e-01
3.860342409345051684e-01
3.285708610695815546e-01
2.424955322805161240e-01
2.767151121316961393e-01
5.868891601385892720e-01
4.356305543258661150e-01
1.034201607870045336e+00
5.919111288968850193e-01
6.160850993745300430e-01
4.325271399775171832e-01
5.774415566350938889e-01
5.422135073834446484e-01
7.871267610611819565e-01
6.161975478999593969e-01
1.990575980014724911e-01
6.608387446079034833e-01
2.703853259167278145e-01
1.785616916489967121e-01
6.071948208803074065e-01
1.735618850263578761e+00
9.922613589789004707e-02
8.033945152139060353e-01
2.462257021131283585e-01
2.749729613151822849e-01
4.671785408874792322e-01
2.618324372206708439e-01
8.032094846458706083e-01
6.327373666268791830e-01
5.996514068409658504e-01
2.291783853958961892e-01
5.083548023784861813e-01
2.112439201665352040e-01
3.055603336734024622e-01
2.155883178733622174e-01
5.969758582871625974e-01
1.951214536779033448e-01
5.454445895532359367e-01
1.704003456193433630e-01
4.159616593513646987e-01
2.391538344160831497e-01
9.518238371532390385e-01
7.499945088996371467e-01
7.914534783363613712e-01
8.478269391609762895e-01
6.161456134673120033e-01
6.499093691299669961e-01
3.199569501928553050e-01
2.637685646063510636e-01
6.522070317946924156e-01
8.014064471686839219e-01
3.838648438994489709e-01
6.691101373224658255e-01
8.572538668610693025e-01
2.920400320099660885e-01
5.874639639524907864e-01
6.371155047049310571e-01
6.469314074570080564e-01
7.653982444869610324e-01
3.041613434714021680e-01
2.015624369421369078e-01
2.105370957140475507e+00
1.615576792070098966e+00
4.248228883838555681e-01
4.174980916787690011e-01
2.742458819636302558e-01
1.862355997306007205e-01
7.496088555736865056e-01
3.719462975686642081e-01
5.877727843073285996e-01
4.289289124284790811e-01
4.827629039091708707e-01
3.552670570325437427e-01
2.259420788470845598e-01
3.223048633143488217e-01
6.341126356517408080e-01
3.438196688602991880e-01
4.339400367188286367e-01
6.276984862667004395e-01
8.132064917898665923e-01
3.415615472555620924e-01
4.771147733707404304e-01
2.172483333400979377e-01
2.400799633108398057e-01
6.058886231603577421e-01
4.648011839611718710e-01
6.453607342401820324e-01
6.343141034353787511e-01
3.431032368060448756e-01
2.247714014530281246e-01
4.753752380814436629e-01
1.861568683604900021e-01
2.770455905333433777e-01
2.286804374725133482e-01
7.389262800824345501e-01
4.939944000384196565e-01
3.399763472495541672e-01
2.439859794427909900e-01
5.404751165975155702e-01
2.774590311819066790e-01
5.623076995964056968e-01
8.826046606947915985e-01
1.152626368641352705e+00
4.366228460399294020e-01
5.204496109455176711e-01
7.771596843366779250e-01
3.893566710533450381e-01
8.467149861219800400e-01
3.094405380985014442e-02
7.377199199331239132e-01
4.956157837444313818e-01
5.364970999714097077e-01
1.442929905937085644e-01
1.081593291946823538e-03
7.939773875229425570e-01
2.995175415903630900e-01
4.667191113479166042e-01
9.650327822839135372e-01
9.598174203481576461e-01
9.150769301338966821e-01
3.596586496402280897e-01
3.714375847184155921e-01
4.326918882566194169e-01
1.877489963447906141e-01
2.095451824034995081e-01
4.078685044093096623e-01
2.130262858252526537e-01
2.879671976539127654e-01
1.019710703282862285e+00
4.102673460437088471e-01
5.568247015775170672e-01
4.432365359780534586e-01
4.597346240896658665e-01
8.838338989149525649e-01
2.487111377132338597e-01
2.596003838068954850e-01
5.145614692664300938e-01
5.340900173997693567e-01
1.669102337393864322e-01
2.238614132053215466e-01
8.220051970150803466e-01
2.317137836599066358e-01
5.475449835367843798e-01
5.067388219520028159e-01
1.963156829309912199e-01
2.442384754041301564e-01
2.964136899777047307e-01
2.750161288636256973e-01
4.871686279359136451e-01
2.358789671079014882e-01
3.438404803314858427e-01
8.805315823151200760e-01
9.312327374973503602e-01
4.637391824017053632e-01
1.811905380467933591e-01
2.311891566596801784e-01
3.238132881282008713e-01
5.416026388282836335e-01
6.863382992822081308e-01
7.677378517471821207e-01
2.759305731093202874e-01
5.219269689148632319e-01
3.627194986330838589e+00
3.738046132231064855e-01
5.439817617899235236e-01
4.425977289060670228e-01
4.389666064233384013e-01
4.441987171979509541e-01
1.299390006743467441e-01
2.383636189387154658e-01
7.611330499962812857e-01
5.651201636836857833e-01
1.431020723875898737e-01
1.517971430225347473e-01
6.093400179839951747e-01
6.120265387211942798e-01
1.001033612118283234e+00
6.087761909426283591e-01
6.338280995721878863e-01
3.453559165285919330e-01
4.930189573374361145e-01
5.418513997496987589e-01
3.518213029869061148e-01
2.948874453715778499e-01
3.378765612985067390e-01
2.308610939727366029e-01
6.702309196565674476e-01
2.092946878429397806e-01
9.383245535794486614e-01
4.387765776115103850e-02
7.074668347548811465e-01
6.775496379090892862e-01
2.084604960323379608e-01
3.983955038228531031e-01
2.141425311926703212e-01
2.719827446153118000e-01
1.118544733219486220e+00
8.609042915111354555e-01
8.218474964320706677e-01
1.010984045276233978e+00
1.961019111847315533e-01
2.549012112521373830e-01
3.914965019386782985e-01
4.884896318146655925e-01
3.785344267846901811e-01
3.101435036287545355e-01
6.813662774999867944e-01
7.430288020397677329e-01
4.452529714357525981e-01
1.889801308114892886e-01
3.035851261599328277e-01
1.595364970375574010e-01
2.665073400381587909e-01
4.729295361521353991e-01
5.853597112886023135e-01
6.532146158782959899e-01
7.243770347166866852e-01
3.730047551211204682e-01
5.500473441362864202e-01
5.083534619472805938e-01
3.653114840746348180e-01
5.916955566384698439e-01
2.578029697430341272e-01
3.558891090800266888e-01
4.269869296050815555e-01
5.010305402006115516e-01
5.799895398714698391e-01
1.437266725615073126e-01
