4.957302237636393438e-01
1.071221093594082463e+00
4.725620218218135049e-01
1.258254850313641260e+00
4.291408027050809815e-01
2.266337073036398808e-01
7.387937779219686529e-01
1.310773162748895215e+00
1.292902346006232328e+00
7.491046322987473527e-01
8.222885085140189121e-01
1.248578254370077856e+00
1.001835825438469829e+00
7.903864452647020311e-01
8.855607516813475133e-01
1.460423537729892640e+00
7.299521385060757650e-01
7.034690273228955126e-01
8.360101209247734477e-01
1.685861301840087645e+00
1.945057548657337376e+00
1.579569609013734777e+00
1.437850936426551263e+00
1.248236274290268177e+00
7.977154660148880749e-01
1.232624290239654696e+00
1.200010720664101527e+00
4.939392850200576279e-01
1.689045565012409877e+00
3.603933984305272009e+00
1.568243095777588358e+00
4.280478975008014664e-01
1.934641369437408498e+00
1.550488737586731336e+00
3.135836198298998845e+00
1.462014331291691116e+00
2.289155380382215998e+00
3.066688727727180819e+00
9.338000430137632923e-01
1.273914817865269722e+00
2.159777189111780515e+00
4.114525309432624844e+00
1.382900952547085449e+00
1.306549764132394209e+00
8.656236649982940179e-01
5.787699712140090824e-01
4.262035971235690335e-01
8.396003106188214549e-01
3.458124510081485581e-01
1.905282189521962932e+00
3.719516985779785845e+00
2.441826052877337894e+00
2.596088111023579170e+00
1.596409669366671613e+00
1.496980563385256202e+00
2.403542361745580891e+00
1.459476574878940669e+00
1.402503588135064927e+00
1.085770775463021032e+00
1.196913504852056942e+00
2.071524495359400309e+00
3.389241951281119380e+00
1.084459438246113239e+00
6.328748852551239201e-01
1.129030758343865903e+00
9.579138160541449398e-01
4.998705828484880653e-01
4.535161199673944377e-01
1.533524898462003794e+00
1.915226411796596029e+00
5.987696510732392063e-01
5.179168670318604617e-01
9.062276000590153702e-01
6.396235740726959884e-01
8.092181688854501731e-01
3.141717135226968161e+00
2.483714589313557486e+00
2.205390885004288481e+00
1.503053633603157913e+00
1.157578835208113111e+00
1.213721734927809992e+00
1.886608179626866555e+00
5.027055025332008986e-01
2.812711059927497814e+00
2.243887736398239685e+00
9.610109293340680647e-01
2.016038858188799576e+00
2.064398322116818285e+00
1.694734734388551267e+00
2.440881255197816735e+00
2.928004464381006589e+00
1.444052068409203526e+00
1.672100152766642811e+00
2.066753741986224746e+00
1.455942133448338893e+00
2.624963277030893494e+00
3.665211200455249507e+00
2.318582594890703064e+00
1.460550330017071241e+00
2.156025787874968902e+00
3.014204520921728747e+00
1.058179346760845352e+00
6.376410531834868500e-01
1.884510748428050331e+00
1.564860505674378066e+00
2.044206347352615083e+00
4.466707306217710283e+00
1.069793644688692202e+00
6.606779318994805417e-01
3.784626044812541501e+00
3.275310761477886246e+00
1.631815266576500667e+00
1.437572660922334267e+00
5.602341019631773555e-01
1.126422681780627766e+00
3.953600725090023360e+00
1.437326276156146498e+00
1.835927478248752021e+00
2.985707029857242567e+00
3.747938411135487868e+00
3.126580474749198313e+00
7.708339638020721418e-01
8.853665063678936020e-01
1.263977926537604546e+00
1.342645331273387477e+00
5.129050513670001532e-01
3.916885185942858838e-01
7.196001460764944735e-01
7.227375867701899548e-01
8.651421540338490868e-01
1.128431058281602173e+00
1.649604050859998283e+00
1.082881356765955649e+00
4.730045976896308235e-01
2.241918742262621667e+00
5.073806791672296201e-01
2.621127559307586008e+00
1.382554912124449142e+00
3.592910582252041518e+00
2.115211645241676486e+00
4.324988545075603597e+00
1.394939970907387083e+00
6.218858702850026399e-01
1.024769691310181363e+00
1.016189039491566470e+00
1.085503148425245756e+00
9.469321055240708107e-01
7.975102309002074508e-01
1.616059389202039620e+00
1.287510785167103933e+00
9.474210000601328563e-01
1.053914106052898925e+00
3.514475724333400830e+00
2.522486925597198226e+00
2.546030317884075522e+00
2.671476260891508137e+00
8.149433994888906074e-01
9.690294191444942529e-01
2.166159742466401195e+00
2.545201288256119909e+00
2.603352062540928991e+00
1.656544893423671727e+00
1.918659896009999644e+00
3.717353211101433463e-01
1.433789869362283698e+00
1.396829699181394435e+00
1.506932113434421350e+00
2.218709457878015101e+00
1.564038666365626717e+00
1.142353467384723764e+00
2.604193293607628856e+00
3.393332988369642145e+00
1.989928876440406613e+00
1.307701417776567787e+00
1.351517098233318892e+00
2.499147407783110175e+00
1.161305216525085005e+00
1.188881507446202912e+00
1.110544436445973338e+00
1.671087151008084248e+00
4.001124086963174786e-01
6.833017286482619967e-01
5.415081037487267102e-01
1.189471473145864877e+00
1.351352534275699346e+00
1.407452005424540298e+00
1.241559254405271151e+00
5.577761666788606520e-01
1.090206067921908994e+00
1.275586336675919030e+00
1.629287709360474068e+00
1.135695409829879265e+00
8.830781745488374135e-01
2.044778044872997302e+00
3.242640248180336471e+00
5.798391695553437586e-01
6.512580813618883413e-01
5.332918342592671834e+00
2.551583155262648450e+00
1.300318658476282696e+00
1.309059272250866046e+00
9.312679294190946422e-01
8.682094510857282232e-01
6.995611530973456782e-01
8.121497399833842445e-01
1.699536849144406059e+00
1.542965239336698380e+00
8.061021351245080124e-01
1.467955938424826190e+00
1.600300002089783291e+00
3.247685855375805897e+00
1.739186698219383098e+00
2.054371877720025719e+00
1.440074960385883784e+00
1.888186194363178361e+00
1.206305105960964630e+00
1.857581163435795490e+00
2.275081997502541142e+00
4.056790502611018923e+00
2.027500034416412689e+00
1.802133150760754310e+00
3.259017498845238947e+00
1.999278971572190811e+00
1.305906606616226595e+00
2.418662553619121969e+00
3.475269763618018093e+00
2.528141815812285031e+00
2.435905393520028106e+00
1.172031044541155920e+00
5.111443496529477493e-01
1.042653469039523051e+00
3.243477265178974278e+00
1.549157780555383113e+00
9.314801345386757303e-01
1.028783767326201692e+00
1.545140506193191321e+00
4.183738682538096221e-01
9.824672002415961725e-01
8.223272205804550428e-01
4.793773493749017844e-01
3.851242129734854247e-01
1.152269219053251748e+00
1.050711765225251337e+00
4.044956148671374763e-01
3.844412754739651716e-01
7.261118911540753729e-01
1.337825389721656544e+00
4.704661278621896647e-01
7.843086740899279929e-01
1.148914473185563168e+00
3.989001691063696620e-01
7.444688308984338532e-01
1.047696471757188386e+00
1.135137238020317074e+00
1.211165630042364771e+00
1.563039840617691301e+00
1.809073421366313328e+00
2.130086100690347539e+00
1.124072545977520932e+00
3.029895338374124947e+00
1.511835990936545304e+00
1.338508496350859778e+00
2.003622560431225885e+00
1.529863986903496675e+00
2.182142640317909610e+00
1.149747292277816024e+00
3.619819771756052629e-01
5.513219433255853730e-01
2.999918893188658675e+00
2.646406617698200847e+00
1.921980016480770992e+00
1.408612998041199216e+00
2.410569719142631406e+00
1.025924511042045184e+00
2.428607116313862058e+00
2.812653421387008024e+00
1.708706413616223774e+00
1.903446086187401853e+00
1.566465648175872305e+00
1.838222784071440685e+00
1.566326000548083464e+00
1.059578796940126466e+00
1.447440169584742531e+00
1.646570477354530881e+00
7.663146660704988067e-01
2.504281282710375756e+00
6.243906963452886538e-01
1.477768349272942094e+00
6.731439069190517932e-01
1.109597697133566652e-01
2.017947038789265513e+00
3.331631977872071548e+00
1.177012955996989962e+00
1.133042916902715858e+00
1.124353868257277345e+00
1.655315370064391445e+00
6.431552361846514243e-01
8.348078061174226683e-01
1.169390011744096292e+00
9.613538640000387492e-01
6.425523217252148145e-01
2.612709289395847567e-01
4.318319392577746885e-01
5.579821182364401722e-01
6.849800572933308906e-01
6.759173370008434434e-01
2.049077944716538813e+00
1.163006518275564227e+00
4.488445860802351972e-01
7.030596778981328399e-01
1.772220492892000010e+00
1.668544336162765429e+00
1.020223020746789278e+00
4.926187254661135162e-01
4.414542083120501781e-01
8.949487043094453975e-01
1.354181386951598398e+00
1.731797288455301453e+00
1.541287238176262120e+00
1.639077971130288303e+00
1.646802274562390478e+00
2.217436254314733013e+00
1.097868064794045972e+00
4.636221284338594151e-01
1.582130902634238945e+00
1.133349947341885100e+00
1.364734634693872684e+00
1.602393919875294337e+00
2.073513232516252192e+00
1.429538400480129479e+00
7.369716300898988548e-01
1.095358372120198487e+00
1.322561081114427495e+00
7.258831769190000616e-01
1.277452219903165487e+00
8.826340121641945702e-01
1.979134752512899942e+00
2.709812583647003059e+00
1.666978716546323236e+00
1.813272750634590258e+00
7.930149724451819315e-01
8.862644943835161770e-01
2.750707458034856945e+00
1.969618443311034195e+00
6.208976765860695357e-01
7.412322679907232814e-01
7.511256884766661646e-01
1.501654166813067182e+00
3.070385445001821534e+00
3.038149464973967095e+00
3.759465528509243204e-01
7.405710045389036766e-01
2.178434276889295251e+00
2.682608335814938183e+00
2.780833103972934151e+00
2.808829927856231645e+00
1.253939189369556395e+00
1.985243967158495382e+00
1.250632214526814057e+00
8.932753974386674622e-01
1.832916306482718305e+00
5.247111373415167535e-01
7.606016308937487702e-01
8.796202440193980898e-01
4.002080226959878750e-01
4.473398003549018953e-01
1.461367705402871309e+00
8.260122905824883732e-01
1.159900466725998669e+00
4.344740086355317610e-01
5.372735928542272665e-01
1.659573370938067116e+00
1.886373176780211436e+00
2.159840193337067227e+00
2.577576553188944519e+00
1.539896230375684461e+00
1.974218187318341089e+00
1.552782188774533223e+00
1.733018938289664579e+00
1.436432435367137384e+00
1.789323976903946178e+00
3.871241998692438013e+00
2.366334960010787913e+00
2.815231917175437193e+00
2.274223553117066920e+00
1.940232307079179597e+00
2.829949244017680332e+00
2.276182252980639475e+00
5.511020568036685274e-01
1.246936687285417289e+00
5.049336527377649153e-01
3.475002426033183767e+00
2.914247306538678473e+00
2.992434589570058812e+00
2.487378093405703261e+00
3.820825266814402710e+00
5.233232622686633029e+00
1.544633346219825176e+00
1.059122674470179826e+00
1.361452797421691230e+00
3.542103744552149269e+00
5.936317209434927022e-01
1.952782030757126419e+00
1.250959102744415352e+00
9.290913931859131614e-01
3.174458612511621869e+00
2.510769756192857471e+00
1.922237817941182536e+00
1.443904908330326142e+00
1.086141428727266600e+00
1.305127329894715693e+00
3.608421163717493219e+00
2.146453514232356419e+00
1.743850600631703163e+00
8.370224731658088002e-01
9.088419309094083465e-01
9.895175573221022258e-01
2.222794653147427191e+00
7.206496105535028507e-01
1.260647066894687862e+00
4.983357779227439166e-01
5.468489191829312146e-01
7.329823823710739372e-01
3.666463190415675477e+00
2.705347362626624896e+00
2.123245693596819361e+00
1.393433227768638760e+00
1.188429269433155522e+00
1.084182299898164503e+00
5.002055008468052621e-01
4.950943169281198375e-01
6.869623285259035539e-01
5.349107556301693212e-01
7.312774716736021308e-01
5.366227971350834292e-01
5.593353478371726473e-01
1.145876595340434845e+00
3.991571570815345416e-01
5.175454881686993858e-01
6.501538820905594651e-01
4.430464929370560578e-01
5.267506078689043747e-01
4.301761393871331718e-01
1.464457177755971840e+00
7.860714484763252630e-01
1.079714055661479266e+00
2.293665768398984728e+00
3.092410798396339811e+00
1.026107416137288286e+00
9.022310954990309106e-01
1.208306721177037302e+00
2.425913454553886073e+00
2.009691643678380046e+00
1.665561558485614935e+00
8.753201642131267501e-01
4.999546324514624329e-01
8.952672055465595857e-01
6.237420638561791408e-01
2.300936548881641119e+00
2.864032906007248247e+00
8.301221527841765591e-01
8.140830813773908270e-01
1.263880249521998733e+00
1.401069014237001031e+00
8.262167579637280657e-01
6.604694783149033244e-01
1.857461255499861741e+00
1.493121152321281730e+00
9.105325038421511197e-01
1.329952217835252526e+00
1.840953692601970504e+00
1.849721332616051095e+00
1.959875540646183634e+00
2.212350840833104293e+00
1.295195571461190465e+00
1.996365451927313295e+00
1.034145254885469267e+00
5.721854896782180289e-01
1.556334143596130426e+00
3.072402843066528444e+00
1.121205831714700896e+00
1.191191749787623211e+00
1.664471242297857145e+00
3.559926466891697672e+00
1.264968103455751836e+00
1.149153177876726106e+00
3.270796320471839547e+00
2.710383035642465188e+00
8.215809538141678470e-01
1.917603677992060884e+00
2.231887245773132467e+00
3.344113645244288335e+00
5.679350620465636323e-01
2.259870846038009695e+00
1.009702481991668677e+00
1.636487899120634637e+00
5.644094697462100907e-01
1.067205621849724562e+00
3.615679169105616708e-01
4.347059009879308822e-01
2.695609976475237812e-01
1.413792345782467708e+00
7.525917200078217073e-01
5.984183689004430873e-01
1.167121313757124801e+00
1.857690590596043023e+00
1.284719912070914294e+00
2.368843000347502059e+00
1.037723603352430191e+00
1.758705047060154625e+00
8.959862207440668636e-01
9.866722150872885289e-01
3.545762275331956648e+00
1.995086883148417423e+00
2.193524196422749206e+00
1.089931337146387236e+00
2.384615318282944596e+00
3.058923028110481557e+00
1.404599930995611645e+00
3.001863439441769810e+00
1.352175976507097088e+00
2.472692171571005293e+00
9.230476421252538088e-01
6.950382518323461323e-01
1.909301659053952438e+00
1.863937527545052264e+00
9.197765051128812264e-01
5.814386466001334464e-01
1.378835578876736134e+00
2.169640835194072803e+00
1.415967319535089919e+00
1.997767429314550425e+00
6.565730498586782593e-01
5.341733966376908116e-01
2.031158917411230114e+00
2.783449662185643270e+00
1.552104740376905045e+00
1.874883550068017213e+00
2.432170147306301544e+00
1.629266972168190053e+00
2.384070500196971754e+00
2.745298342166549332e+00
1.821589426006555934e+00
2.938137211944026994e+00
1.659924173779597556e+00
1.801296938518379687e+00
2.695201403624329028e+00
3.264714421070119332e+00
2.391886263550139002e+00
2.833122932982580000e+00
2.906062241428016280e-01
1.085458565134955089e+00
2.879142981974918580e+00
4.308338150764146057e+00
1.376316973132096777e+00
6.159398280284679172e-01
1.072152716405239126e+00
3.183144295465193618e+00
2.861860132185801042e+00
2.420738946438968142e+00
1.719738152165877443e+00
2.455745722709949952e+00
2.588222640436483868e+00
2.518927117447251174e+00
1.276922139567019832e+00
2.083975503063417722e+00
1.302571637556333650e+00
1.259661767413426392e-01
2.474719365432202611e+00
1.259689064929141677e+00
5.058476411287655683e-01
9.638282308244398022e-01
1.062216535716364429e+00
8.125375735655100407e-01
6.038640387873860371e-01
5.332141761888680165e-01
7.098234076446446883e-01
8.152285799420141421e-01
6.470556434702172677e-01
4.771979684522869025e-01
6.732032977155784081e-01
7.817070007040728408e-01
6.927423925808112726e-01
8.085956828864955259e-01
2.242629841351954312e+00
1.974875341388768746e+00
5.326694524274838694e-01
9.936859752614202179e-01
9.095259448410741854e-01
1.267315120679978646e+00
3.462442850944444928e+00
1.104474263718892013e+00
1.267433715463192057e+00
1.225256401841775089e+00
1.089088588181783335e+00
1.036715909856674278e+00
6.496690433493735872e-01
5.587938199290310992e-01
7.521642582388875509e-01
6.543357235621867218e-01
1.182272741946012173e+00
9.943318682033146505e-01
1.531518833602422136e+00
4.103662083924227488e+00
3.082734241216558146e+00
1.644678268441104318e+00
9.086600533396769208e-01
2.638473056859538257e+00
9.851314908090651468e-01
1.255610005860752887e+00
1.451618744376311776e+00
1.193716245726491820e+00
8.958351879108310545e-01
1.380130623735929873e+00
8.290983711770161246e-01
9.075459048089569158e-01
1.804541759615900354e+00
1.574356971849442344e+00
3.243484209347515801e+00
4.517530173112736414e+00
3.911302476935623496e+00
3.096022803746060426e+00
2.374835363026807311e+00
1.181220038674018369e+00
1.263557930078406777e+00
2.657517668434498659e-01
2.684745890996904194e+00
2.636026224968786025e+00
1.997141982251391168e+00
7.849015351489631032e-01
1.736296340232807101e+00
7.198591854495896003e-01
7.977114497123798387e-01
1.531041080544664590e+00
1.559472814542437469e+00
1.431365697779512836e+00
4.966687288601343009e-01
1.780278052519970178e-01
6.956417220148208846e-01
5.893727611052079762e-02
6.325848058929137707e-01
5.458164634107733892e-01
5.371940426620729347e-01
5.126277816322287739e-01
5.266283120090727854e-01
2.888459610140990952e-01
6.542644866661390113e-01
6.982388784920775526e-01
1.215260390504530608e-01
5.917118973837405260e-01
1.187383727116829046e+00
1.333083804452490195e+00
5.416256893176821796e-01
8.579999960397455272e-01
2.583878335609421040e+00
2.409385512028267229e+00
5.232490970613461467e-01
1.069794418845923634e+00
9.812579448274342253e-01
5.645813468122918843e-01
8.348911985509530620e-01
7.549865753090901910e-01
4.791518005544360692e-01
2.216016607079957623e+00
7.500070693073762618e-01
7.219803962640903849e-01
3.851973434850020972e+00
2.707177988477305508e+00
1.753769150369083096e+00
1.068901530151226797e+00
9.369043436127746372e-01
1.141830272747108133e+00
3.377743650694826183e+00
1.527618381076969456e+00
4.607479203000981460e-01
2.942634395864167196e+00
2.279722193732379498e+00
1.062224171742698342e+00
2.238697210090788481e+00
1.885931525144068033e+00
1.688685807095322344e+00
2.365706274568432299e+00
5.848070162304090935e+00
2.644073888570707798e+00
1.016658803446421677e+00
1.423626332050026422e+00
2.092573492185666684e+00
2.489243739942600175e+00
6.185472338998612152e-01
1.152477061767222200e+00
1.063326054434536427e+00
1.506597818545618139e+00
1.040802552071992571e+00
1.168639413397476234e+00
3.540491599607459960e+00
1.475736006067704498e+00
7.405282747409094313e-01
4.753626978657404800e-01
1.221687107904124270e+00
1.126682154200757902e+00
1.253521394158902957e+00
9.768260553007598324e-01
5.226642166692452296e-01
6.499212979505368804e-01
8.592927036336006630e-01
1.504941950172486997e+00
8.899473967639741634e-01
3.231525925300096524e+00
1.872002142299689087e+00
7.618633518484750899e-01
1.740474585844571154e+00
3.630546775540840709e+00
5.782699631538136265e-01
1.928022441953052502e+00
1.254193650654637837e+00
4.333662989288842859e-01
2.320553465708890428e+00
1.310513161091659828e+00
1.560007397019069542e+00
4.720234767362514461e-01
2.576927254607740969e-01
1.653722681353930524e+00
1.369819754767779063e+00
1.501139459558870515e+00
8.175905413965423030e-01
9.946405523457421127e-01
2.542557085072024492e+00
1.413341197472599564e+00
1.683745973981099819e+00
1.614639187390224828e+00
1.796495014769974530e+00
2.397766385474855433e+00
1.874381464380702411e+00
1.965516411052710133e+00
1.825458380689596982e+00
9.509747189323783934e-01
1.277026874605519557e+00
1.895524120309740879e-01
1.676060130472479814e+00
6.227600542977121956e-01
8.527775602290410539e-01
8.611277463810499411e-01
1.330821132493920311e+00
6.915744834823642773e-01
6.066248484456938650e-01
4.867158183689945239e-01
8.899650085510452113e-01
5.551049992115679732e-01
1.087440532334889687e+00
6.977794649748543243e-01
6.718901243631043574e-01
6.491153439240657796e-01
5.279948766953370676e-01
5.077859311254265817e-01
2.049673810509004546e-01
2.637406785878185222e-01
1.804075296747518486e-01
8.122879481522482514e-01
1.041181661315743412e+00
6.019692223312659296e-01
8.154859017595257331e-01
1.874607682634516825e+00
1.280133656517179697e+00
1.307071727131003946e+00
1.672765136446801248e+00
2.490170106252907356e+00
1.999871828270667562e+00
1.810014094542126806e+00
2.384121910654218190e+00
2.325010490163945676e+00
7.106474523422537937e-01
6.981388967818474844e-01
3.569656818608833992e-01
8.157969179806003890e-01
6.157013456057017775e-01
1.085430197847681910e+00
9.483987174233060591e-01
3.471682271344899373e+00
2.601582188630024106e+00
8.871321193814128980e-01
8.228526527808813773e-01
1.360258893188571738e+00
1.503565868300225095e+00
2.094896420407960314e+00
6.422874617640040862e-01
4.389556410480529025e-01
1.482533167465361457e+00
4.116463326285431101e+00
1.540334894154830270e+00
1.397031490118928465e+00
1.909345317448466250e+00
9.803947214034011148e-01
1.104922088849825901e+00
1.626532750100924352e+00
1.368923307952890411e+00
1.027772275126693557e+00
2.665406761387977053e+00
5.603875827025572853e-01
6.828965806677188555e-01
1.341152308645770175e+00
1.368945824371867959e+00
1.621177924032278339e+00
1.330112218192594842e+00
1.570002078145735336e+00
7.854649471561814256e-01
2.236138768111848751e+00
1.793076892331254557e+00
4.931868959006037167e-01
1.069405056744929805e+00
1.961021158181203150e+00
3.379968398484505254e+00
2.850994475857372201e+00
1.775834987294445666e+00
3.685309120040171638e-01
5.621616587131940124e-01
5.825559942093936350e-01
6.128076847933507931e-01
3.278902765524728813e-01
2.295950233310765920e-01
7.071929066335438385e-01
4.433874285402655269e-01
1.022016732211310730e+00
5.930644356041957499e-01
1.076523996454568310e+00
6.050455978171936922e-01
5.015266132716705849e-01
7.938970949018421264e-01
5.798825658188139220e-01
7.678082817196218990e-01
1.384701519625143984e+00
1.125057711460729859e+00
9.111365531013625452e-01
5.133175486381200692e-01
8.130575307944533092e-01
1.438247589148961003e+00
1.218177583442117129e+00
1.019081047213306501e+00
3.625462275935711354e-01
9.294024800858079471e-01
2.601013219801139309e-01
7.065207346739330596e-01
6.956042990463047193e-01
7.857285303460738168e-01
2.608710714355450655e+00
2.922833376578866105e+00
3.076499221017953811e+00
1.570716947670284025e+00
1.322120450461054642e+00
1.217016317509977741e+00
1.455036026691740370e+00
1.062202089346079736e+00
5.575632013249111063e-01
8.032205552484472655e-01
3.554244069272012307e+00
4.608582281430549266e+00
1.039863227630466680e+00
1.317193021118771012e+00
3.207750091253646296e+00
3.176601446870748635e+00
2.855706256933184584e+00
3.276512032188387824e+00
7.769121963935792241e-01
9.972269633284257528e-01
1.011642308659340461e+00
2.063799200465679995e+00
8.931452280792394616e-01
2.324846416472817978e+00
6.662754792235565660e-01
8.240594067758485464e-01
8.324941693087621886e-01
1.619158421748240650e+00
7.723431046136808309e-01
8.935762116233179064e-01
3.098598223517612826e+00
3.873515100742852546e+00
2.174295573174246599e+00
1.942623300761948446e+00
1.138564340021329002e+00
1.158251208349365680e+00
1.608313786758009956e+00
1.832183474765743281e+00
2.281755840566321858e+00
2.085772975328491707e+00
1.471066426774293001e+00
2.105650474571809205e+00
1.446108091834697351e+00
1.399782163232158316e+00
9.080987877926806062e-01
3.376989092725782848e-01
4.916817829979996946e-01
5.164220136201672640e-01
4.930424556358346533e-01
1.244577800120546307e+00
5.434288752868566830e-01
3.140744810159750156e-01
7.342000474868796145e-01
6.571385701351443176e-01
7.066513543553736287e-01
4.974821292952980589e-01
1.554006713626309821e+00
7.486305174389491501e-01
1.309245348497416250e+00
1.337595363690452288e+00
6.383366338801528261e-01
1.228646482602167911e+00
7.653717481883919316e-01
6.781663893651403985e-01
7.998329264994805676e-01
7.826490912458123894e-01
1.129130796752739974e+00
5.650221959474169831e-01
1.048412258690518462e+00
4.172957578885284624e-01
2.015668247403601843e+00
8.548713750669887368e-01
1.922831529269004580e+00
2.771966462120268204e+00
4.036011420174721920e+00
1.662820033142204723e+00
1.117959369683282356e+00
1.001760830572017147e+00
2.042107531794096875e+00
1.079304027455317172e+00
8.518106835159220402e-01
1.635494738025127681e+00
1.562942279513867438e+00
1.141643758658418939e+00
7.197843113795823200e-01
1.312805942676991799e+00
7.000303159904920358e-01
9.285531315611279535e-01
2.501982893518027495e+00
1.077572064935768292e+00
8.162175789449924723e-01
9.697755849110659687e-01
1.268068117615848367e+00
2.006431045634371468e+00
2.940618268211929731e+00
1.906418596622786232e+00
9.490302205875537078e-01
2.001616777801299651e+00
2.200398421300137741e+00
2.235595253175506336e+00
2.268075349735795943e+00
5.475631396398706885e-01
7.449353346407241450e-01
1.120909687933915988e+00
1.044384138812703089e+00
1.989157839048955490e+00
7.670214636605406922e-01
2.265966049895587808e+00
1.260210129104977872e+00
2.584001920377872796e+00
1.516642180386877259e+00
1.157338216337527204e+00
1.289834745765914503e+00
1.123178086525946195e+00
6.258512157038271795e-01
1.697839156501435909e+00
1.356150310906875323e+00
1.439539517964238513e+00
4.115134476057098922e+00
1.638943494600120676e+00
2.183524034768295152e+00
6.451450844298796117e-01
4.558683352809947409e-01
3.827590999452055165e-01
1.524421731307536110e+00
1.092480798577129653e+00
6.516625772528014116e-01
1.066907428442252836e+00
6.744485203860123290e-01
6.604074337725721611e-01
1.879587759341893927e+00
2.129282733194160837e+00
1.000957923568224883e+00
1.322264469280719279e+00
1.481540615993155452e+00
1.792811557770463304e+00
2.249963478553168805e+00
1.899487500194994016e+00
1.388901302012176764e+00
1.272909096757182112e+00
2.611413162302397062e+00
2.005932842491119583e+00
1.562599965910917987e+00
3.784523934378920096e+00
3.057731061028829522e+00
4.095055608570262073e+00
4.173799175340086265e+00
5.372747894344404029e-01
1.057821729981612169e+00
3.167519305740709612e+00
3.150496500387438559e+00
1.779265122700096180e+00
1.837705520144538696e+00
3.260593218567857665e+00
2.876453798279377416e+00
7.895493762829182138e-01
1.087761956323895163e+00
2.491344657950985031e+00
2.983556672455986991e+00
1.010954012421002357e+00
7.162719798910709423e-01
8.297521657440179998e-01
1.468845653022816666e+00
1.410487657653504368e+00
3.591126767003862241e+00
1.692764282216778771e+00
1.657082337138355621e+00
1.445713410774948082e+00
2.044565868626932126e+00
1.685024644300292307e+00
2.091123573130682534e+00
2.244461966929656604e+00
7.158723531882156266e-01
2.001335913478885065e+00
1.659945693069659001e+00
1.543619766079902256e+00
1.081373870884622779e+00
1.766440101969949161e+00
1.663055638040470186e+00
1.819087654413178212e+00
2.789955162296892777e+00
2.277051074028093147e+00
2.746978822590339764e+00
7.370241678724200884e-01
6.922939700400781993e-01
5.320483765367182150e-01
9.781165737087954559e-01
6.401795253128036434e-01
2.714201223372077365e+00
4.381467706422880748e-01
7.353110792413050101e-01
8.266017498750731773e-01
1.003032383756385482e+00
1.313391013129316498e+00
7.895466598681987191e-01
3.217832197038849595e-01
3.791759636503551079e-01
9.544286759700154610e-01
5.905462917910108134e-01
1.053887201345950375e+00
1.133662255329861202e+00
1.282054510016783500e+00
1.144103535998073573e+00
8.358746977784444754e-01
6.084305705206638493e-01
9.817361511081329484e-01
8.272901772266786358e-01
1.609167786784038157e+00
1.027421753789861114e+00
1.586734845479604861e+00
7.460298808011457394e-01
1.044287288076628073e+00
7.565668578100784858e-01
1.029838211418133476e+00
1.124790444889263386e+00
1.341579839643946670e+00
7.792333040287796608e-01
2.009291364998368135e+00
3.175767694067563873e-01
2.482545243931093104e+00
1.384867708529494701e+00
7.266151952824764226e-01
2.034559072823605153e+00
2.138303227128028894e+00
1.100916618484069742e+00
9.398210150541718155e-01
1.283789394101848114e+00
7.362991514787656788e-01
1.110925605750957779e+00
1.735200389643623442e+00
2.039324665534578251e+00
6.260256668373298528e-01
1.908350904445348162e+00
1.671893035432759023e+00
1.176115979856933613e+00
1.256661078834430567e+00
5.436448898602989077e-01
1.959683511869911410e+00
3.092156399111773979e+00
1.808401928451291996e+00
2.434418092396430477e+00
1.823877132942687496e+00
8.753362045147277115e-01
7.415493516026603338e-01
1.266747482620120380e+00
3.381315836909037476e+00
1.761498982233615118e+00
1.322423557459912358e+00
1.478384526705544433e+00
1.962367757836683824e+00
1.725521516253030851e+00
1.117445573360747790e+00
1.970172984361133084e+00
2.021832541210156542e+00
2.203088027838142615e+00
1.434823730294940480e+00
1.183969997548609987e+00
1.116778951425219768e+00
3.039996192004771558e+00
7.756189378572954096e-01
1.693013765298872153e+00
1.899901332676449783e+00
1.759833839923220955e+00
1.542448538239406197e+00
1.417931435566104348e+00
1.126504480992563062e+00
4.764363405617837166e-02
1.410864984736631023e+00
1.142792191800794610e+00
2.313928643430132936e+00
2.358052178645235752e+00
7.587685408435602685e-01
1.041998597477393096e+00
1.167081661941546500e+00
8.725676386761057612e-01
1.327233424486840230e+00
4.468609228245316589e-01
5.181775128508600003e-01
5.656206072838403376e-01
4.380346956479801990e-01
9.147048427097056456e-01
4.624853846054877704e-01
6.727117675154437038e-01
7.013859311942929331e-01
1.312058528518991851e+00
5.295593567284438974e-01
1.041343238060445708e+00
3.674198202471385954e-01
2.632633831193139096e-01
6.204023985991951040e-01
1.970446567640640412e+00
2.418131729177220635e+00
1.203264195175779649e+00
3.354861346539375622e-01
1.600416090840507399e+00
1.407324210107609774e+00
4.076664406962365317e-01
2.663052215635243747e-01
8.334435187237125842e-01
5.242083207271456269e-01
2.373817377787135474e-01
2.098310504497937323e+00
1.942544260199483341e+00
3.492193085254858609e+00
1.128040904719758819e+00
3.115728241623413997e+00
2.238512456575867837e+00
1.909233727599468411e+00
2.036123727346790258e+00
1.468592628943533152e+00
3.058370111325614982e+00
2.028817954696196857e+00
1.836057865800734046e+00
4.378340144826339819e-01
2.948369280834858053e+00
2.399157078997074422e+00
1.153333611753558863e+00
2.052570740721832099e+00
1.485330424875048072e+00
1.442215060954246564e+00
2.146198635457377879e+00
3.060443142589517773e+00
5.538499356843670229e-01
2.879094193628982445e+00
3.983321687323175819e-01
1.172771116116029910e+00
3.362953559217237709e-01
6.312135061741854791e-01
2.175166251713125831e+00
4.545033483934744489e-01
5.020490768439929141e-01
1.299945320503255841e+00
4.899017172072954174e-01
5.270674452736148208e-01
7.715171116597616674e-01
9.999132196197775269e-01
7.047625067801897014e-01
1.278565976813615501e+00
4.706262334116588231e-01
6.866181983050630988e-01
9.706338019514320070e-01
8.550206230470093205e-01
1.022272508200561703e+00
3.231571625625433986e-01
3.134825676548059548e+00
1.624703862348849448e+00
1.363637858861126428e+00
2.241540830993868472e+00
1.052203922614010967e+00
1.399846014734674293e+00
2.477588000405440027e+00
2.066926428835258900e+00
2.504229407551036291e-01
1.150257850320890451e+00
1.198425639702399570e+00
1.207137798933263451e+00
1.438092925521692544e+00
1.498698515835304335e+00
5.477584594565859666e-01
9.890720721249766090e-01
3.147499790578477175e+00
3.382219700105248972e+00
6.856205990098779290e-01
6.475760491582831513e-01
2.682848150236954332e+00
1.431608408160017332e+00
2.078253577542161334e+00
1.192940782754034368e+00
2.701067842705800803e+00
1.638957708582244432e+00
1.243729176316232587e+00
6.044806301175013052e-01
1.134281335025465243e+00
1.207891809108336822e+00
1.840838905239670975e+00
2.186013861050031704e+00
1.149322703388556466e+00
1.131696207476707627e+00
9.704854032344113479e-01
7.928063120021687782e-01
1.093240483306816557e+00
1.765908519063877247e+00
2.740743461697777938e+00
3.719757638063615701e+00
1.798704567296392165e+00
1.274507400863201356e+00
9.445075303406813561e-01
1.443090202102663033e+00
2.088346029748182620e+00
1.555166400713296815e+00
1.254767436443187778e+00
1.292757137317025906e+00
9.266950414878217801e-01
1.952919497951764782e+00
7.470042875215230360e-01
8.283016377015068876e-01
6.682361051147006625e-01
1.383229235888704833e+00
5.587119660331193449e-01
4.320744381839608517e-01
1.444082637302263494e+00
8.507156439662809655e-01
7.549191456234817243e-01
4.520195599424050581e-01
1.478808809294147153e+00
7.009312680178427790e-01
6.719997199379327268e-01
6.113051208254148827e-01
7.650783597982844242e-01
1.467403525658550700e+00
7.227458376838754583e-01
5.451510980665845718e-01
7.178642280950977561e-01
1.235239482358699625e+00
1.336591005204223581e+00
1.559329066365301664e+00
1.453080954623192866e+00
1.703951034713774959e+00
1.885809480774120583e+00
2.577951476658789431e+00
8.118249793924915414e-01
1.275903998931260608e+00
7.345770835537442922e-01
1.627558635261566744e+00
1.987141457508575737e+00
1.600267478467402471e+00
8.387484561227125379e-01
1.456613340962149561e+00
2.756635614321425898e+00
2.527112202940264840e+00
8.082989431435280148e-01
9.674521239192036548e-01
1.850778430781586659e+00
2.169766089678770715e+00
8.449263236033411895e-01
2.143992262397265591e+00
1.400441822145954696e+00
7.895420743493555271e-01
8.126144660989103041e-01
8.161669404788051141e-01
4.017695518670999277e+00
8.590577121374265435e-01
1.399017506227031360e+00
1.437196881331064269e+00
1.744965606978579276e+00
1.444421785962967775e+00
9.764737532713452239e-01
1.328319744939456371e+00
2.039926645204602540e+00
1.006291718575464289e+00
1.296170054440255237e+00
1.244632977368880900e+00
8.420114488176426715e-01
1.515889981474497494e+00
1.508898117927731652e+00
1.776195384074505945e+00
1.260027721008896817e+00
1.015272039783451818e+00
4.204697554724011077e+00
1.125668196893800488e+00
5.365936956728529772e-01
1.018523019693240439e+00
7.658268406716489674e-01
3.780049430578233949e-01
1.402933799744816801e+00
7.856375501556075447e-01
1.038300201316412430e+00
2.692855508316809310e-01
7.643777600178033316e-01
1.294095015738346621e+00
8.382219106777445417e-01
7.940110974651216624e-01
6.231036143889036039e-01
5.800930707285388843e-01
4.304216706395247449e-01
3.387424775765631169e-01
4.291164433013230917e-01
3.702966939916917943e-01
1.060863946767744093e+00
7.224238412773389406e-01
5.737092992497833110e-01
6.095194042406920643e-01
5.195117085453931915e-01
5.798387307899550702e-01
8.010978182964475502e-01
9.921378657941242185e-01
5.843643202560822036e-01
3.767382166164170432e-01
1.328444197683803507e+00
9.773839668355237542e-01
9.684333458849645471e-01
3.725383091381638256e-01
5.080229704662948542e-01
5.448464322575369279e-01
3.697470909168001918e-01
4.222251523001696039e-01
1.415804058144798594e+00
2.662726471848986698e+00
1.537112175309175433e+00
9.645819771533887810e-01
1.059941014136274173e+00
1.522748789627315968e+00
2.412936076432640853e+00
3.745736922770372512e+00
2.406681585672562296e+00
1.977018174345327672e+00
1.443137220076305738e+00
1.502936586744916481e+00
8.573573620103895898e-01
9.411932471924814303e-01
3.225477506665017646e+00
1.839665497293670793e+00
9.141173888750884213e-01
8.675189942809236054e-01
1.823734474156285978e+00
1.338339214516455877e+00
1.729582000948813647e+00
9.050762111782215680e-01
4.606803854478636051e-01
6.701177973217197215e-01
3.891865803490167641e-01
6.036911043519948006e-01
5.273542305709862932e-01
1.827187331136352455e+00
1.652235890089623904e+00
9.967019085461561456e-01
2.328809491179267610e+00
1.171659427107925922e+00
2.155504836765370413e+00
1.898186605885106903e+00
4.491706363074812747e-01
3.313920511017212078e-01
3.337075988687145056e+00
4.070239064809947571e+00
1.380318018684115078e+00
9.182797029956171198e-01
1.263304270211336400e+00
5.926945075374335792e-01
1.645301608948742667e+00
7.227937035892847417e-01
7.797895837756926296e-01
6.131727170919828440e-01
6.581206384995903491e-01
6.362829357705891420e-01
2.381046557026341992e-01
1.148821806327988471e+00
9.722512759786513525e-01
7.995486463174800162e-01
9.569650857873691630e-01
5.911288682134477890e-01
5.101172335191612728e-01
3.304715124188065123e-01
4.580331828093400226e-01
6.138978924446046870e-01
1.115975978012902159e+00
1.235718353419132276e+00
1.107102157360884132e+00
2.326376836665018932e-01
6.446686640391151579e-01
1.230458126771270644e+00
1.065062968443203362e+00
1.984386347549871310e+00
3.965725861261613527e+00
1.956290968731983382e+00
3.921008880330602686e+00
2.127266784523957455e+00
2.194010829134398488e+00
1.393810035017241100e+00
1.489958147587219228e+00
1.034656406060873168e+00
1.010287660945260457e+00
1.579590845454958092e+00
1.236959294229541095e+00
9.689846580058211201e-01
6.397882943950031764e-01
1.151981805945690551e+00
9.202299555505956130e-01
1.164361040782849965e+00
3.170390958174320595e+00
1.417667016453589612e+00
1.579921548309199064e+00
6.325390353884091654e-01
7.871468893791285781e-01
1.279159413038578830e+00
9.969673805425492974e-01
2.175441199675795190e+00
2.340695027879742707e+00
9.216350902350024521e-01
1.112477503671462697e+00
2.321971009635850791e+00
1.587664083986735308e+00
1.795273709308900179e+00
2.712252686374731603e+00
7.179116925371834546e-01
1.843494360831597012e+00
2.196059824548525441e+00
1.113596849581519832e+00
1.642351125936527989e+00
2.429459093829129390e+00
1.197384587187702909e+00
1.388172177967015974e+00
1.744872008627432747e+00
2.682781465904190643e+00
5.543869033196119345e-01
9.245233702375725837e-01
7.600809587517854959e-01
7.040185376194344480e-01
1.218056356660316641e+00
1.176525710614426234e+00
9.331166566371746907e-01
6.174741197213080568e-01
4.941509438469516846e-01
1.210300134423750507e+00
9.335417923716750055e-01
1.138033995110437013e+00
2.939670095601778499e-01
5.388664779303103947e-01
9.820712686693602311e-01
8.699029944934234537e-01
1.380825824872917718e+00
1.214811586912109664e+00
1.709197183593803127e+00
1.509412663305509605e+00
7.063640095474564840e-01
4.100244535839959070e+00
1.521748728395709849e+00
8.773640018815678232e-01
2.862555952532776171e+00
1.323545600885245754e+00
6.985421296522618118e-01
9.267102211288034130e-01
1.025522272790953870e+00
2.783854480487706784e+00
3.090192333835324323e+00
2.269593756235223747e+00
1.746991774484161652e+00
1.909864603233145885e+00
2.106624923537186334e+00
1.309160267043421477e+00
2.172169678861072484e+00
6.282714365942396739e-01
1.690150562691026481e+00
5.182558522311073723e-01
5.720005941724563003e-01
1.801820109087751476e+00
1.445493958252906275e+00
8.368336238718585562e-01
1.061405289375865424e+00
1.884878265828796806e+00
1.970237915272228024e+00
1.375024712397634241e+00
1.017402530060581123e+00
2.535517527754960643e+00
1.270272739211177004e+00
1.803693503756096606e+00
1.394778173767076357e+00
1.014241257898763404e+00
1.487574817012817796e+00
1.947996759213940887e+00
2.035811170958109706e+00
1.759322991031682992e+00
1.506200090460670271e+00
1.211167925638321874e+00
1.025503316594134740e+00
8.344200200020659430e-01
5.495992207168501897e-01
7.817718443300557540e-01
9.258410995271223465e-01
1.690873614092109234e+00
8.332637887838583168e-01
2.851089570427816522e+00
1.405593885436005053e+00
8.709368848478754588e-01
1.717772384657959783e+00
9.510748696910726885e-01
1.067473850041639860e+00
1.474646316489701459e+00
1.175145310830501000e+00
5.490199225020049312e-01
1.444103640632098395e+00
9.910989370138634236e-01
8.779187503750605082e-01
4.997703014519608855e-01
3.531620241373302216e-01
5.220142963565622685e-01
4.428344342769938713e-01
7.122544691493348790e-01
2.429706702487343772e+00
6.609042880028423994e-01
3.666819915911553318e-01
5.219585621501167116e-01
1.289877240500928668e+00
8.567329005879055215e-01
2.736560101878902640e-01
7.022445860305287502e-01
5.959766682737497323e-01
6.694786105234215023e-01
5.205680550991810263e-01
1.281173348288272118e+00
1.146539846675814545e+00
1.193644752357420957e+00
2.576637569269955907e+00
1.511457562652178233e+00
1.290384006033245878e+00
1.639665686489015117e+00
8.569765096298291862e-01
5.889450387581374180e-01
5.248906629972073246e-01
5.704371163359798214e-01
3.788116752983012869e-01
1.470807353203841705e+00
1.247165063885116609e+00
1.256019820437522139e+00
1.680875897905994787e+00
6.514398043197475729e-01
1.988514390773204799e+00
1.706960451325589156e+00
2.535846820726497253e+00
1.159891257333614201e+00
1.207987744048342638e+00
1.420124459872427858e+00
1.501205449406395998e+00
1.032753566028267400e+00
1.250880714993257481e+00
3.446251173390164180e+00
1.936664669171980435e+00
1.647223794623851933e+00
1.167309874458748675e+00
1.904530130602918037e-01
1.756890426262009086e+00
4.238523177802615116e+00
3.214138698998373123e+00
1.324111260119926081e+00
9.733060088962360856e-01
2.430166351545844705e+00
2.119545355570572998e+00
6.758583688309062198e-01
9.826517814830537656e-01
1.165150440626566031e+00
1.682469200394314468e+00
1.929868027672164699e+00
1.989412487190510337e+00
4.002437990912032895e+00
2.579591472145787101e+00
6.998462100799777152e-01
8.191917546070257572e-01
6.845991658634381638e-01
1.859274524331752110e-01
6.142490542604690518e-01
1.308524939071538107e+00
3.541313458881326093e-01
1.443016021012708539e-01
6.102130856974398165e-01
1.401121605765922373e+00
7.985593408230329260e-01
5.370160583566898627e-01
2.787909909527228058e-01
5.809203148951966877e-01
5.371371491461344183e-01
6.279858501733555087e-01
1.984922716183115332e+00
1.058337721337840875e+00
1.317407196962724347e-01
6.352023987163814001e-01
9.950676143023056142e-01
3.298541167440298683e-01
9.732047375891675900e-01
1.424194140867706126e+00
1.641788104347097654e+00
2.039188967658934981e+00
2.799191594503116054e+00
1.848275041503981031e+00
2.406334121473597154e+00
7.992280399913423983e-01
7.739391909664459224e-01
7.519096113192169639e-01
7.742138330744430252e-01
9.779610541576401195e-01
1.443079429492792443e+00
8.406281826457537854e-01
1.336848130167829440e+00
1.271007959472788551e+00
2.618639955034002487e+00
2.245925249900468046e+00
2.117320903655119047e+00
1.200642189365353829e+00
1.410919938545280194e+00
1.218368493439294875e+00
9.413913799516664405e-01
1.044804035042502077e+00
1.038168902096600732e+00
3.380914966031197455e+00
1.526652143553995922e+00
1.181070296586468116e+00
1.326916710402491262e+00
3.376638376974284483e+00
2.845548304900469283e+00
9.709119634723802905e-01
1.098622070073803858e+00
1.624284582209611694e+00
3.008971815440620867e-01
7.347118476043260626e-01
1.195677929226545144e+00
1.107491606323773192e+00
7.895750929085716407e-01
1.264028858876865558e+00
1.919623027121367231e+00
1.928988740042822059e+00
1.841861434851506329e+00
1.464059668533694847e+00
1.990519258630712107e+00
9.282878925416088167e-01
2.606006656185393844e+00
1.309315302841742357e+00
8.028084572499243343e-01
3.011105447838008597e+00
2.891020119410191658e+00
1.310510664169557193e+00
1.496625976122432977e+00
1.456642952889920739e+00
1.605446098449351044e+00
6.499130980762199972e-01
4.215388415647323139e-01
3.915949244248261851e-01
4.142903310081566537e-01
7.513912425851825283e-01
1.138610617761306676e+00
6.820708984319900914e-01
7.143734889664357102e-01
1.486664000205431657e+00
3.844539149144746704e-01
1.382023766994190384e-01
7.752870919212205836e-01
6.534806239603799805e-01
6.373734008544990060e-01
1.077068385621136049e+00
1.700300429310642958e+00
7.307145779662217455e-01
1.277598316441485471e+00
9.075869044243008998e-01
1.564405052559295184e+00
1.663840989230167100e+00
1.476118697049341622e+00
9.066241330235643714e-01
1.928900405291739117e+00
7.290178504719900809e-01
9.155194928683511035e-01
1.137324079486310424e+00
1.307888460947391973e+00
1.552888829581801966e+00
2.884333638378347775e+00
1.477599916506101563e+00
1.208204416050208785e+00
1.617712916647240817e+00
1.231501817906316409e+00
1.934094514894591832e+00
2.250348869175913702e+00
2.419057894149574395e+00
2.199987257859040923e+00
1.490947230511533661e+00
1.198159025490357132e+00
1.949659636080846692e+00
1.539977803634361875e+00
1.819550401307093335e+00
2.738190007988124286e+00
1.595999741606115130e+00
1.816351890902149435e+00
2.459648875620238373e-01
1.512109533058430433e+00
3.915013671660195982e+00
3.545880554691932307e+00
1.071755470215054240e+00
1.475680384092173059e+00
4.214624400412894656e-01
1.035179290326400547e+00
3.053214945882059883e+00
2.278544390181759027e+00
1.525599282558232295e+00
1.558652464474310051e+00
4.754906247141572617e-01
1.392659928473168218e+00
1.615616756866874004e+00
1.015715719427486841e+00
8.240401342982611732e-01
8.838014578977211322e-01
9.482811619164869255e-01
8.729483790721919156e-01
6.038640308987122118e-01
6.463410573938319637e-01
6.741550345636678765e-01
1.272421029141472149e+00
7.837647092162274287e-01
6.879270412700307924e-01
1.473501412946849332e+00
1.098113253074549656e+00
1.110060501376040509e+00
2.102178857510580201e+00
8.775791136283527250e-01
1.049904975046907163e+00
2.303660511358512242e+00
3.638158722763750408e+00
2.635363957990566774e+00
2.311478504812775725e+00
1.691425236690475398e+00
5.993634461979101546e-01
1.602842231220817037e+00
1.378023639204419837e+00
1.597582477126878286e+00
2.757569631465750959e+00
4.459779545518369304e+00
1.451731817284436010e+00
4.975688616240830697e+00
3.502271507586626420e+00
1.385915399306884899e+00
1.273616609818849277e+00
2.993615665962190420e+00
4.372275121216602223e+00
1.206743598654370864e+00
1.701393079063289404e+00
2.264137541008956145e+00
1.555124824133400141e+00
1.346155787986623054e+00
1.741074367035756243e+00
7.275732251861718458e-01
6.664782795440261642e-01
1.132632394396349218e+00
1.429912412606231698e+00
2.076580335302165903e+00
2.773814468883357254e+00
1.649124123646892315e+00
1.193374083123393881e+00
2.012822513668811819e+00
9.461822501836897326e-01
2.059271951360193587e+00
1.396147613353984296e+00
2.137554517238662299e+00
3.533009008883199353e+00
1.210228061116218390e+00
5.476601618557593865e-01
1.118223529831105623e+00
1.140064052513539705e+00
6.893567559524921284e-01
6.363761634796397670e-01
2.073178623792597985e+00
1.941375857315234432e+00
1.454410039268593025e+00
7.745298967036655657e-01
6.678686027763977018e-01
9.494858698620635140e-01
1.059456522143032764e+00
1.098493408134451954e+00
1.151362517969880761e+00
1.844727006071588127e+00
1.035496596075478282e+00
7.576240047161291180e-01
9.457868850534025817e-01
3.219335949947940700e-01
1.204559740030512360e+00
7.431425532859017302e-01
1.297932454621974152e+00
1.220674466257201107e+00
2.150459363462638329e+00
9.654335502439588268e-01
1.258421167488022352e+00
1.286307237092045641e+00
1.596801524635258707e+00
1.528876442275991732e+00
1.083560436640202296e+00
1.381621460821650160e+00
2.164957802569078993e+00
1.210240511170755040e+00
8.768959248786954985e-01
1.583988959939705454e+00
1.553175173008737975e+00
1.928950555181493831e+00
4.862306643451247967e-01
1.086286215592910276e+00
6.647012525130285843e-01
1.447973226713681782e+00
1.294412527722044182e+00
1.031785001223048059e+00
8.201992848648261836e-01
3.712744795750007487e+00
1.978531107421093616e+00
1.179103856620602686e+00
1.166492695002832702e+00
3.115874581378501040e-01
1.873831676029663829e+00
1.950043388238893893e+00
3.375738041375797138e+00
3.734950892549691037e-01
8.013813645978346001e-01
9.132058610842139768e-01
7.777480248157756515e-01
4.844996998436687519e-01
4.439407319168267585e-01
4.982589826362701646e-01
1.067525846531539813e+00
6.538136560410754416e-01
4.177509819494514276e-01
4.367828867405199600e-01
2.113863594562433446e-01
2.004119931562176493e+00
1.673822354181867089e+00
7.616203563749767147e-01
1.419563552635476178e+00
8.090308583063740011e-01
2.073229078830281513e-01
7.576228184635767082e-01
1.702385190661473979e+00
9.655989195688158278e-01
4.318627352337104930e-01
5.459168422383483543e-01
1.957632787911908201e+00
1.567436332692673462e+00
1.080146449923708341e+00
1.181430109320839472e+00
1.273345322866325180e+00
9.196111848931640687e-01
9.952671182617586210e-01
7.501869162157831505e-01
1.026724823273335474e+00
1.733118340381507805e+00
7.052377681299573098e-01
5.137172636288533933e-01
2.008138803188615817e+00
1.503339705387295666e+00
9.023602383973544638e-01
1.802898549623818125e+00
3.396566090021487572e+00
3.465007094229285656e+00
8.942767214332958403e-01
5.378526502994358527e-01
4.607253872270166140e-01
5.971216968290986582e-01
2.002950334071944560e-01
9.903915418469139142e-01
2.742428070796558259e+00
2.603367474809435311e+00
1.067824395127696002e+00
1.232441696434103395e+00
1.717606113355533592e+00
1.718757397069540227e+00
9.484133377831630574e-01
1.266095402422605209e+00
3.730874371567598935e+00
2.166471751101367804e+00
2.359266965985175268e+00
2.049954255883001064e+00
1.882554994245274838e+00
1.372385546630403574e+00
1.986383785352741738e+00
7.068634665761811542e-01
3.348849891637633025e+00
1.443345881145707832e+00
1.311350600766057806e+00
8.983677249632788797e-01
1.323086608455559476e+00
1.807802723205976791e+00
1.225814527602472337e+00
1.015564679604935572e+00
4.112431556442502689e+00
3.202902591758548745e+00
1.325688567612066437e+00
1.322560961646508826e+00
5.441836174079078825e-01
2.050648004662641632e+00
4.652271931364663771e-01
1.756180649124919224e+00
3.311065123109344643e-01
2.327977673317963847e-01
5.655469873386823609e-01
8.982698311641043043e-01
2.724699192460859898e-01
4.696956781420940641e-01
7.552631663602067391e-01
5.892388201909128931e-01
1.049778573415038663e+00
2.790910053353791165e-01
2.807882692948624914e+00
2.515040643736908277e-01
2.533592251303504184e-01
4.273982642806445353e-01
5.423235080724934098e-01
1.226205181588414739e+00
1.105411025406443315e+00
7.510536835870686989e-01
4.346460706380753103e-01
7.246464564886552218e-01
1.159943565790878095e+00
1.454291080290392557e+00
1.360195498175677864e+00
3.908485455916895557e+00
1.207811917745001296e+00
1.876661137457389605e+00
1.763721107976045754e+00
2.353693390883670133e+00
6.699877762087220745e-01
5.010728975117606510e-01
1.518820855477165388e+00
9.050276072854497589e-02
7.701870115249094262e-01
1.049789852080822872e+00
1.955667764749144055e+00
5.743020445447254430e-01
1.654421100049861426e+00
1.864713212171930534e+00
4.849625620133292792e+00
3.062682909041887669e+00
1.045652509254027418e+00
1.583496544765919722e+00
6.503524148385196879e-01
9.368908442442835938e-01
9.968444892419454639e-01
9.747949661110124620e-01
6.373109895078625797e-01
1.216878927698361812e+00
2.042312014642002627e+00
2.479888278531877432e+00
1.051483598166409017e+00
1.591258617005307130e+00
1.845811686290730336e+00
1.526721533185049218e+00
3.563048135152044882e-01
3.618711406023322197e-01
9.137025135115467434e-01
1.523541032348849855e+00
8.156356888211965250e-01
8.547902881574388489e-01
6.793976533035593901e-01
9.388452695673796811e-01
1.151161776827366312e+00
1.791717907976236646e+00
1.282195588295738320e+00
7.694695160238074205e-01
8.755791950078383179e-01
6.340802857906728818e-01
7.636954635662159818e-01
7.795120062264069283e-01
6.612040669054615183e-01
2.153953003042206493e+00
2.478655603494606563e+00
1.770093973551597921e+00
1.266455725624721973e+00
1.066734888262149905e+00
1.072645942999259860e+00
1.683851656378306361e+00
2.730231136136024528e+00
2.133811694213036514e+00
1.119421965799154650e+00
3.474538448807897417e+00
1.802382031320482358e+00
1.715433422485526549e+00
8.557200552564515617e-01
8.585765793133612878e-01
1.078144874231616201e+00
8.421533648052129672e-01
1.313021579136826045e+00
1.493495264945355006e+00
2.367316628166001635e+00
1.953057153253399791e+00
1.541592178899342525e+00
1.767295053580035358e+00
1.145680468461358181e+00
2.877417289461286387e+00
1.555168109005279797e+00
1.182387997520985223e+00
1.191100006461972338e+00
1.468705556158646397e+00
7.989463607447587767e-01
1.371822794581219362e+00
1.322645844084362254e+00
2.116116908325050616e+00
7.873344742490804293e-01
1.451122125412033004e+00
1.247181903291016747e+00
2.048396855078398193e+00
2.957808455771229195e+00
9.542110932220364550e-01
8.702457906779936803e-01
4.278459962731619437e-01
1.073688074782260804e+00
3.702164704471263557e-01
4.308156575573264258e-01
9.881891882489873824e-01
1.548831327431606120e+00
6.024922995721954111e-01
2.701065944671151797e+00
1.809093920286453383e-01
9.915014975480505033e-01
7.211437046059343547e-01
4.219465693338654289e-01
4.742807125963776627e-01
6.153901771326897308e-01
6.164028233242119237e-01
6.254554020080737020e-01
4.701647285966458201e-01
3.663051081409574028e-01
9.883068714160064827e-01
7.150954249806420471e-01
8.154469558698226317e-01
2.153523771121580221e+00
1.392237856168164978e+00
2.080051709576329344e+00
2.969766273188278127e+00
1.834457484457699961e+00
1.825073610879882624e+00
1.159582045603643197e+00
2.566227323797761528e+00
1.693473666419119894e+00
3.311302754609886989e+00
1.201769596906792081e+00
1.459148984134403859e+00
6.804040267689899224e-01
1.866286368751675750e+00
1.239858466426342787e+00
2.942045772547126958e+00
2.845648899757330597e+00
2.878139596335225647e+00
1.108365034730708798e+00
1.211252970238757554e+00
8.542702690082308870e-01
1.584933499473331953e+00
8.878232492306772361e-01
3.024382099370898302e+00
2.942292727358022830e+00
2.706204256594660240e+00
1.636604254788159851e+00
3.665315520769699020e+00
3.156016934532437923e-01
7.293979225362965391e-01
1.153623449460275063e+00
5.950636364190257099e-01
1.074802016830709972e+00
1.492887802420817867e+00
2.218761105144515078e+00
2.403935186313373773e+00
1.108780002591631009e+00
9.097598466687989438e-01
1.732369934833233982e+00
2.266380327902498770e+00
2.122742879341607658e+00
1.933833861245364494e+00
1.177587146896796000e+00
9.898611630931569705e-01
5.742140447750861965e-01
1.257721956589983314e+00
1.193354606649078997e+00
1.260969856453297844e+00
2.331476466392467195e+00
1.235047112372994693e+00
8.264882946485626602e-01
4.396857398377916337e-01
1.325762062244620454e+00
2.068466640479361462e+00
1.817937173012175389e+00
4.640069558306055275e-01
4.541279038246025523e-01
5.849813616100628666e-01
5.062310051494129937e-01
2.954771240268813104e-01
1.004224507981097414e+00
1.061167704574569326e+00
3.173541756692451754e-01
8.299519178890494286e-01
8.396578600146283877e-01
1.366140584612647979e+00
1.081544533639238415e+00
4.869310278303296435e+00
4.609530182945499988e+00
4.992482917721650537e+00
2.532987048687508569e+00
1.801560520743916260e+00
2.131952877030489635e+00
1.227629685818103500e+00
6.797655625606282559e-01
2.474609523230045127e+00
1.952148308488325990e+00
2.540928988102474140e+00
1.921107920500692678e+00
2.169688553563812405e+00
3.759684393864903829e+00
2.172125736401794072e+00
1.479528747594703431e+00
1.715699279822732848e+00
1.093369931893944713e+00
1.004855268470781215e+00
2.114953492668426360e+00
1.209041378331743077e+00
2.405799510559965881e+00
2.843661384904607292e+00
3.473052120045330593e+00
9.161319670579166630e-01
5.412541369755173859e-01
7.193057158769493586e-01
9.099178895463350125e-01
4.541421798024219414e-01
1.052636612317502607e+00
4.582243188638328135e+00
1.755467053062713889e+00
1.376099468754059529e+00
1.323180740210892603e+00
9.172993896658335755e-01
1.784738812891800919e+00
1.122425127220979979e+00
1.611060730773026695e+00
2.541769430548271647e+00
1.826573865453566592e+00
1.143065547949911664e+00
1.083121595966234585e+00
1.098624637180560804e+00
8.017971817313335192e-01
1.264269321676914304e+00
1.948604728019459387e+00
5.312580941270037549e-01
7.004809936316268582e-01
1.051786331353670612e+00
6.768375906931149988e-01
7.293185606380891972e-01
5.055645803192380106e-01
3.595441363694855674e-01
5.522710218608790633e-01
6.964888618585710622e-01
4.749463071273796744e-01
5.596145840354460610e-01
1.047187339196234745e+00
1.952684403077658004e+00
6.553453245231991575e-01
8.870519741575589867e-01
5.425145203710259878e-01
3.603588221804429614e-01
1.110127607984508602e+00
1.481698540978782175e+00
2.094183098448180846e+00
3.087373303413281089e+00
2.353691753792129138e+00
3.955546558336421326e-01
1.628169736114778443e+00
3.733449005656042097e+00
1.771661849752687257e+00
9.818372111418203207e-01
5.484368123656920835e-01
1.423448159619165043e+00
1.279311845846624829e+00
9.094025915539453164e-01
2.297548793075816498e+00
7.612484869470139692e-01
1.519497223290852350e+00
6.418607285847445221e-01
8.097995209701843722e-01
8.694552325539216531e-01
5.123970554961985169e-01
2.566849672864133236e+00
3.592611759425865525e+00
2.455810701840328569e+00
3.822549962742563423e+00
2.816741413751064904e+00
1.896898816864443171e+00
3.244979522462300814e+00
1.441306446636178462e+00
1.059935506236280300e+00
1.713457882680445410e+00
1.846178542897382258e+00
6.522546583400534725e-01
7.685711789321363341e-01
3.039408729382083951e+00
3.693158879715105147e+00
3.466674706260703065e+00
1.283627599024223409e+00
2.946954943687345896e+00
2.795609856334192234e+00
2.562984544182373092e+00
4.279626861555714257e+00
6.534627398441983370e-01
1.564366786506726337e+00
9.336869478424153490e-01
3.520503293263323452e-01
8.183081910118782387e-01
3.796266005821979372e-01
4.887140394517152653e-01
1.094072266218685696e+00
1.889134567145127619e+00
5.608121356388013901e-01
6.552029014590881051e-01
4.526521158122914779e-01
8.574289689275210735e-01
8.387113127961669523e-01
5.810152131427761546e-01
2.744513422658421131e-01
1.166622732562202058e+00
1.665502876442184477e-01
7.257485176365338075e-01
1.544663843615097232e+00
1.092414465301500659e+00
1.220645528354030507e+00
9.863529184283509332e-01
2.728528796710024462e+00
2.628822356365163593e+00
1.139428348633142019e+00
1.735645925057080818e+00
2.846874702867548290e+00
2.956287425133808267e+00
2.546449301390233622e+00
3.111806459946037107e-01
2.278191486923546449e+00
1.994649513204014513e+00
1.884691809121082251e+00
9.846933723942693506e-01
1.021078403236841625e+00
1.112422646428954831e+00
2.496259960104833253e-01
4.729291970690240876e-01
7.999127119104998407e-01
5.805793801642685770e-01
7.668847379026694222e-01
7.563205823772786163e-01
3.023248235288277908e+00
3.325355684651762456e+00
8.305761670427809218e-01
1.564354442349187080e+00
8.440479682422281638e-01
7.059308176936038848e-01
1.466248896243108613e+00
2.901193596599430879e+00
2.606290891159095846e+00
2.930509528512778239e+00
2.995015388341360385e+00
1.837896422212970782e+00
4.455720427543318762e-01
1.097577367093679923e+00
1.234669181278839067e+00
2.331901148686887471e+00
5.293927449115614081e-01
1.285440664266369826e+00
2.391094802197136548e+00
2.256108179526398860e+00
1.401817366279280552e+00
1.346267565580833603e+00
2.891909338177195643e+00
3.478102585261119373e+00
1.643226066633979077e+00
8.665552900057514885e-01
1.285135023181960268e+00
1.460194700777248000e+00
9.533576534701393435e-01
4.480261984779397300e-01
1.633172888586958749e+00
3.596115392950122835e+00
2.552456593914720795e+00
1.859762071229266178e+00
9.885754322590701859e-01
9.587443721057656854e-01
8.019696727037707307e-01
6.679943362967849518e-01
5.751234122625915601e-01
5.786430200667465051e-01
6.786998506366178630e-01
8.482412328741665286e-01
2.779275130467022126e-01
9.865758102129341678e-01
4.094152009153673721e-01
6.030657264953336316e-01
1.563627599363936804e+00
4.559316268720833842e-01
4.582635685971340189e-01
5.224390150461887261e-01
7.403957874303809250e-01
2.277205163891390660e-01
3.997269568121286087e-01
7.163780491587070642e-01
4.220338799380727868e-01
6.433738276673564016e-01
9.049362071839761601e-01
1.042553150632289816e+00
6.418761105621694218e-01
8.693447416482561474e-01
1.209444224645582766e+00
4.335653408341734738e-01
2.163537464547761413e+00
3.005975654693878063e+00
5.624998182242284539e-01
4.589392641403852169e-01
9.845380125773941504e-01
1.581631159106683393e+00
2.709074845389646935e+00
6.015736881359646793e-01
1.759923504501410108e+00
2.399638931819650267e+00
1.928519427436119926e+00
2.734914429690666893e+00
3.701727466044740567e+00
2.310297950582736792e+00
1.631988658825463512e+00
1.491810303853592368e+00
1.582917781368162080e+00
3.019022345542509811e+00
2.828214009111903682e+00
4.095012532124345128e+00
1.337790697936912743e+00
1.452778557543284332e+00
7.191290403444219326e-01
9.854877005958044833e-01
9.697058271209725300e-01
5.621488751972517628e-01
1.251755338794621197e+00
3.779544622961769740e+00
1.387392071680892291e+00
1.178617364555261782e+00
1.825637126711678881e+00
1.926992936987261373e+00
1.203231558301196991e+00
1.437259124218888795e+00
1.333884358715319074e+00
1.251056030874717173e+00
2.592431989005251847e+00
9.758271871079456927e-01
6.881602044624481884e-01
1.497786974048350039e+00
1.201538753198689857e+00
1.469913801801338016e+00
2.415337061388602713e+00
2.534852073103277537e+00
1.573556913284730463e+00
1.888261704687430376e+00
3.465835660749367442e+00
2.051481226640821554e+00
8.539713377942889094e-01
1.313941264551509613e+00
9.133619980981518838e-01
6.783885780621250472e-01
7.387987947952266987e-01
8.719114785024932868e-01
1.378734641974107555e+00
8.370440531884781876e-01
1.240802285962731233e+00
5.425486620767059343e-01
4.525988376684564884e-01
4.913809463808337386e-01
1.133511478367622116e+00
1.145204542609320919e+00
1.459611494422680344e+00
9.248837845187293238e-01
2.963607625370140441e-01
2.751177012818990075e+00
2.103794373726718181e+00
7.316130075249924758e-01
4.701686228833754089e-01
7.754439007152131857e-01
1.264884373765677861e+00
7.683483189097850552e-01
1.339629533969789454e+00
8.051506529970466897e-01
1.284109687402670286e+00
1.537408868325278677e+00
2.374733191827089751e+00
3.190870132074308696e+00
2.774511901650126511e+00
1.836035478975934554e+00
1.586774217041267310e+00
7.270739692854641945e-01
1.255527988324640853e+00
7.745081201291718065e-01
1.236753128847865479e+00
2.408560915816195802e+00
1.170338695626324865e+00
8.761642837317187293e-01
1.505925480274359796e+00
8.449329186052597640e-01
1.722518252204144229e+00
2.436232356978819347e+00
1.513214891970174447e+00
1.627995854515014162e+00
1.478135443203254074e+00
8.536747580681770531e-01
7.974443802602454445e-01
1.564848532378259494e+00
1.344833514024539101e+00
3.283178066249164750e+00
2.072575856854135257e+00
2.254629913478604752e+00
9.492611288417290849e-01
4.652110179445063665e-01
1.136150447667055641e+00
1.451079109010933399e+00
2.580905156744976559e+00
1.736331228828920992e+00
7.794249692537851271e-01
8.124110295806413751e-01
5.604354153040319586e-01
7.120930654581116848e-01
6.322475385914835266e-01
7.756883458469950865e-01
4.012204065876889825e-01
1.211430293039967188e+00
9.065234535513461145e-01
5.287021582403769182e-01
2.071212118714015560e+00
9.607324807722854576e-01
5.530708668629173985e-01
5.422305058736148764e-01
7.932698550885102229e-01
1.952076529652150561e-01
3.141283663404489945e-01
1.543667618507466255e+00
1.989462170079319137e+00
1.225760984251316632e+00
1.190238699147670109e+00
3.729509626724919258e+00
2.257585321229324649e+00
1.727420025209099208e+00
2.183810098741874040e+00
1.654261945154441804e+00
2.103664140682746542e+00
1.275244659596294072e+00
7.620913300665467238e-01
2.418087384360267045e+00
1.892438895586434411e+00
1.285577892000296263e+00
5.487870795683545966e-01
1.823240659173840594e+00
1.622392850303890244e+00
1.271520477342334310e+00
1.620340511754917445e+00
7.496612448119720495e-01
7.982567831277659343e-01
1.646179211708814538e+00
1.562987408398914813e+00
2.462340179024041120e+00
1.971908657850170110e+00
7.605586857289953207e-01
6.746907047266398338e-01
7.505939048930732049e-01
1.377742187856583200e+00
1.169459079847809280e+00
1.603336782889771994e+00
8.871138650165569794e-01
1.052078411517608059e+00
1.350268830146530208e+00
1.475846105149521081e+00
9.187908388546205396e-01
1.027894717721346218e+00
2.023152046384908864e+00
1.661531647077307161e+00
5.701227901758167960e-01
3.109497786788604223e+00
8.366891161830799506e-01
1.923080500843214358e+00
1.079795838667501728e+00
8.250552832142379334e-01
4.127231870908315003e-01
4.246735178897571572e-01
7.986055802250147106e-01
3.027501820372398456e+00
6.661181744141259076e-01
8.694179462460819297e-01
8.123434816244606838e-01
6.824980856107099036e-01
3.455275487272421175e-01
1.260333825436512400e+00
3.166773633694615619e-01
1.103206510319576727e+00
5.966043585330053078e-01
4.167180719456503590e-01
4.925881066989221679e-01
5.438300825688512363e-01
4.388586065442990902e-01
2.706789091509870238e-01
8.016645537061315441e-01
4.583587426333426418e-01
6.899916944152946208e-01
8.194986201321461383e-01
1.308283913491998129e+00
2.718162816465099496e+00
1.859295685190613057e+00
9.718306136991035071e-01
1.326364791465872939e+00
1.406735870420640522e+00
1.718820700188165462e+00
7.500190640812154363e-01
1.548244695869773091e+00
1.264824489449962952e+00
1.351742312378347854e+00
1.312860736568882025e+00
1.310738584112147276e+00
1.182484084955637060e+00
9.753028681897025765e-01
2.235253230387238332e+00
1.633309021813733164e+00
1.293124274298500520e+00
1.662298632799364739e+00
2.547132322217768863e+00
2.938133891542789478e+00
1.633422721995420490e+00
1.655429306150410396e+00
1.157994012668895456e+00
1.282043759572571773e+00
1.660380691518152041e+00
1.421895613380966816e+00
2.805772164145551972e+00
2.796262830530131804e+00
1.157678245377267823e+00
1.377828167453348795e+00
1.519672303938743418e+00
1.589737315762270065e+00
1.868336384607643952e+00
3.118069926945651993e+00
2.795820998028798243e+00
1.468921827830501625e+00
1.150278794127258086e+00
1.783505065159141534e+00
8.720302609326751053e-01
8.046166496922193545e-01
1.737505425720930363e+00
2.085558865958319519e+00
1.334957405764459759e+00
7.805959416027179465e-01
7.956931621750237271e-01
1.825369196858739551e+00
8.022098736767514504e-01
7.692046439308142247e-01
3.679158013491276025e-01
5.712290984256190862e-01
2.734845826238498923e-01
1.369813715240483898e+00
5.674385541061003346e-01
1.112693627104406113e+00
7.397456929892392008e-01
5.008079118108461625e-01
7.222621519549027314e-01
1.778695576431807313e+00
1.129520932219782559e+00
9.071002204038615124e-01
1.167195332314545198e+00
3.233237927360831154e+00
4.491304963680634033e-01
1.533960847063052135e+00
1.738775740529208802e+00
1.264705696330923779e+00
1.164414241915659121e+00
2.794283202664558097e+00
4.026731577155781672e+00
8.083068760327870583e-01
3.531087650629741170e-01
7.684935915978496901e-01
8.980846355509597423e-01
2.207039622943244961e+00
1.672113696030049557e+00
3.081804966022079206e+00
9.946584641769616875e-01
7.150416437996834906e-01
7.620429110977136045e-01
1.442704143884011803e+00
9.722224710727508379e-01
2.235070571585747068e+00
1.809211526476095067e+00
1.566232098207281487e+00
2.213600478033077579e+00
1.641093322095879881e+00
1.585487104329784458e+00
6.516269886182597393e-01
1.177211877674692930e+00
1.950282258061742935e+00
2.491321058056504167e+00
2.418179600382873939e+00
2.682396844236458300e+00
1.187091985104924641e+00
9.619198900208374425e-01
2.233129948625586447e+00
2.187001197583585910e+00
7.719068274127650620e-01
1.820227421026290093e+00
2.606697022956516285e+00
1.872749025002506285e+00
2.094974563802094014e+00
1.056439481938703961e+00
1.884902244442749897e+00
2.570359447118078400e+00
2.646272870352664341e+00
3.171160764956213463e+00
2.261185820326920837e+00
3.702430574718917011e+00
1.973893800016688349e+00
1.574479005549713762e+00
3.033927836247916066e-01
1.100359632657731623e+00
4.791139078601439616e-01
1.339408607556290098e+00
7.215512124399809935e-01
8.549914457320517691e-01
7.768557047768828161e-01
3.408470886941739053e-01
3.607337259851179367e-01
4.958525725296451525e-01
9.210401107143803001e-01
2.160529403902389234e-01
7.960441319021231976e-01
5.936340173794558694e-01
8.267613240184854551e-01
4.933798845711532266e-01
3.633050629409306786e-01
2.962087087053481491e-02
5.481808522229690839e-01
7.779617881310449956e-01
3.889898981282031154e-01
4.768895194266147830e-01
2.591802250255707651e+00
1.250374459155684459e+00
6.664433079372941160e-01
9.915541185076152120e-01
1.456599231387649018e+00
2.611399780805688575e+00
2.441488036548015383e+00
2.350861747640401234e+00
2.160617849556430770e+00
1.579714280786586267e+00
1.232979694061753895e+00
1.484134078957681790e+00
8.580209893553026879e-01
1.456413004381803766e+00
9.226229819692407519e-01
1.446300643988196910e+00
3.061889524003504892e+00
2.426175033943287485e+00
1.666018728201793087e+00
7.512486530123114736e-01
4.311385434477442158e-01
1.506531226235039878e+00
2.201301091250313480e+00
9.943196422300661919e-01
1.630663370066952833e+00
1.379800107457428426e+00
9.443461032928891496e-01
9.447481179415470054e-01
3.469314123229577884e+00
1.900033535014951092e+00
9.752212597294332985e-01
7.744667206079930422e-01
2.445994473902188382e+00
2.732208047436722964e+00
1.319060866381779995e+00
4.147249903282120287e-01
1.669083488460244791e+00
2.228728326555459383e+00
2.923053389231630828e+00
3.320096647838032045e+00
1.466809695217125231e+00
1.194105434797640974e+00
6.265544881152935730e-01
5.520254463476861329e-01
6.876407833056725760e-01
8.104731270610721072e-01
6.543755917147431322e-01
4.185637681140159105e-01
5.254567566039310966e-01
8.633904743496934042e-01
2.406559066767520072e+00
8.358160370046864296e-01
3.201318492508925528e-01
5.626323501330854349e-01
3.135769473828316833e+00
8.554648273879543741e-01
7.757094051442811056e-01
6.535437371982620869e-01
1.258787325587227501e+00
3.693580082992522495e-01
2.403516183902512093e-01
5.072732197917586561e-01
7.127233514678318338e-01
4.410950434624669181e-01
7.818484124795481716e-01
3.153120325693853920e-01
6.376238889176655267e-01
1.088563428095311370e+00
2.925349955742309604e-01
2.341154017101606311e+00
1.229611194449096168e+00
2.912404160794724639e+00
2.633836520996081010e+00
3.251474244464885199e+00
2.635239896828487804e+00
2.145388109933494825e+00
1.511770819980372771e+00
9.682169129094525539e-01
1.607374544872921751e+00
2.282910847239680407e+00
2.001877718113884708e+00
1.100573971706086063e+00
1.231714028534731886e+00
7.837202094471645841e-01
1.241177553286050284e+00
8.842432643623524546e-01
1.200440774633280139e+00
1.272199258192246107e+00
1.130350401429102369e+00
9.125454425455254981e-01
1.412112634584338666e+00
1.733825027842240463e+00
2.311033301131566464e+00
2.097596071506849125e+00
1.225743716811867445e+00
2.784130789469540512e-01
1.399961113646122080e+00
1.062967155928733254e+00
1.342758134952854121e+00
1.403109884706864818e+00
1.199380797752845007e+00
6.716168814782125240e-01
1.308657306170874168e+00
2.729869821700669164e+00
1.961096627983178298e+00
8.390843647950456674e-01
7.468559693155001344e-01
2.527607600626932349e+00
4.454654711519325794e-01
5.402497369566940932e-01
6.218431533881080275e-01
9.393634097479062195e-01
5.987278133778793920e-01
6.456828738691399172e-01
1.103597903220746357e+00
6.552682630200761249e-01
1.011854493568422164e+00
1.370969251523165067e+00
7.809164469859719571e-01
4.078567116891448352e-01
6.276856431450357210e-01
6.450422033693868906e-01
8.545789536612533599e-01
8.745062578742136550e-01
6.976108972418177956e-01
5.863864226085346854e-01
4.974449085328755404e-01
1.084824986922043877e+00
9.761801464834582998e-01
1.662763179758190546e+00
2.428209902734438597e+00
3.301089249425293470e+00
3.456020949779702534e+00
1.120552153778086479e+00
1.193707078671300659e+00
6.594362052498435878e-01
4.889199433110427151e-01
2.700394209423489511e-01
6.590523132163199627e-01
5.332347875604389609e-01
7.854619034170720049e-01
2.594497084950230459e+00
2.909374042770353608e+00
9.044875005895205433e-01
1.673584193491151506e+00
1.687006790710685600e+00
1.604363229718349659e+00
3.878926135445310286e-01
4.972200146521379427e-01
3.279578099085376230e+00
1.423297660636219542e+00
1.340329477498339639e+00
1.519883302359497979e+00
1.406303772140897745e+00
1.952233242831365567e+00
1.026370642880585882e+00
5.491849644039176193e-01
1.090927266556356301e+00
9.908186761616762928e-01
2.247432170781789029e+00
3.604819874148612158e+00
1.404272951088213928e+00
1.281292066033635546e+00
2.425821189942575451e+00
2.162583072844845411e+00
1.913605091935286273e+00
1.971492418903761479e+00
2.976364214601728619e+00
3.065849696267747060e+00
3.017473065449776115e+00
2.476508914550349161e+00
1.012227302262497908e+00
1.435340441895462282e+00
1.139782432451911909e+00
1.964136126083175338e+00
2.861340123035889693e+00
2.365675445946389566e+00
8.725334752195745835e-01
7.782749718636811087e-01
6.383908973153413768e-01
4.413309980009146316e-01
1.406061657646571206e+00
1.328245140973569827e+00
3.969141483049756780e-01
4.767217426139619962e-01
1.243637081963767377e-01
6.240891168799032052e-01
4.373568442050902449e-01
2.175528034813909883e+00
1.955057370938565464e+00
5.990483788603661042e-01
1.140649937802219238e+00
5.992130879231574170e-01
4.730377622621932399e-01
1.193085878897941043e+00
1.167983243653555547e+00
2.548291433138734963e+00
1.204066696840057293e+00
2.317783437331642826e+00
6.081295527327833517e-01
8.394423669447443892e-01
8.931458867226591547e-01
1.063797585410997115e+00
1.633396840581733844e+00
9.779038177984301639e-01
3.051638449454994184e+00
1.230386939259539458e+00
5.120283713385438418e-01
5.793445648118373814e-01
2.538808445994138019e+00
3.162646972948625734e+00
1.636336719543589613e+00
1.375179839640876978e+00
3.219682120335260134e+00
1.555059131721450827e+00
1.536992164710066167e+00
1.853369406173366762e+00
4.680860675775181390e-01
1.208676072384532896e+00
1.387353876080563930e+00
6.394977126824573643e-01
1.779285889299893508e+00
1.309559738424392217e+00
3.337013173015033751e-01
8.610654526698933164e-01
1.770089857805536404e+00
4.142316460878154416e+00
2.593844650178077860e+00
1.558262237686072194e+00
1.549110583438131128e+00
1.420850866618954766e+00
7.160550149119224717e-01
1.791086856894873680e+00
8.490772102830541623e-01
8.009827344005451266e-01
1.063825926181935611e+00
1.246601823322033065e+00
7.216101488847814771e-01
7.611981414660023981e-01
8.493487772703325334e-01
3.892629953582649738e-01
4.608356386235577529e-01
5.513920895752376650e-01
3.139879749777227502e+00
1.020626096545522499e+00
8.533479647038427762e-01
1.791173496161436729e-01
1.643931701929624012e+00
3.924663353750138750e+00
9.983670145577190347e-01
1.161063065809411210e+00
9.823349988138490030e-01
1.022328174429595338e+00
2.397118861925742195e+00
2.062772482635740978e+00
1.700056862484964126e+00
1.005609126113524932e+00
2.345699344854581980e+00
2.508642559792590987e+00
6.220024639280441470e-01
1.691946753897472178e+00
6.996769037637784461e-01
1.303372966680347300e+00
2.223015041109418277e+00
2.189410860758967736e+00
9.574485237728798115e-01
1.257923407784865999e+00
2.020058384371616000e+00
2.127235364803546247e+00
6.882249068457985119e-01
3.872256301292790748e-01
1.530848617651257904e+00
3.760963265506889641e+00
1.440103551835569595e+00
2.591615436003538164e+00
7.294109795981243982e-01
1.588552605793276173e+00
1.480459451314034558e+00
3.106921105800983796e-01
1.097047880065964209e+00
9.480282729914929485e-01
1.053353982030602376e+00
2.216463861458707996e+00
1.415488771986059602e+00
1.952516173900626928e+00
7.606499999889482222e-01
1.826829464847386841e+00
4.735641777806204877e-01
1.031716189890097057e+00
1.313999320838192375e+00
2.154836492042560447e+00
1.742499523039470644e+00
1.474753418903435254e+00
6.886485777659220320e-01
6.956656247995439690e-01
1.533841336685359158e+00
2.638096410742617248e+00
1.388609031434391738e+00
8.285161490560474240e-01
6.161136741363585356e-01
5.642086073871052099e-01
2.672885074907747072e-01
4.090883875102845346e-01
7.394815134874200835e-01
7.072744241374729901e-01
3.817023571672729654e-01
9.586633460586079236e-01
8.026656755634137275e-01
6.821888359402030755e-01
5.962393934710388255e-01
3.918580287481232549e-01
8.687950697505035791e-01
3.904825107519110383e-01
6.014716663757323500e-01
5.492863719167101477e-01
4.656914606240689647e-01
6.535699156477543514e-01
8.204762587427137932e-01
5.064632750093818192e-01
4.029861795232581589e-01
4.990587874783103395e-01
3.487007677219441382e-01
3.490084359233261435e-01
7.880989609377557770e-01
3.129247378689904213e+00
1.867882502349493157e+00
6.145825899180619167e-01
3.360206036077288516e+00
9.256857073937387881e-01
9.437687112071280193e-01
1.312834467506373448e+00
2.742948658490911740e+00
1.523340401027953872e+00
1.699766919676159116e+00
2.529719956749524545e+00
1.164006320132723316e+00
5.181010984765881400e-01
1.523791104560818566e+00
5.328280242969209990e-01
6.626752765648095123e-01
6.577737870715915092e-01
4.017172945322300959e-01
1.345142473738805133e+00
1.045273548149147524e+00
1.708426790234104597e+00
1.864301776190226079e+00
1.308362970312207274e+00
1.311111132463245177e+00
9.785416436739000634e-01
8.874919184901983726e-01
1.982119278909652893e+00
1.408077959033940729e+00
1.256229619456925350e+00
1.334547518387522613e+00
1.326530967681334605e+00
1.519877524835090421e+00
1.722635375918815104e+00
1.806066904879932711e+00
2.328857077628464278e+00
2.864928806177179599e+00
4.777776697520395577e-01
3.462356616029325651e-01
4.254258303418452236e-01
3.757407227823209572e-01
3.598340869946393128e-01
1.470756341597042383e+00
3.785974429199469027e-01
3.142759996013819723e-01
6.345139058442773594e-01
7.740682975443179403e-01
5.318283446822813509e-01
1.294449356963503606e+00
1.796101908080678156e+00
7.753664078272738402e-01
4.935319623634384367e-01
9.825069520991487337e-01
6.181624278462958255e-01
2.484714617695535921e+00
3.457881155232366277e-01
3.410865877662104251e-01
7.122141725035752158e-01
4.977315596750903626e-01
8.201734653547837484e-01
3.622580573897901668e-01
5.032094745524682278e-01
7.727298698046810577e-01
9.195115140714251734e-01
4.754512341939446385e-01
7.517568728578428727e-01
4.723765237854466448e-01
5.422376117538653117e-01
1.207605548676670582e+00
5.318610770176385172e-01
7.140686433526617360e-01
4.634349772176263316e-01
3.339438291361346289e-01
6.455718745938199277e-01
2.458787378773969134e+00
1.505716310139949776e+00
3.065467264900874955e+00
2.374636941684001190e+00
1.214509490710992790e+00
1.234560258777034569e+00
5.524459474971207262e-01
1.313321705434715492e+00
1.089945694677219246e+00
1.819811358923000721e+00
1.012461830701297583e+00
1.315519110422565641e+00
1.377161938076554737e+00
1.028894098344083519e+00
9.563872197026060951e-01
5.457495833143628516e-01
9.582796277439979971e-01
1.038398487683468208e+00
6.645149454706122949e-01
6.482131382302354083e-01
1.179422210861880815e+00
8.107699532458565450e-01
2.330077151768836785e+00
2.189584334152090861e+00
8.946055346326017288e-01
7.408360317300043407e-01
2.014917782619316977e+00
2.610750586631753301e+00
1.413487633615843952e+00
2.809523418541432171e+00
5.364825297591498954e-01
1.247877381680054132e+00
9.645608313619603580e-01
5.783809197477832731e-01
2.767585534697824201e+00
3.101514896266540866e+00
2.702325777471048074e+00
1.954927097237573630e+00
1.225905857117905340e+00
3.734003214836540963e-01
2.844014304750070110e+00
2.961606786509964895e+00
2.467253696411849440e+00
1.799960501227086951e+00
6.905240345386373102e-01
7.331261946079576930e-01
7.776515569373267933e-01
4.129108342178340330e-01
2.092045632702604241e+00
1.429559188555953764e+00
6.984331240561673093e-01
3.463521381757879714e-01
1.129561832566625457e+00
1.155190746153411219e+00
5.352035758498124851e-01
5.132843094701187159e-01
3.526501738190040980e-01
6.142391688132291527e-01
3.944268041613687159e-01
9.026427732250502656e-01
7.021798522192059799e-01
3.165373171427766863e+00
1.783994068922046150e+00
1.517062115749531204e+00
1.691640918617911327e+00
5.098866157636455121e+00
2.579883554695775683e+00
5.672761381090669630e-01
1.732750106565342119e+00
2.044718409761055788e+00
2.421258395185177825e+00
1.597824625605317905e+00
2.399263235885641610e+00
2.641538249584351572e+00
2.288025092655281423e+00
4.332609798780857058e-01
1.535907182160922702e+00
1.897268166487373398e+00
2.792143184079187268e+00
1.176361272252361756e+00
1.415684973885335651e+00
1.012029781914733251e+00
1.060556516986269848e+00
2.089914629933188106e+00
1.423857324470820362e+00
1.027693422654913258e+00
1.293886702941360545e+00
3.183285841330269594e+00
2.078884627132222107e+00
3.230513525279197218e+00
3.155682302172060805e+00
4.724097195405961291e-01
2.682317465443242899e+00
1.495757101495020169e+00
8.102509151699158751e-01
1.650323276199461064e+00
2.303077476082145303e+00
2.966981617777924907e+00
2.986628411063603661e+00
2.169226728834739770e+00
3.495451976237150316e+00
1.404190633050346193e+00
1.822876893310380497e+00
1.873807446493566120e+00
2.039477622693913972e+00
9.476241428604946782e-01
1.795492307401181264e+00
2.437813786532791571e+00
3.785853927729065926e+00
1.312813539047414713e+00
7.225676358659111065e-01
1.251414627524742862e+00
2.214928006745494837e+00
2.101667959047760714e+00
1.787179746952475945e+00
8.470094769662681600e-01
1.131773465278762547e+00
1.087304516999444415e+00
4.654561060359603819e-01
4.951126413376488178e-01
2.034923145646440723e+00
1.146561366778196867e+00
9.160770490341313410e-01
7.286095599668549472e-01
1.561005331782990835e+00
4.660200811012971678e-01
4.365700961339069042e-01
2.069532533937612051e+00
1.041800362689952353e+00
5.233756096394931445e-01
4.059876535711936518e-01
5.686039434654879265e-01
1.029295053742327104e+00
9.689929150666636293e-01
1.147432693664746539e+00
5.587824681943878158e-01
1.627778483934542830e+00
9.426780383010157083e-01
2.660542121526335624e+00
1.699935694623761373e+00
1.403041817519776302e+00
7.715938338814212205e-01
1.135304472166672962e+00
8.636529924570279793e-01
1.707864089824575826e+00
3.236900333150012354e+00
2.421486042740065958e+00
2.223861478529802316e+00
1.870498733310690165e+00
1.548508530516101933e+00
2.546642036693874456e+00
2.012877849961374643e+00
9.077853737995215111e-01
1.480146050463545304e+00
2.076043325837377829e+00
2.647456063830071926e+00
9.749092702234108954e-01
1.443804841631185276e+00
1.583454941776559100e+00
9.775777490170620698e-01
2.417585935937156538e+00
2.191773412644359542e+00
1.097592562078822054e+00
2.020648724736855417e+00
1.094880461111731540e+00
4.332083145955734071e-01
1.754958053296611364e+00
2.079393885840318479e+00
3.072239752383441047e+00
2.325004628353767533e+00
1.875607272644135737e+00
1.850607859446975478e+00
1.211382314834834828e+00
7.100282580841386082e-01
7.417082936066812238e-01
1.080946530037826259e+00
2.616465809295598355e+00
2.332431392788916646e+00
3.473342548487820203e+00
2.968409049900710084e+00
1.063181173164744031e+00
1.284932297120761735e+00
8.830425794184221244e-01
1.326769091404426781e+00
2.238784259476187088e+00
1.536007900527892378e+00
9.903558575242488171e-01
5.880363887893114150e-01
1.097651891960018666e+00
4.180677282400193651e-01
1.845984807181606069e+00
4.714347950944870469e-01
1.523615000689573673e+00
3.776277522460959601e-01
6.504919094357560772e-01
1.105226428122035198e+00
4.691374677948882410e-01
4.438892167695037694e-01
1.318164555201257304e+00
5.426247068419093322e-01
2.389262451915934005e+00
1.411571781707503526e+00
4.064660354216182547e+00
2.959571880894341422e+00
2.420107806246297955e+00
1.661998691083589774e+00
1.159685050707731646e+00
7.567383726366266883e-01
1.052229480473075629e+00
5.767651697737286032e-01
1.004300319013506249e+00
6.609762286823167576e-01
1.785156809177912196e+00
1.497443758612210019e+00
2.361043293259403431e+00
1.532370402884577709e+00
2.776727219091034815e+00
2.049521819521156196e+00
1.463696523265707095e+00
1.796125299035771894e+00
3.138511618110850776e+00
2.751234206902710255e+00
4.505142156199755665e-01
5.438361954336708992e-01
2.248369688730677218e+00
1.735264607477722487e+00
1.322479150475087017e+00
3.367893517201963505e+00
9.365367997131587297e-01
6.839055165566875205e-01
9.353276998257981090e-01
1.560898045993406758e+00
3.524175525764785988e+00
4.234802514635831017e+00
1.154858907316016259e+00
9.294282739546504413e-01
1.973884868668199788e+00
2.413974088139290597e+00
6.346647343610231085e-01
2.949169631985927076e+00
2.860321421041821743e+00
2.388035013572864962e+00
1.327424214940458036e+00
1.094802312671838029e+00
9.104038093550529398e-01
1.514238074259784517e+00
2.068149964205450608e+00
2.109381607058244512e+00
8.549011324692593616e-01
1.012632243044857105e+00
2.082335226666575778e+00
2.205545698121646137e+00
9.998227166307469549e-01
1.421402015516614270e+00
1.051600863468662661e+00
7.477366298784009491e-01
4.831888254803108351e-01
2.124402196300867018e+00
9.590004045441532510e-01
4.858960920751799195e-01
1.236206889437823753e+00
6.386392208136015824e-01
5.984817726183843112e-01
9.909002788495273606e-01
6.575370021558549771e-01
4.965864645504526886e-01
7.097788335755277345e-01
5.736721691797234124e-01
1.672638274454633922e-01
6.097027676325463830e-01
2.635430826465343102e-01
1.220549451866629553e+00
1.358897666153089823e+00
9.492797315433120220e-01
1.255604969752028399e+00
1.516386832392420780e+00
2.128722374973690545e+00
1.686205878042744910e+00
1.657121641160773207e+00
2.064936924344694891e+00
3.740714512466698949e+00
5.601467345539352660e-01
7.988367379240889354e-01
9.991979319287856987e-01
6.842735574524483333e-01
9.160943033366334420e-01
1.362332906647698572e+00
1.224250621421855145e+00
1.783376668512833163e+00
3.347388340278137364e-01
4.459899822221636834e-01
3.875988278580809743e-01
5.956205885708146797e-01
2.870590801776842227e+00
3.660207620543175722e+00
5.045123529277159014e-01
9.172727155576225755e-01
2.778130748901751712e+00
2.618192748096701994e+00
1.194900227437950990e+00
1.355982750273811543e+00
3.364131316328324406e+00
1.281184407126125357e+00
2.132481146222716895e+00
2.676365502863570889e+00
1.165416922983688153e+00
1.749386983098018211e+00
5.596604875802199119e-01
1.235632494978292861e+00
4.822759930197046407e-01
1.008274203476708486e+00
1.428748029253446905e+00
1.941654690983694698e+00
3.197416781427860677e+00
2.241194704930823622e+00
1.916725617800244530e+00
3.062716725340717705e+00
1.316977492411832484e+00
1.982977468915438912e+00
3.514034865522345008e+00
1.799855137125170534e+00
4.033499543856716163e-01
7.963511998614805076e-01
8.049277110635382204e-01
7.610603533470008397e-01
7.288999920739184235e-01
2.951136249050796412e-01
6.026545531782169229e-01
6.849923917672064988e-01
2.186583275967069750e-01
3.443904333012340890e-01
8.734041553249126677e-01
9.590269809339863061e-01
9.207355793377802744e-01
6.327754282395574581e-01
7.345328572189071537e-01
2.806101571144117290e-01
7.240568372904216954e-01
4.484409017315578727e-01
6.099318826752071487e-01
1.009052174216832798e+00
5.232787095774951158e-01
5.280042922243206593e-01
8.451743079587892282e-01
7.010542080282957667e-01
7.771122465070097185e-01
4.821743659974760399e-01
2.663238696745031109e-01
6.653770088783586001e-01
1.058452199283802742e+00
3.675452711591095101e-01
2.510592940174062870e-01
5.268824159095665260e-01
8.223134133921039535e-01
1.206750212302654113e+00
8.940730190333666672e-01
1.165576024179959758e+00
3.439138810035231031e-01
1.397103106646064186e+00
1.409291074754250417e+00
1.251319014741314462e+00
6.362736180056755009e-01
2.515816422770903227e+00
2.937835105677870207e+00
1.493015908798262625e+00
6.544585111113078169e-01
8.021142275022928869e-01
3.719842638288215930e+00
1.123890496576022358e+00
8.083627795636512126e-01
1.397408683063131374e+00
2.225712841009414689e+00
1.630759510789415057e+00
1.800136202335818281e+00
1.357711035213050810e+00
2.103050072306024365e+00
1.130676872871028804e+00
9.998883844122999909e-01
2.408538179364478005e+00
2.676809022014154049e+00
1.571183224101072584e+00
1.309847728875249695e+00
9.971273317378666068e-01
1.288384282544204229e+00
7.812074840901956918e-01
1.242181983690296754e+00
7.448776400727391556e-01
2.428739093429108375e-01
1.899054299206273111e+00
1.774963698331328610e+00
1.332313039300722535e+00
1.105198521127831679e+00
1.252345122160023250e+00
1.265141547086646723e+00
6.578698069547679328e-01
2.560507463913312076e+00
2.489217065569618581e-01
2.354198112995254721e+00
1.709831677768185898e+00
4.860421909264517337e-01
5.860994540815460674e-01
1.843907219876584458e+00
7.797562554333075102e-01
3.065766610486845956e+00
3.322038845529087681e+00
2.464339270961073858e+00
3.169147558968414824e+00
2.622093748576927119e+00
2.574970845837942335e+00
1.158340103622196748e+00
7.385773826899881822e-01
1.892448971736389485e+00
1.366467470482286783e+00
3.615334787088667845e+00
3.343687932172231481e+00
1.632998951775477714e+00
1.874699578972965464e+00
1.541899464745900117e+00
2.033516332251705361e+00
1.668434114448416050e+00
1.500167123778566980e+00
3.434748351358177576e+00
2.206410768751497553e+00
1.448123977024385667e+00
1.312842759952945970e+00
1.278679011157992207e+00
1.302595875122908087e+00
1.089023898485309561e+00
1.122617411761465567e+00
1.200130967483685529e+00
2.234192777136307040e+00
7.224528542363138905e-01
2.671419409047925519e+00
9.503594743810836465e-02
1.463680874492950368e+00
3.373657768526190814e+00
2.007220481406478463e+00
1.992647132564814960e+00
2.121206390323420621e+00
5.461523873149328745e-01
8.720803707809529071e-01
5.797423820815164053e-01
9.391675436610106287e-01
5.518084302202456159e-01
1.512428018823724907e+00
6.029716336287899159e-01
4.259259843440220128e-01
1.020574400861092856e+00
8.713089796768552775e-01
5.051533095629324732e-01
4.540884135266164967e-01
6.111924825941638106e-01
6.917353617410604283e-01
8.900463883295529621e-01
6.785188030814118809e-01
6.816423612948444566e-01
5.008175153501362997e-01
7.289366253437208343e-01
3.098987784118888977e-01
1.259997130004194110e+00
6.371482655124042216e-01
1.288112014078245826e+00
8.935739935333100181e-01
4.030533656927516861e-01
7.672139364588701493e-01
3.377151286148966647e-01
1.193004781639107836e+00
2.807110781841498870e+00
7.820700274170697686e-01
1.193728272691866543e+00
1.183551996765633607e+00
1.566814790713550787e+00
6.891617400785072789e-01
1.668816336808273348e+00
3.040744736828534522e-01
4.109297475454018467e-01
6.314779219070577598e-01
1.512082118182362711e+00
1.225703128839809919e+00
2.148687257950694374e+00
2.940054802640739151e+00
6.687993877146120036e-01
7.350122693163010368e-01
2.647674421512906218e+00
2.344866852319674511e+00
3.066773525125415789e-01
9.251640625258769068e-01
1.725965265435640106e+00
1.053992856642564702e+00
6.057134759909867938e-01
1.134324582267056236e+00
4.269099211615547396e-01
5.451198023020330519e-01
3.382993880201298764e-01
6.864188398072070818e-01
1.245152386025294211e+00
2.577973606781442495e+00
1.239616251554962911e+00
2.354424104956583719e+00
2.465312688987327583e+00
2.477940658823902798e+00
1.085912398235077125e+00
1.182730185260550515e+00
2.587454027527413825e+00
2.594114694459273895e+00
1.194633237203648113e+00
9.157144241495429604e-01
8.477445330581623306e-01
9.676075851843838338e-01
2.543079754135089132e+00
3.734618452408402955e+00
7.414793952582309222e-01
2.300307098564712049e+00
3.125627951906218560e-01
2.880800094360541075e-01
5.345413434715508005e-01
5.972192762419611389e-01
1.246621882721679953e+00
8.207805216120824809e-01
1.464911702666334525e+00
8.448912769544434376e-01
1.208622793845616883e+00
6.555170506840675149e-01
7.096174120711352673e-01
1.124519302407022137e+00
2.285785816967337958e+00
2.046646962522395530e+00
1.643955819793309514e+00
1.142671299855028799e+00
2.874160256456653961e+00
3.095443909906405278e+00
2.277662253760057265e+00
7.720988138639409692e-01
1.514209731263436165e+00
3.202085657956219134e+00
2.523048084550677750e+00
2.384060275120371664e+00
1.405261768126483624e+00
3.703970239898741190e-01
7.635019499802836451e-01
3.032241049980907821e+00
4.125061124454690642e+00
1.914790496140514442e+00
6.025032581013960442e-01
1.882955121201195903e+00
2.308520290215825721e+00
2.792782332577667503e+00
1.905953684062664966e+00
1.671778706468445064e+00
1.644187342038553101e+00
3.179693847229598802e+00
2.259584998211385365e+00
5.094600913484987892e-01
2.329604515755887117e+00
1.895495095144228426e+00
1.504794012990851915e+00
1.422604848636826347e+00
1.040654109639951530e+00
9.420733318389530320e-01
1.218832979876300904e+00
1.558811354279119321e+00
1.236469846235703329e+00
1.793771425900890559e+00
1.278642776374601109e+00
3.271328655347583769e+00
3.181423848430552148e+00
2.365910887540010332e+00
2.210016606216461454e+00
3.990126697833727309e+00
8.751694892208043974e-01
8.617666520473067360e-01
1.288879457543168572e+00
7.734784388941687849e-01
1.591527575721091603e+00
1.577686508680594457e+00
1.223386095519335637e+00
4.131526090582753885e-01
3.035883046917458583e-01
6.251992952508619306e-01
6.105154512505084341e-01
5.930249465009970189e-01
7.101447496263654235e-01
1.635539361034099359e+00
1.279870975446361303e+00
7.359331826833052093e-01
6.212545658109135394e-01
2.572243848680852985e-01
8.440202816489499327e-01
4.859202945631030945e-01
9.468933801267164219e-01
1.395038399585548650e+00
8.347270227537245679e-01
2.201818681625601570e+00
2.437675848292763181e+00
7.333887026011973731e-01
8.496400163113080328e-01
1.412509537148084915e+00
1.273789922530996765e+00
2.966607890458737629e+00
2.221804277654095827e+00
9.647294480647835568e-01
6.642675151673552714e-01
2.246176041200500073e+00
1.635481402349334479e+00
5.448620670577436487e-01
1.525753575523024486e+00
3.251082101031637084e+00
1.826288388460357126e+00
1.781649709633456480e+00
5.550284697655545330e-01
7.001184056570767256e-01
1.258448432828692676e+00
2.174931522510862081e+00
1.904691611808539964e+00
1.835758132342752980e+00
1.960734396398595258e+00
1.360681677286830205e+00
1.100435857814533458e+00
6.489651029848232389e-01
1.460478307669145881e+00
2.649552525587639984e+00
4.657081250637207681e+00
4.460679711213777487e-01
9.656585361893893493e-01
2.279409116138172653e+00
2.553930928342115436e+00
1.274071655335814013e+00
9.887582405346946324e-01
6.392702131056274828e-01
1.440314681898294369e+00
2.369457771823039405e+00
1.733349445529665189e+00
1.355991262617376458e+00
2.083785033694768973e+00
1.487165556787679588e+00
3.178809352213951556e-01
2.678000970242379264e+00
1.812721602644855823e+00
1.659144368037469564e+00
1.293068458457985681e+00
1.907694674950454861e+00
1.844927317138629785e+00
1.748834817233274386e+00
1.022906624388468133e+00
7.561882138341117221e-01
5.774900842323759109e-01
1.241008909295895579e+00
6.132028918527451244e-01
1.339230190095580753e+00
7.412292259429289487e-01
5.258466378924576690e-01
5.650979647201652689e-01
2.844018277912205850e+00
3.460474822756292479e+00
6.244428047399882553e-01
3.092292231994890894e-01
8.968641483877686227e-01
3.918009825757700071e-01
4.980100981468537635e-01
1.703337727424798276e+00
1.357510804279765670e+00
6.091930374845661023e-01
1.736738655725023284e+00
1.412142601640301143e+00
1.626060665183202802e+00
1.139885490448791394e+00
2.219044836149425937e+00
1.224678443864859911e+00
1.178685392877490523e+00
8.113843585428146543e-01
1.609427690453202553e+00
9.998754148208652826e-01
3.496422821229062894e+00
5.956870727305155766e-01
6.362541852246175189e-01
1.558328328842302657e+00
1.842440214140014243e+00
1.775288338116002063e+00
6.334230984516460161e-01
2.489629591174620238e+00
1.469263840700958390e+00
1.338250402657861438e+00
8.995345948197340791e-01
1.612378863855274735e+00
2.342271665979462014e+00
4.332553981912787289e-01
1.063059662426032004e+00
6.746337494477094854e-01
1.973467847515637530e-01
2.066890574338291930e+00
2.152175951871227344e+00
1.046655145722522828e+00
1.182179301496202095e+00
7.724448045770679894e-01
6.817488395328344941e-01
8.263945991393653046e-01
9.279835231867453738e-01
1.241073024476107456e+00
2.896603040548019870e+00
1.280043381359366350e+00
4.385972014982810308e+00
1.563978749654590050e+00
1.359825014253453812e+00
3.826512464602088492e+00
2.199519885686312293e+00
2.339378260669159104e+00
1.685974441191681050e+00
9.779377032209582987e-01
3.953321619570783207e-01
4.561568263653163480e-01
1.023640325640489568e+00
7.976133768624397158e-01
6.044471068709689199e-01
5.107474255577021394e-01
7.628106378656487330e-01
9.522474581798752169e-01
9.026459296615674255e-01
5.721891453545924211e-01
7.323120280909112267e-01
1.539738028716262752e+00
1.648992835014883918e+00
1.870159123975387194e+00
1.755377114752203260e+00
1.061390022716476755e+00
7.807613810043535496e-01
2.613531172628859700e+00
1.957020205812394886e+00
1.237200775893449123e+00
9.614075210056434173e-01
9.045148243713263536e-01
1.519824246363980613e+00
1.375961268009909588e+00
1.722549214696727171e+00
1.506842415560686099e+00
1.174806471150165121e+00
3.478159833548711610e+00
1.963590119216903851e+00
9.374571594252425477e-01
2.012921434560044354e+00
1.236113129782263176e+00
4.098667286369826468e-01
1.573816068222379183e+00
1.897701218925494038e+00
2.025062864454780787e+00
1.707549031403495121e+00
1.776795799766473394e+00
3.853063551761361172e+00
2.876243662903716469e+00
2.529340372950647509e-01
1.903188411137764380e+00
1.481126521221456604e+00
1.549766201084809669e+00
1.659673639812860424e+00
1.512197314521198210e+00
1.972788813111296280e+00
4.873250468139647573e+00
2.713899923811340820e+00
6.466465875240990924e-01
6.820303274349516220e-01
9.690268392510268392e-01
4.661595900255754432e-01
3.004715679975415721e-02
5.073005470274494222e-01
4.327386916170791187e-01
6.501360103733302420e-01
5.235982506467261599e-01
9.436331350968925058e-01
3.817832833883395560e-01
9.980734932074554200e-01
7.810186847897719886e-01
8.884645609934275212e-01
2.668496743881297317e-01
4.132180588936250065e-01
9.248946133625794985e-01
1.369875323730838312e+00
5.567239421967213886e-01
1.478893568690017757e+00
1.627043878212719452e+00
7.434285538530632786e-01
5.157776403434956025e-01
7.380332672734262189e-01
3.735100890129398055e-01
2.039253036474695246e+00
3.666171516295392507e+00
6.212700055890251205e-01
1.185788890762379921e+00
9.810662585426035420e-01
1.417176661044246444e+00
1.397581612514907423e+00
1.674973123693818566e+00
3.336554063055439112e+00
3.642763330341197481e+00
1.179995800953253404e+00
1.779935839777991191e+00
1.254674594528586651e+00
7.350146672372629419e-01
1.551895453461113350e+00
7.773642846526395145e-01
1.844935307894687071e+00
1.692981268747137502e+00
3.294718071447908958e+00
2.441070335648526157e+00
1.398912190576534265e+00
1.871762637999487167e+00
9.657156978125170932e-01
4.454771113179284425e-01
3.767500400827689333e+00
1.281803232898949929e+00
1.847272835157355297e+00
8.654531962144518253e-01
6.000944957676186409e-01
3.551000826072074346e-01
2.014133301799170273e+00
1.916949140528937390e+00
3.685418686492494267e+00
2.305313461304360878e+00
1.707925896115100040e+00
1.964016679818768596e+00
6.914531628756288573e-01
9.977951293130925547e-01
3.810906754552048081e+00
1.939257851962465251e+00
6.536840735690649939e-01
2.241953007648222473e-01
1.024094966537376417e+00
8.645016668336211740e-01
1.583251968331015780e+00
9.982911612425303671e-01
6.325307829793753722e-01
1.964662012314532191e+00
1.565520545537899322e+00
9.978741654208517220e-01
2.435215031041466638e-01
4.940356277040914290e-01
5.459147677692247624e-01
9.034349211526585544e-01
6.724738573760321581e-01
7.793385324500898825e-01
3.165134999139939675e-01
8.419661196692640459e-01
9.902097411263028892e-01
1.279301628968805948e+00
1.097385206159720461e+00
2.507193184110209305e+00
9.174342597735537508e-01
2.193804978505733416e+00
2.677533750408930047e+00
3.764333409601500868e+00
3.154512761798083709e+00
2.710550307859989072e+00
1.696875596357936722e+00
7.157133938414346197e-01
3.030073274639138337e+00
1.667826800198358494e+00
1.114235632601946024e+00
1.827739877328606655e+00
2.317814160183119032e+00
7.219940154531230281e-01
1.201989742371510461e+00
1.412336355642471730e+00
1.122184236748889896e+00
9.622774663847341037e-01
9.072121088267371958e-01
9.715863563305187078e-01
1.153640788216158786e+00
2.354978426453593343e+00
1.875116240324389283e+00
1.553044544298915364e+00
1.902325732141113335e+00
1.661879886605300394e+00
1.716027290107153824e+00
4.395847340436999318e+00
3.327930951443904828e-01
1.368745899193001936e+00
2.402490259794205052e+00
7.082856578239143941e-01
4.721974808116801703e-01
5.888261461962840393e-01
2.555446410993261197e-01
1.725784392270174328e+00
1.549257283422852627e+00
2.920165211707556274e+00
2.744941939762743033e+00
1.723956889683055493e+00
1.751593174431651301e+00
7.427548570400167582e-01
1.488940445814135316e+00
8.922966473643844099e-01
6.357547587845130410e-01
1.784414343890014853e+00
1.580674698966151537e+00
6.288839491060616016e-01
7.258289932894468333e-01
1.977506316434485489e+00
6.839934228344608513e-01
9.153338263091342908e-01
4.811636083727504065e+00
3.174849808758062331e+00
2.341549547438011469e+00
7.810648891125319127e-01
9.721865464370945675e-01
