7.242843207681785023e-01
1.690042368629835201e-01
4.877367848969068609e-01
5.287506287443861641e-01
5.685287491351561640e-01
3.988751066908414189e-01
8.541072044240025640e-01
1.331637351033759797e+00
9.849229235111064407e-01
3.216901520459709563e-01
2.615217529776742156e-01
7.696341701986328387e-02
4.522135124637472470e-01
2.000656067943377692e-01
5.608797503855643685e-01
8.087732813960655243e-01
4.642601733990548429e-01
4.338486272779480402e-01
9.074903067982088567e-01
1.139850019473918508e+00
1.000150033322648291e+00
4.000679243869026402e-01
3.700750537106537452e-01
4.678669808949282860e-01
1.818677384075109371e+00
1.436164949102249011e+00
1.411058268396101711e+00
9.882193124938605244e-01
7.221519884929660238e-01
2.743181809221921341e+00
2.053139909223991033e+00
1.364694714990635660e+00
1.775921550918879044e+00
1.608855171823659891e+00
1.406383983479563282e+00
8.640850608342532935e-01
6.585876874483200805e-01
6.968069341147198337e-01
5.033355124274303538e-01
2.117817573303567569e-01
4.775099904125493788e-01
2.697624047804861314e-01
1.698295009983698201e+00
1.013259568099283969e+00
1.262871145971788955e+00
2.833849766541761128e-01
4.656384170977221348e-01
4.771829734958092928e-01
7.945815474699531311e-01
6.355817247275227233e-01
1.553743458118609144e+00
6.196885575073435293e-01
4.115706108534958885e-01
5.603278049258492155e-01
9.485879848203422338e-01
3.190034583778659782e-01
7.899869481695021012e-01
2.782144833838344211e-01
1.176187501765401516e-01
3.657629369861915558e-01
1.194634892480842980e+00
6.894453708822247950e-01
1.082280848302797693e+00
1.876948891593086088e+00
4.968072025487069165e-01
1.311988310105298039e+00
1.385807712622845189e+00
2.341397872394217039e+00
1.297777508834878413e+00
1.493453843066419706e+00
1.124493825547244974e+00
8.416038414326919570e-01
7.118378252925749994e-01
5.251320359330444720e-01
3.714164242498226298e-01
4.047947392266012523e-01
2.773705742437124200e-01
5.495648261259785672e-01
5.117541394641678121e-01
1.472943677736294199e-01
2.177985476525482744e-01
4.141343165530355086e-01
9.255928257379847368e-01
6.723050702888180297e-01
4.931680570006692355e-01
3.620658377433023656e-01
3.034177691370597563e-01
5.092676956279476030e-01
4.298448332662333504e-01
8.459217259771814046e-01
1.444203367856971287e-01
1.111312481711745681e+00
3.108786266450856983e-01
2.844499454995580989e-01
1.288618124134254694e+00
1.932697251782128589e+00
2.829968283106538696e+00
1.821065667682198352e+00
2.285231729631775011e+00
6.124569435826499042e-01
7.131354211959485268e-01
6.708331428486575820e-01
9.863763679810003127e-02
2.703966396588616927e+00
1.336318418241665862e+00
1.197443395841612190e+00
1.754641276742412437e+00
5.164762265190432355e-01
5.193015185833477210e-01
4.127313239977682402e-01
8.725585499437465975e-01
4.168112356898316939e-01
5.452272352926178511e-01
6.530519567459595054e-01
3.305391846155673052e-01
7.283879929614847093e-01
5.293560958876845080e-01
3.577677053907111770e-01
6.959978880538120194e-01
1.067098948893615118e+00
3.541668229221220376e-01
4.826083145276797159e-01
1.066482005047446613e+00
1.377573911163025855e+00
1.028737007965922157e+00
1.483628220183853097e+00
4.827144901269488919e-01
4.165022482295024919e-01
1.036541734559421668e+00
2.096140102832545760e-01
5.120918079982156312e-01
4.151601084384489160e-01
8.407527722553770344e-01
7.491612540202713388e-01
5.346037026612179277e-01
5.434672837341708584e-01
4.155674802771303966e+00
6.492636198141316095e-01
8.337380003960384034e-01
1.262399079979396044e+00
9.129733619719447857e-01
7.734437011725744382e-01
3.181769455701922711e-01
7.908325419476854856e-01
1.013611115836715593e+00
1.046263223794237751e+00
3.025836843716913083e-01
1.011054710452577554e+00
1.079423999171776227e+00
9.395422931993078208e-01
2.893652544125622783e-01
6.576229654709295769e-01
1.839718453640880158e+00
5.059823663781104486e-01
2.654112261900948289e-01
7.264234355836817203e-01
4.589719240427339586e-01
3.025477659313095535e-01
7.922113903270471269e-01
8.405865977032042080e-01
3.919368330814568813e-01
3.392827528749296495e-01
3.034885643186818194e-01
7.117534676282825101e-01
3.268172363300164696e-01
1.534855436083352620e+00
1.737109224429880250e+00
3.204061954993618899e-01
6.626087563728106922e-01
5.373607284658249439e-01
1.118297189277654424e-01
1.269934053937981311e+00
1.949763251244935658e+00
7.927891457926155017e-01
1.277603574296184208e+00
8.194920390961717427e-01
1.377169841121142158e+00
9.704457217526746282e-01
6.286894598698661296e-01
1.200599066939095350e+00
6.535590427219930554e-01
6.964866712322417275e-01
4.633049398048244560e-01
1.133988850442041452e+00
9.367764073671263070e-01
8.607581005360267490e-01
4.501405066888266027e-01
3.478689473665900755e-01
5.340140628266913936e-01
3.219636798399657662e-01
5.830911391036520675e-01
8.319607670997313242e-01
7.232355736226629972e-01
5.134338028523791619e-01
4.392032423399886421e-01
3.772842164283199962e-01
1.098124014453579322e+00
8.838434852633725303e-01
4.869859816705900957e-01
4.391874738015359436e-01
2.005451472615583874e+00
4.558055114309449984e-01
5.398028618609643781e-01
8.871138886152172276e-01
6.049787149322494173e-01
1.112414762177444949e+00
8.598045956984117222e-01
4.732849836673390098e-01
9.782959325916902316e-01
9.842651892888073517e-01
9.264171561277050326e-01
1.645311830184345903e+00
8.035453812176298616e-01
1.317709748727773134e+00
4.457592636794276975e-01
8.128140977437192660e-01
4.002469470301676657e-01
1.118256417057051921e+00
1.463433585296875616e+00
4.663911604004506439e-01
5.351835070082761048e-01
9.068655652820084567e-01
6.188474175792814114e-01
5.951971354488352350e-01
7.672841803606242905e-01
3.282285150061720613e-01
4.674724589602516356e-01
5.020256368617905807e-01
8.043698768096154694e-01
5.193962976756260064e-01
5.848867564045074907e-01
7.903050161747166014e-01
4.944866694344892677e-01
7.999218476210326889e-01
5.189580426919058187e-01
6.546092035639515805e-01
8.813268776218609046e-01
4.874007793336698757e-01
5.777067429567052104e-01
5.786217965315300082e-01
4.370956008372381407e-01
7.854961409344878298e-01
3.895356681391308751e-01
4.339762730634358356e-01
5.856203790385854369e-01
6.198424067183496700e-01
4.717511014334186958e-01
6.020313592238173417e-01
1.133058081676563411e+00
1.130121159359209981e+00
1.180495848783509327e+00
8.324945702698542949e-01
6.676722296317531002e-01
1.784584780682181071e+00
4.949557831962421717e-01
8.774097384448810155e-01
1.858055837439613334e-01
2.182852572714924833e+00
1.436738772853924928e+00
8.384345926751999301e-01
2.537165450199548866e-01
1.347515668153586255e+00
1.794210362603900766e+00
2.473045651882719298e-01
2.980805543881309694e-02
5.166250961808634967e-01
4.020412790723936758e-01
4.881379507640203341e-01
6.575970786561167181e-01
8.827727332003418859e-01
1.739751387415207073e-01
1.566211884424846934e+00
6.501774998059408617e-01
1.060430542336524784e+00
6.884251524867005534e-01
5.331923358018348935e-01
6.793562079267121412e-01
5.836804714960546203e-01
4.212920386751050628e-01
1.088183757621029368e+00
1.419369776828178553e+00
6.467769410236237082e-01
5.340915283318002915e-01
1.610761903829960984e+00
8.118480718518572559e-01
1.891197049357998594e+00
8.241414902057347946e-01
9.089606671312445707e-01
3.831594603889541539e-01
1.503694471621739082e+00
1.272263212531790977e+00
9.807464034793843544e-01
1.623745063300209290e+00
1.073617694290990743e+00
1.049746544318125308e+00
9.243172473196027417e-01
3.561273800866783801e-01
4.289953170148752548e-01
2.641741357567856663e-01
1.079844175203412027e+00
1.185804658149487434e+00
2.601595297940978657e+00
1.813596993574239535e+00
2.928614322469416664e-01
2.752702261387177107e-01
5.101520662076521884e-01
3.667531197591060166e-01
8.338561872772526362e-01
4.848998496710196782e-01
2.159320490004077719e-01
4.258163730789240597e-01
5.889546567915286968e-01
5.450031235281664888e-01
6.687548473207737265e-01
8.032892970525246090e-01
5.640067417926077908e-01
2.913705598739109726e-01
1.594442579254379266e-01
6.315047852406795448e-01
5.022140812281963296e-01
5.812602507188154854e-01
3.901530435117602780e-01
3.372849886561386512e-01
4.490601505324741116e-01
5.374977151660507158e-01
7.342587712349846196e-01
7.293089455443951818e-01
1.045189593915423876e+00
7.368597332261972443e-01
4.008193805891733796e-01
3.221282562939133398e-01
6.732824076973916716e-01
3.007201989692698807e-01
1.656572770171658160e-01
2.675725462942449284e-01
1.716020411141826740e-01
4.305098619273401428e-01
1.348022851548518641e+00
8.209960016492068302e-01
1.535105422139811271e+00
9.268085419464519026e-01
1.914869049253607125e+00
1.059614651233613314e+00
3.538036929121449181e-01
4.833021574546977339e-01
2.700003619736708882e-01
3.308993652482322134e-01
7.674134740627607254e-01
4.300650559921543326e-01
2.619318173689781926e-01
4.948035566375350025e-01
6.517054788780882735e-01
6.605569553497384616e-01
2.272876351501797565e+00
4.656227184316996670e-01
6.524655977785354111e-01
5.347992932027469948e-01
4.696342157575967846e-01
5.181863379833883121e-01
4.865240061399664362e-01
1.753608905613424529e+00
4.849831466882442710e-01
6.308437810641465138e-01
5.300082079274495150e-01
7.588551467875815915e-01
1.035050735780819853e+00
7.220517347434350641e-02
1.529734226449311063e-01
2.149194708537486564e-01
8.128045606821455993e-02
1.089117414017279240e+00
8.937215450954518747e-01
1.387512965736789727e+00
2.990996928937447841e+00
1.391103896047659383e+00
6.997738796806854955e-01
1.567833383204196185e+00
3.850626119790582225e-01
1.494175197155314772e+00
1.800949304805940399e+00
4.934096825651083651e-01
1.605091845278917129e+00
1.551117961090698438e+00
5.721388857806988248e-01
7.453456873939277028e-01
8.137737104375561970e-01
4.735054899156226349e-01
3.159221516854910372e-01
1.070385964114089150e+00
1.461519299527553661e+00
6.839919367772813175e-01
4.021621408864819447e-01
7.675738845472777072e-01
4.358827504099825889e-01
6.343361884577473075e-01
6.613093294657313992e-01
6.680297117112123928e-01
5.820748563897724104e-01
4.143353081799318050e-01
3.254884935773350030e-01
4.028439803349408987e-01
4.406367278592999703e-01
8.122359222645281207e-01
2.536413378026760035e-01
5.785370552530603172e-01
7.497012690988064110e-01
5.850483962200065946e-01
7.402233093591735757e-01
6.292529319902916418e-01
9.436427580507719126e-01
4.045116514812694963e-01
9.395013876552236187e-01
1.165644019288132771e+00
3.224258502761154221e-01
7.164764586643619371e-01
3.410134303811139578e+00
4.723469705382121187e-01
2.340102279438036170e+00
2.030035665507195386e+00
1.363061198075298686e+00
4.872355861315921799e-01
7.492120749784064726e-01
1.611199696894007050e-01
4.904266206371266090e-01
4.934855908321838514e-01
3.489810185916046859e-01
1.002227834295417397e+00
3.798708788770265854e-01
7.580113534669754571e-01
1.574696279044466518e+00
7.958667241911955292e-01
3.833388837195920162e-01
1.079003424875935035e+00
8.655852259031087126e-01
6.776451305280136728e-01
1.559740338881561994e-01
2.329529007325918499e+00
1.041395813773131396e+00
6.032097019045131736e-01
6.313956876097912563e-01
2.536153075775907095e-01
4.762448952598819507e-01
1.626376589572690046e-01
4.959465912573284285e-01
2.645223342051141180e-01
4.303818908043175462e-01
1.313429313725344549e+00
8.436586666700599535e-01
4.878552836881238641e-01
6.280179798709439876e-01
6.009655403752567349e-01
2.540597594846433216e-01
2.474351057594273151e-01
4.609181166001000141e-01
4.818979371519523380e-01
1.289727010200392820e+00
7.433978072280585936e-01
5.489253083820395673e-01
9.783089481317019942e-01
1.447243858305937714e+00
7.740325300079992088e-01
8.388303574390703066e-01
4.821454361296155788e-01
2.063591425670268098e+00
1.291497829600101399e+00
1.263847484393362031e+00
4.349635176818850146e-01
6.645663919657260887e-01
7.214165383148757327e-01
1.437437413957123544e+00
1.120056257897655172e+00
2.793572842677420454e+00
2.215114833609255207e+00
8.982597484061992654e-01
1.730244440294613106e+00
1.875626827955915399e+00
4.431667966488552213e-01
2.744490074977822269e-01
1.217585779515296895e+00
2.472716670109432746e-01
2.332433069571341999e+00
5.115668447616255055e-01
1.751961411380975164e+00
5.932076525886994522e-01
9.983390120804657153e-01
6.151645889531961453e-01
4.625803415788177775e-01
1.007125792879535187e+00
1.611645519363026802e+00
7.726372271503325617e-01
1.272532844915996053e+00
7.764943073320521583e-01
1.358477981951636826e+00
1.037483826944403553e+00
1.211344769546018441e+00
1.468229008735399521e+00
1.270988371455622268e+00
2.978499745087077155e+00
7.455256819608070407e-01
5.392592699023055491e-01
9.017832531257491402e-01
1.531823420127635726e+00
1.046669346845549464e+00
2.047284568427128360e+00
1.004694688702292504e+00
1.189764109259003666e+00
3.163232362042568191e+00
1.574716995753336013e+00
1.125256175126568170e+00
1.037317923519753382e+00
2.564315547983938348e+00
1.552718623044267998e+00
6.295813370864941083e-01
8.757845410874619541e-01
2.496554062167342103e-01
5.080229459316477625e-01
5.376611477642874171e-01
5.093470073885453253e-01
9.407063438026158630e-01
5.029921556422876083e-01
4.434129821045929010e-01
7.113962019943758097e-01
5.887608799255372727e-01
5.229119769359782399e-01
3.278661367327047604e-01
1.080050448558810494e+00
3.261002470902639727e-01
4.371976093712406364e-01
6.691672239142397727e-01
4.128400683630746859e-01
4.219232818691941445e-01
9.426821366280646597e-01
4.724639755803277108e-01
4.018634140537155064e-01
1.608702691119258676e-01
5.057686926616008494e-01
4.211264827324160409e-01
1.652877722367847246e+00
1.219267482592221397e+00
3.379869862100527977e-01
1.036842291898357749e+00
1.427039908260142820e+00
1.518198781342953385e+00
1.014260387712935252e+00
2.842913338718681793e+00
1.041880623105644554e+00
2.546079074961081545e+00
2.308018677827152754e+00
5.259704431639445898e-01
7.264070143249129474e-01
6.766785878315217939e-01
1.038708071882202821e+00
4.902256163650095533e-01
3.165984613757295563e-01
3.721433853655393698e-01
4.264592013840702855e-01
5.410110459236272540e-01
6.137499420716636678e-01
1.019994846705998937e+00
3.073767794761528283e-01
5.844556317025009218e-01
4.678828643883486404e-01
2.481739916911052668e-01
4.554883429200293765e-01
5.135297272185005424e-01
2.891021952388281857e-01
3.885138017861456405e-01
4.782807414123136924e-01
4.505889454865761312e-01
3.919861252815546870e-01
4.485591784133713400e-01
7.674009074012480003e-01
1.672208429958410569e+00
1.084391473946031859e+00
5.930160546698852730e-01
3.063883847907427072e-01
4.480477300102563287e-01
6.310401583396672009e-01
6.219607648261490374e-01
5.243302483332552555e-01
7.006739310693363976e-01
7.973460580104690942e-01
2.589000695943821651e-01
4.775070448025859338e-01
1.773429133820540182e-01
9.424220295607779185e-01
8.159648114519414408e-01
6.652607455132614200e-01
1.794077332926124813e+00
7.571864256935899595e-01
9.658159804149182293e-01
1.689587225840954332e+00
1.468332593487351234e+00
6.832893232080031742e-01
4.755480673942087400e-01
6.772082768187349666e-01
8.836950896032933489e-01
4.050410569911287451e-01
3.112605877562406032e-01
4.859843855128302970e-01
8.950368280728319137e-01
1.170189753948020384e+00
7.585055183498609077e-01
4.904846830536193636e-01
8.813815063599076405e-01
5.593196861547201637e-01
4.654266404918391831e-01
6.940045343251389776e-01
7.319248418799866318e-01
2.890924886340910938e-01
1.339070458502718275e-01
1.496697891268503389e+00
7.338417256347518070e-01
4.193905275718688430e-01
2.051592995393471064e+00
1.180342938762787952e+00
2.416976918353739012e-01
5.863472717618610774e-01
1.038278638957169875e+00
7.773270385727718557e-01
1.029835455727928784e+00
7.467928412177654574e-01
1.665338449327092851e+00
6.601209133965778575e-01
4.900404766543144941e-01
6.526824450382612275e-01
9.701713664708566665e-01
9.096065163604920567e-01
7.683573377813280869e-01
3.002061526347676867e-01
4.034989009614347588e-01
7.722871173776473253e-01
4.910375862718688311e-01
8.469346096705628879e-01
3.821476462468046398e-01
2.316465926455400781e-01
3.770118000104141220e-01
5.470252691759168728e-01
3.364146124078616906e-01
3.030015802527046831e-01
8.570913497100061118e-01
2.106743322097133220e-01
5.190904184684176359e-01
6.414633420622145588e-01
1.059609395543840371e+00
7.645516919918683429e-01
1.017980462329884261e+00
5.208792595941371673e-01
1.049920752030382598e+00
5.059236734950398606e-01
4.606095211118873545e-01
5.764955964592739512e-01
4.568311274942967737e-01
4.352197650034261844e-01
6.983711146154507610e-01
3.225103497939331154e-01
2.383983378886694038e-01
6.671139602943214619e-01
3.922241105988267806e-01
6.129707417835311700e-01
8.902815687785261556e-01
5.883756242955708871e-01
9.218528118925563009e-01
3.637820622486985234e-01
7.841272915297884394e-01
1.256701077166277325e-01
4.401283482238531053e-01
6.894740016425334739e-01
1.447742361959142743e+00
1.869160452424726726e+00
5.001484140255308963e-01
1.540524323907532356e+00
2.201464375133909357e+00
2.891066933744454115e+00
1.312399461455357574e+00
1.320131426703756716e+00
1.130334084249396076e+00
1.719034666569627445e+00
1.193899317047701913e+00
9.082460277881734267e-01
1.675535757951479576e+00
1.848059741309496129e+00
1.238244111778610712e+00
7.853511358326261682e-01
1.400887931579203549e+00
1.175713503202441057e+00
8.758561419041998031e-01
7.224392031186246399e-01
1.106962689759883656e+00
5.099525932571317144e-01
1.046944355627959622e+00
7.592418158790574800e-01
3.222527740761662596e-01
4.470467431860831731e-01
1.277896782191829228e+00
9.267547638423033474e-02
2.278537576264831888e+00
5.723017817631920190e-01
5.798859330430862213e-01
5.433791214298694383e-01
4.317281997760566981e-01
1.137853006727221006e+00
9.716527414043542032e-01
5.978475612179345866e-01
4.609856241708941704e-01
6.167170454993856632e-01
6.462150285790393411e-01
4.684804748351099057e-01
2.337833991976648040e-01
7.553109102466998293e-01
4.062618440761164296e-01
1.503929756313657107e+00
1.236178740072431781e+00
5.307515150245263325e-01
1.288913126204300097e+00
4.049797734772379032e-01
2.673435223297657704e+00
2.034442648451155744e+00
1.252247114241635817e+00
1.021622609176403351e+00
6.039051706716038748e-01
1.340197667085001321e+00
1.053377691975998509e+00
9.250615319381159107e-01
2.089120757624538971e+00
2.069791384646198384e+00
2.469065165893354674e+00
3.784743693049949620e+00
1.019063995320910188e+00
5.953291555066164698e-01
2.256231221747764693e+00
6.834648514755330140e-02
6.239396609093990076e-01
7.956009786104306647e-01
5.831425258255381605e-01
6.608756972495640758e-01
3.305012395032540518e-01
4.583730225518244938e-01
5.029860130653990291e-01
4.088036239752696477e-01
8.907446822115729912e-01
8.024539989178254284e-01
4.969500248212984084e-01
2.420825859106341127e-01
3.567400719012511767e-01
5.007770031035043701e-01
6.754591133930730740e-01
9.861740501454387964e-01
3.730527944453106981e-01
5.123605900862269330e-02
3.000659613735405795e-01
4.951397834515356422e-01
5.609552826589261354e-01
7.054388231994248581e-01
2.867622006404703661e-01
7.200370068788228828e-01
7.238259319428432814e-01
8.367411100903066057e-01
3.109330938441910996e-01
4.885779323976359168e-01
8.458617885535196779e-01
4.054464068282456202e-01
5.077982587237480638e-01
6.478148262688446790e-01
8.327137465148463091e-01
2.370291611353053440e+00
2.761358762155941893e+00
8.127748669957108874e-01
5.504135914255801065e-01
7.172004344135537446e-01
7.171489774574143494e-01
1.212246342097679230e+00
1.299871234458048752e+00
1.631390288984046588e+00
4.923614859841636271e-01
3.128825124926137846e-01
6.024751701643508150e-01
6.926948061405550083e-01
4.489366796265548687e-01
8.255045027870395735e-01
7.027106955798170240e-01
1.182876398208271063e+00
5.466228025668299351e-01
6.133253096815993732e-01
1.339873535356550793e-01
4.195986800938441563e-01
5.631653546520148934e-01
5.405233374473109587e-01
5.032039101535141778e-01
3.030202250314367740e-01
5.221571528726901557e-01
2.590038219057210211e-01
5.455100764718835427e-01
3.858260995734444365e-01
4.441160394923526211e-01
7.515346436979779554e-01
5.476186982471558107e-01
5.759920963334063115e-01
4.899018251016556968e-01
2.820975828875199043e-01
4.770165689226372185e-01
6.295983451355267047e-01
1.742209251102449619e+00
9.352209659267870512e-01
5.076187775540678127e-01
6.279429522430135524e-01
1.017256886571755031e-01
5.211457557894426662e-01
7.017501697237977787e-01
1.341621542899879449e+00
6.417879275593669774e-01
3.368836015206642109e-01
9.826553645315412311e-01
3.651779924119046838e-01
5.986062133363940774e-01
6.599258197510177171e-01
8.551137083195783362e-01
5.364395401241155437e-01
3.272067298076821729e-01
9.998440827374438511e-01
6.564020678033759548e-01
4.244981507082406513e-01
5.301767300363445790e-01
3.121419874576644160e-01
6.081439907617217644e-01
2.829425619956340010e-01
6.667915592494957355e-01
5.934396556334026185e-01
6.976826539359168855e-01
9.745780464028506174e-01
6.578923882703507919e-01
5.274847642750317700e-01
4.818817416747969706e-02
2.306372918632701108e+00
2.615830733453226031e-01
5.746886119368095347e-01
3.485397404211548755e-01
3.637659942816169889e-01
4.796655576437345303e-01
5.209509947122870077e-01
8.104434902857770018e-01
5.160552469773904694e-01
3.005740470357473604e-01
6.083674872236913833e-01
9.827703091199831986e-01
8.873694776498201042e-01
9.012178726730690759e-01
1.046181922067578096e+00
1.300979452913993695e-01
8.347104183229037133e-01
5.679752504632464838e-01
8.340246555295433017e-01
5.883159171967458079e-01
4.988863446893851972e-01
5.908522265764446502e-01
8.818941357922994717e-01
9.459629387422557878e-01
3.175909448208376618e-01
5.692216083182994879e-01
4.323457806933865277e-01
4.497900048367083903e-01
6.237602435980230675e-01
5.687072751811709237e-01
4.948047703715272028e-01
5.848826799699013979e-01
6.551027214339946170e-01
5.598982102092671109e-01
1.803201577517788978e+00
2.780442126176870810e-01
1.172369280230999733e+00
7.942049655347387382e-01
5.834646653353195989e-01
7.364574479935616091e-01
4.456090198841732852e-01
1.221420779090902187e+00
1.112043824823749194e+00
4.988408483313955255e-01
4.179264672327067109e-01
1.453587001227324427e+00
9.386163529171825948e-01
7.496693029261328745e-01
7.131404438290875891e-01
2.805302937422217147e-01
3.108606887172713495e-01
8.545364804726830465e-01
5.959685740467914883e-01
5.465015050705802624e-01
9.259809606267639381e-01
2.082982100401607473e-01
8.476081223758560323e-01
1.083574510049182704e+00
9.962752508313834632e-01
8.862460928959990936e-01
3.506889163305450530e-01
5.438113556248782565e-01
4.597011583698771831e-01
2.892783009243491410e-01
4.992028352183557893e-01
1.192189702998219802e+00
3.918491222019047648e-01
3.257775694471066741e-01
3.701283188091745724e-01
1.573145196326502626e+00
1.083812935479061323e+00
4.542277212944570430e-01
1.071159237261896324e+00
9.016357046062115632e-01
8.401076961018633105e-01
9.139102677954265008e-01
1.096629504927162380e+00
1.332595677757742791e+00
9.729728282577145837e-01
8.950946071685474958e-01
7.998844538939151594e-01
3.127070651158293524e-01
1.747907502241022204e+00
1.019829782097266602e+00
3.025257127852448713e-01
1.193211460545939628e+00
8.366561423936971220e-01
9.639575665218718115e-01
3.872876001283157010e-01
1.560010203559402953e-01
3.091008865761585289e-01
4.285776057943570527e-01
2.772472544455639731e-01
7.037602565579709202e-01
5.281205717190624593e-01
6.460470104675017922e-01
6.547599777913097885e-01
2.963125580692906325e-01
4.766831612742632451e-01
2.917551677053533132e-01
5.976304222680235423e-01
4.445726115621186358e-01
4.647598019944908510e-01
3.473274997243793738e-01
3.925854683796540234e-01
5.797847805431107782e-01
9.756800256069301236e-01
1.299394231409991995e+00
8.866398264595719558e-01
4.764755423309374183e-01
2.889541213517524132e-01
4.302047526575910608e-01
1.538151118181684929e+00
1.524646804653025711e+00
5.314413188092832474e-01
7.323452317545635637e-01
4.172316523473592609e-01
2.056596599175732620e-01
2.826553462269095762e-01
8.719719452479254285e-01
1.123222654059987002e+00
1.380894345974105208e+00
8.809099865087345327e-01
1.677105296776468135e+00
1.258350221768904431e+00
5.584379129014741538e-01
7.437376050293673657e-01
2.237433275505846253e-01
6.736767612820192541e-01
8.190184013594392631e-01
8.029419648971479750e-01
6.607306134870051251e-01
7.004829251982721550e-01
2.821259111888007043e-01
2.734925072913518274e-01
7.823819800317111106e-01
8.801180393806870006e-01
7.188560516382723753e-01
7.367889563624518967e-02
3.217144944294802467e-01
2.413767412256906941e-01
5.412683596102513262e-01
1.827846337435392321e-01
4.332153871376934196e-01
8.724887010016455502e-01
3.538936369750654287e-01
2.048285158047368881e+00
1.409766518799932422e+00
1.366967095007146193e+00
1.135195339035481421e+00
9.365677270540554433e-01
7.428514384118917180e-01
9.591737222438490029e-01
4.362649257550438309e-01
6.766191962030967399e-01
1.019709779564552665e+00
1.520468928731429914e+00
3.768792694512712038e-01
5.669787668615846599e-01
3.561482637581599997e-01
6.598381874267033043e-01
3.019185623662102858e-01
4.563984225289843266e-01
2.749324578754239190e-01
7.194975981321297676e-01
4.293218683159506499e-01
5.902613693024933994e-01
4.205782320605012115e-01
2.582082104272462875e-01
1.141892638894490275e-01
3.178891152152170108e-01
4.764134410997102331e-01
6.362725202695410642e-01
8.743021880274310931e-01
5.130079899186408277e-01
3.122088466129384621e-01
3.406611701634916223e-01
3.766318371702166434e-01
6.517189349426105727e-01
4.214403219872774886e-01
5.806766200486792595e-01
7.503442526422504644e-02
4.434957359572519131e+00
1.653826353822798634e+00
2.681966591467631833e+00
1.775470250136140127e+00
2.038031740395797708e+00
1.088866066029180013e+00
4.620521595595635245e-01
6.254427854337528681e-01
5.290033719694250403e-01
1.333354934264445069e+00
5.778465865717310468e-01
6.319954983654745284e-01
1.935708984175428804e-01
1.879281794365152969e-01
7.315728303176811664e-01
7.920254856541998345e-01
6.402253989992645611e-01
2.822263856382984937e-01
5.242165442993025337e-01
8.582514342288994902e-01
7.558587630963516935e-01
9.037220481607201039e-01
7.069196649638102015e-01
5.278028802226097937e-01
5.737565917919247305e-01
5.395774060533726768e-01
2.489733446295039621e-01
6.635104687950585944e-01
9.387358462870403208e-01
2.436090442448224924e-01
4.586849838561180559e-01
4.464097387521128169e-01
1.314417546738488596e-01
3.534638341390335392e-01
1.994947059635508446e-01
1.304661344716671278e+00
7.524194777699699799e-01
2.515413224042301277e+00
2.558656703660046272e+00
1.135397523479069415e+00
9.125579553101690333e-01
1.752704116762044295e+00
3.520911940472998047e+00
3.544205401211923956e-01
1.110640061882259388e+00
6.604549413661719992e-01
6.915550260359986101e-01
9.608705930659512395e-01
1.055735882376852341e+00
8.689853099932264291e-01
1.786612502571787386e+00
9.613075364605396800e-01
5.583488368134587043e-01
2.039378953100106084e+00
2.119234814476501860e+00
2.402197963733795127e+00
1.019885327193453817e+00
5.441400644557679023e-01
3.758769902868636659e-01
2.704834695108957465e-01
3.032240999955911898e-01
4.839566358198745255e-01
7.264058558028894108e-01
5.336654883834052177e-01
6.097765799756561522e-01
1.066562401678170735e+00
5.578044708334123358e-01
8.963180176157302670e-01
1.914492754081189796e+00
3.754432164758131352e-01
5.272615611036426397e-01
1.025017271057003354e+00
4.900329563924420984e-01
4.017373419061516793e-01
3.007681837314788442e-01
2.587717147699981179e+00
8.669039523062814778e-01
4.691488934349086759e-01
9.795355014156601481e-01
8.415483049423159168e-01
7.180918560589563127e-01
1.333632685878902491e+00
1.034522429036081270e+00
1.013136222477960313e+00
7.097807719722678543e-01
4.077063114984552650e-01
2.858478469402379041e-01
3.981829473808547459e-01
1.358884914453027282e+00
1.019994318775110154e+00
1.396385114068325661e+00
1.595036131238415145e+00
1.037746418663602510e+00
5.835047414666443277e-01
5.381475058348792473e-01
9.031285794909151843e-01
9.380704209640505775e-01
1.456135610044427542e-01
3.508863509196241681e-01
8.881098534951749057e-01
7.012905143767066418e-01
5.524103930474741908e-01
5.620584955221714640e-01
3.608170433296823409e-01
7.005840963257112808e-01
6.362259582739359098e-01
4.662209752940307261e-01
1.201412500808640010e-01
3.858019002996682101e-01
3.290340335299839492e-01
5.472495435337136893e-01
3.995908800080865686e-01
7.066760597710156633e-01
3.981093881193991102e-01
2.008906658709068427e-01
3.097356011614645910e-01
4.722474213008697186e-01
1.878720659171942975e+00
1.411481144589154191e+00
1.109084531138140761e+00
4.395721123242199435e-01
3.331317511019390998e-01
1.005664112250488351e+00
6.757636118045884377e-01
1.327443074129177392e+00
7.453091968141309920e-01
3.045252528196490394e-01
6.473184806474844288e-01
5.360229840997825512e-01
1.215352166308951487e+00
2.212591473012313070e+00
1.344527758207564316e+00
3.146399793200586048e-01
8.660976225429456443e-01
9.966797068315703667e-01
6.556528391242583131e-01
4.759750869852351629e-01
1.279612189934889122e+00
6.618222816637873152e-01
8.428218702382539451e-01
4.863840192006453345e-01
1.239104789158055553e+00
5.694615376149644304e-01
6.391543796615700712e-01
5.040367721313212535e-01
2.366508815460552639e-01
5.330492394185937233e-01
1.216675947931305846e+00
5.178213448323869539e-01
2.068967363907754098e-01
1.102802903576327598e+00
4.649371560142552817e-01
1.008689653568332290e+00
1.944845481821860511e-01
3.966386799838315658e-01
3.646208074569883828e-01
4.252519262070405537e-01
3.224307528685880220e-01
5.216961422154989814e-01
8.673075660412281618e-01
4.764921278587534448e-01
4.095297066703882938e-01
3.828755697725522156e-01
3.675955485077153639e-01
6.414286430017942520e-01
6.865817143860754035e-01
7.745970883738449997e-01
2.496449790020452697e-01
4.524016613460334346e-01
3.654575815476007739e-01
7.279875840582480384e-01
4.902542458124575786e-01
1.051259731703337863e+00
4.466451025891757798e-01
7.420624287724557622e-01
3.242793190881261278e-01
2.397819492323625679e-01
2.299149336636908902e+00
1.079217957692512275e+00
1.491827973264019835e+00
7.020347321039198674e-01
2.984015301878569781e-01
1.450749137332751237e+00
1.786685238650228991e+00
6.916347755446544676e-01
1.734988872592790332e-01
3.206560054986400399e-01
1.305350882074758356e+00
1.789504455306899056e+00
1.187453350694262166e+00
3.108182199724360273e-01
6.909542534518927637e-01
1.251394501644410018e-01
7.740931851843012579e-01
1.496470373115536268e-01
3.897021786854690806e-01
1.170113172666613632e+00
5.587196739484107111e-01
9.487603558419960281e-01
5.396979461318237581e-01
3.256467898148764917e-01
7.425946986538610739e-01
4.497636732480935207e-01
3.276634022979350025e-01
5.101538637452274205e-01
3.257351289844096498e-01
5.620746178026110318e-01
2.497503569058151796e-01
4.322563920982465113e-01
2.088988805979876129e-01
3.434739693624785373e-01
5.274890249409088794e-01
3.558285776011101964e-01
3.005658484457857660e-01
8.691927356515871672e-01
1.066742504357860222e+00
1.042476933004582884e+00
1.000229901943254784e+00
1.087141214912254794e+00
2.626151146840597361e-01
1.751521633023084057e+00
9.132224369223100879e-01
1.691948530630310366e+00
1.320970725206403795e+00
2.786898131675623058e-01
4.726723052203193887e-01
7.993693943788773293e-01
3.161106928264197702e+00
5.134375085461695409e-01
8.108867344195935800e-01
1.080369825001758599e+00
6.907029224370977438e-01
8.531120676597881980e-01
2.307685080745505157e-01
1.816854985017221924e-01
3.580977218650795435e-01
4.250431482509451353e-01
3.890379238101449033e-01
2.927594024710402087e-01
7.631370137053840041e-01
3.950100054545485628e-01
3.896456149988086204e-01
1.046801496395868503e+00
4.903640458080047448e-01
3.475262564262857068e-01
9.129789004781423412e-01
8.997151069218655151e-01
3.974599325759062829e-01
3.800498792867503250e-01
1.024933593881647953e+00
7.266132918388729101e-01
5.873816946195427047e-01
7.291580945218643084e-01
1.354158454612297335e+00
5.494223457382644282e-01
2.855463410752666076e-01
1.773837014464628048e+00
9.248636260826774702e-01
9.821760784998020410e-01
7.596404792222132274e-01
1.213450290357084072e+00
1.156739953058856463e+00
1.481753665188417113e+00
3.770416596468085801e-01
2.006479550829174396e+00
2.027898196805217435e+00
9.486978210643233211e-01
7.085179010410145306e-01
7.020816608045050700e-01
9.140006804066979074e-01
1.860792941528733591e-01
3.517491676607865658e-01
9.393387121593167466e-01
5.472428898505318218e-01
6.216535745482337783e-01
7.496346070866733990e-01
5.470082608708071170e-01
9.430978603023452977e-02
2.931804049128608480e-01
1.207318109735174172e+00
8.406119707732777613e-01
1.071721360325256223e-01
9.916268678909408996e-01
1.073520354347677674e+00
1.328428264999888420e+00
5.521162117977354011e-01
6.333449129420540835e-01
3.442046468462435227e-01
6.231826366310286858e-01
4.015394161264951300e-01
5.326966570692358571e-01
5.694414329450445678e-01
6.383307950897328942e-01
2.455102588178283696e-01
5.301866062425129034e-01
2.919102594959140373e-01
1.218413118001993922e+00
7.277756789786982150e-01
1.385129963116543461e+00
1.617606867888157662e+00
8.863962147232566924e-01
7.063742969943479499e-01
6.514367538957742676e-01
5.621771299976282554e-01
5.942583515941005645e-01
3.575094486708803587e-01
6.886909961540353953e-01
1.025213875023510135e-01
2.660891865543932311e-01
1.931186897740223285e-01
1.503402641645844362e+00
4.220047738145420446e-01
3.121167403635153881e-01
4.230518793918875420e-01
7.331588585758693766e-01
5.666835946124755274e-01
8.441125752334356358e-01
5.628664752716669994e-01
4.481614051693126322e-01
5.290399526594884438e-01
8.107763983554902021e-01
3.594049097338886112e-01
6.491324881021117710e-01
1.057438122280762727e+00
4.913619751576590589e-01
4.670430221150417838e-01
4.959964043985906068e-01
7.390403868506471019e-01
5.116655145476637356e-01
4.048446404760063233e-01
7.755995576015269899e-01
4.139295095336043007e-01
3.502085058328995304e-01
8.233659409556957076e-01
1.438997140868777613e+00
3.632243779114628257e+00
8.007965727404454670e-01
1.093587152819242014e+00
1.311972409937737227e+00
1.370539570558049425e+00
9.656549713304118931e-01
1.375965401595081961e+00
2.884561904914297314e-01
4.833462053071775899e-01
5.688699172004058058e-01
4.273408874170304683e-01
2.430014136162146343e-01
5.119185775890012779e-01
2.172615469170802449e-01
1.118125734758713241e+00
4.921670543806938580e-01
8.478332933599980192e-01
2.466808876186635247e-01
7.296284168376083734e-01
6.038561090088958583e-01
8.865095131403920581e-01
5.853542544812817550e-01
7.716372904214395811e-01
4.899259790109149471e-01
4.558581385831188548e-01
4.628455730870094653e-01
7.904355687399776675e-01
3.981946950669424945e-01
5.454389169087265898e-01
4.340893312978391649e-01
3.195209630007251889e-01
8.083262888660044387e-01
8.684811240900361939e-01
4.876765456638886276e-01
1.446603040899943737e+00
1.589191592706036493e+00
2.212467615166108459e+00
2.681784717579741795e+00
2.207111040909069954e-01
7.374552629606182519e-01
6.307090238871325694e-01
4.471773884197040583e-01
5.451270213706567169e-01
3.437064678608921509e-01
1.382614712552360792e-01
4.709919008019075592e-01
1.271501529970667121e+00
8.220642351621805233e-01
7.817165243075436809e-01
7.674606157950110141e-01
6.684202950935163035e-01
7.846703402666617144e-01
3.666597793745543510e-01
5.005291702464006454e-01
1.888522977730674735e-01
9.782753439039529875e-01
1.038297180145653975e+00
3.454229426594829788e-01
9.311836236877182316e-01
5.909508409929090655e-01
4.996727547909430300e-01
9.557022305288905839e-01
4.028925716655418765e-01
2.795523143177627845e-01
3.555895889017520739e-01
5.603366113927686909e-01
1.259985355429871889e+00
2.911941047807702909e-01
8.300294545899822296e-01
6.186631749421123150e-01
2.967564382918964627e-01
9.943714827819062352e-01
3.041662161770244399e-01
2.908313456634475935e-01
2.772236815370905383e-01
8.357552600189624425e-02
6.239465973587261516e-01
8.735487524291539740e-01
6.613362065583170413e-01
1.078237692962759953e+00
1.151342487109252133e+00
2.926497647339361130e+00
1.250713061671745452e+00
2.597669120168172086e+00
3.030573923288435445e+00
6.856701048252221709e-01
5.944141640849739394e-01
6.907575223053896707e-01
3.278391762021931610e-01
4.121527926751222815e-01
3.640998203333480898e-01
4.185732366870576482e-01
5.593990325333526581e-01
6.549206103284340719e-01
4.184542597511076156e-01
2.556365033500335726e-01
1.428215234110564058e+00
3.137646605957023493e-01
7.316751895063705602e-01
1.257962460393601933e+00
7.696717242940120940e-01
2.299622374942962844e-01
5.722659033527410788e-01
6.794100941262902760e-01
4.800653631793524445e-01
4.058548380835195202e-01
3.462805700256563202e-01
6.514386987016591579e-01
4.659181838155720401e-01
3.493786542764208969e-01
2.327787986681090493e-01
8.141085915084327329e-01
1.869179801562086185e+00
2.045857458040121646e+00
1.176192103570432357e+00
8.854533762163512289e-01
1.242542226681462081e+00
2.227002679359159742e+00
1.197816719688624243e+00
6.377933897660049700e-01
7.513875237605648350e-01
6.206726801621046397e-01
1.468900860554693599e+00
3.861507553241542157e-01
4.282622650459742553e-01
7.926890148480838505e-01
1.722474178117777033e+00
1.948534758773925457e+00
2.212683871467669761e+00
1.685126004908600761e+00
1.168105267887526555e+00
1.797976242396417845e+00
2.537609467316304990e+00
2.019937404903316303e+00
7.114074779506764923e-01
4.720713804060584495e-01
3.513828143616138378e-01
2.717185574761361577e-01
3.804529323405984043e-01
5.377776660320984226e-01
4.350318043687881886e-01
3.911176342144144225e-01
2.265619094180878479e-01
1.389276011920633991e+00
5.385760273531176034e-01
1.217965992166641698e+00
2.780456364697980742e+00
3.384456158762821354e-01
6.017874736710858707e-01
1.010015869718636106e+00
3.788858837866586615e-01
5.739405843523174289e-01
5.246516361223720892e-01
9.592762032524220217e-01
6.262545718224304947e-01
3.788168403158221342e-01
1.549833143087842258e+00
2.682023829970587858e+00
4.600903063913691082e-01
5.801322791032565984e-01
1.372101174927629952e+00
4.632000866805789374e-01
2.438815394890231358e-01
1.421021811845170901e-01
8.959293009186926060e-01
6.514176974259929809e-01
7.782435990101146395e-01
1.892450003908582534e+00
3.528547855910328379e-01
6.489869991459753518e-01
4.574501673763716192e-01
7.399050284764835395e-01
7.451445245333495615e-01
9.046391443909966579e-02
7.492398405029528918e-01
4.339347184769365429e-01
6.969602601942852527e-01
7.190557892335662782e-01
5.022187221777179023e-01
3.393388481162207815e-01
4.319853288845509898e-01
6.883331341938222492e-01
4.277140831929596709e-01
1.020049050595589257e+00
3.950768556265460973e-01
3.140077393089532598e-01
2.638967888822078556e-01
6.243029093651044498e-02
5.945059503527635458e-01
6.369294673855200317e-01
7.884150792238898697e-01
3.679948848594788990e-01
4.282835746096092522e-01
4.473051854150363327e-01
5.345554452991445604e-01
1.082282530116259300e+00
9.990187045632525908e-01
4.088630565156726182e-01
5.112755854719400750e-01
8.868401773292928780e-01
9.604797234706677345e-02
5.718751858480287664e-01
5.470474258427976411e-01
8.260771856622988185e-01
1.445033085291375086e+00
1.382264791848057062e+00
3.630574853590675111e-01
2.004190992505040292e+00
1.185387353320855430e+00
1.212067352483676919e+00
1.149873885640799509e+00
5.949422688189918151e-01
3.840280317138269339e-01
6.011157947417729019e-01
5.343237559470424003e-01
9.689825584833575700e-01
8.683898849592152080e-01
2.056962451742107678e+00
1.807327333736648889e+00
1.310219846131455590e+00
8.514900998359862250e-01
1.887562109255136455e-01
3.181136267884268065e-01
3.368478421961253466e-01
5.640090284258285624e-01
5.004724053152295182e-01
6.241932810840243873e-01
5.821103143725937512e-01
3.792472825081011911e-01
3.112945212577886700e-01
6.111943713452570037e-01
4.832370400075146621e-01
2.084478697262054925e-01
1.559981806216453215e+00
6.738788522534566727e-01
2.400299127457211634e-01
4.037678223199535066e-01
6.523578261865355943e-01
9.063439682171767764e-01
5.944092120007797853e-01
1.024936410803005460e+00
5.225626825691438437e-01
3.486698208145064815e-01
7.431052389477887932e-01
7.033031118294796880e-01
4.844720626982507716e-01
4.178665450351656263e-01
6.807608239321656374e-01
1.225784103589637297e+00
5.724601959605033485e-01
4.801839522151715722e-01
1.170508334127360550e+00
6.895507236933207107e-02
1.170239904231400008e+00
7.581387680662048378e-01
6.698536616801721300e-01
5.086985069335963061e-01
3.052051244443570455e-01
8.995135627753931828e-01
1.040036327748520950e+00
2.627482985517202163e-01
2.420268722487858515e+00
2.188536765726604827e+00
8.671103962251598407e-01
4.036231261954704164e-01
3.313922397129271946e-01
7.796049397952814486e-01
4.314773991237718098e-01
1.044246845244403366e+00
4.164543320927200920e-01
3.926454625226472039e-01
1.417562113897613774e+00
4.694734389834018806e-01
5.935112804201185810e-01
3.811473796374839074e-01
1.509185202871976272e-01
3.363936282372874120e-01
1.217416021098133738e+00
6.745945925851387637e-01
1.202441147327147686e+00
7.350060421523315624e-01
1.184503833035755349e+00
6.649925910844527444e-01
7.415612570680580884e-01
2.115345209959507145e+00
7.974824563730391336e-02
4.507975502585714334e-01
2.116180474033692693e+00
1.715959997658746738e+00
9.181474621236621614e-01
9.231598300395674750e-01
2.413378898358398583e+00
2.039329476588807033e+00
7.333801471438153863e-01
4.796614410434438813e-01
2.927840746613312284e+00
1.590686616440674106e+00
1.171178057896205882e+00
6.584512902276342672e-01
3.706421662110672144e-01
4.151655835436434683e-01
6.179535699306181185e-01
1.061429554229474936e+00
9.655441111044947844e-01
5.462058184101064029e-01
3.680561259195108681e-01
5.646825868048480634e-01
2.207395691782453595e-01
1.379815307976197669e-01
6.010012809473299633e-01
6.251648174244706091e-01
6.054744695128168042e-01
5.109472920581625832e-01
8.123872300171647298e-02
5.496008037886743747e-01
4.240783311984601123e-01
7.348754572344196045e-01
6.076845290762185048e-01
6.731027622396235088e-01
3.172006229336355454e-01
4.384198895567096854e-01
1.059883241729996817e+00
1.013197051648804692e+00
1.438051344947915755e+00
1.031861492736323438e+00
4.952727054560539521e-01
4.600085768710091561e-01
1.437814452348621819e+00
3.342101528208121786e-01
5.843874307176931682e-01
1.948728596326242180e+00
5.639332375610045522e-01
5.019996439737984817e-01
3.001127284815799934e-01
1.749429757620021564e-01
4.221193711771269452e-01
3.466699762023805476e-01
3.628044120936094741e-01
5.897377054530411611e-01
3.289820809169195504e-01
3.710224946673233992e-01
7.003404735101385059e-01
4.097601979221121016e-01
8.356150386122696005e-01
1.858073473498693118e-01
3.111624352888265332e-01
7.372211825884423808e-01
2.332183248095838490e-01
3.356230138929196527e-01
3.245057342157883773e-01
4.075864190251679009e-01
8.389538634169459996e-01
1.037176366558768548e-01
7.970063578039168206e-01
1.594937174916032152e+00
1.519174762993275918e+00
9.870339271377535084e-01
1.403984219613185980e+00
5.880270943312962961e-01
1.851545861026729078e-01
7.331336233806968750e-01
9.332307074696564175e-01
3.789017683849684182e-01
6.177709033737260880e-01
3.542308892330047754e-01
4.016417228377727189e-01
4.192410619898656043e-01
1.541639001939089981e+00
1.996918083468936789e-01
9.606393061437563663e-01
7.995827906435987176e-01
1.017855481718369814e+00
1.124679852756010234e+00
6.566955754036255533e-01
1.480866151725513946e+00
1.429764004865922367e+00
8.360370817213281791e-01
1.031051103318319395e+00
1.539429636386006273e+00
8.248049306446683104e-01
5.047015717105900467e-01
5.331256895617522140e-01
1.814400657899245983e+00
8.320505456023065127e-01
6.018132105088110917e-01
7.104301148799189169e-01
6.917179370972229568e-01
5.845039771697729813e-01
1.426990695513957297e+00
3.298432255515881262e-01
2.384063565798958118e-01
1.547901507268219845e+00
5.731122820743292934e-01
2.139593317066680878e-01
6.447427892119621529e-01
3.758983496367079846e-01
4.840006547782181867e-01
1.030565814190319784e+00
4.953325373930812514e-01
1.080456419241635491e+00
6.704052257813872817e-01
4.279719101677617044e-01
4.589139869684494832e-01
9.682510881536825487e-01
6.281452616399832989e-01
4.728425811040454230e-01
2.895088412923431664e-01
5.850858546286098472e-01
4.700226913819162133e-01
2.920082078840749995e-01
6.179840897663192445e-01
5.405427557775086544e-01
6.353770415376780445e-01
3.744237334213229018e-01
3.470686858845435929e-01
3.609581231387584133e-01
5.429267685748813133e-01
1.050321628318761080e+00
1.206473132773955514e+00
1.382924122603248041e+00
5.964992366988669525e-01
2.448323557465493516e-01
1.927286511285076553e+00
3.450386687574976463e+00
7.231331061996462140e-01
2.540684806923309558e-01
4.571601601220553479e-01
9.823993625643420158e-01
4.802841138055417014e-01
1.435647502363600392e+00
1.242157075820335299e+00
1.002242131983762663e+00
8.221080024961799904e-01
3.867403163518766118e-01
4.064897885108730291e-01
4.273580892873854453e-01
6.327357589340684152e-01
1.361445091064830137e-01
2.159759781716354965e+00
1.027700417994809490e+00
2.047517209074094791e-01
2.621904714475054021e-01
2.605160201294939859e-01
3.043647799709590651e-01
4.489094524472771464e-01
7.076794021171272098e-01
2.398974323469306447e-01
1.014171358598521255e+00
3.788565695053688898e-01
2.961429783764877310e-01
5.822467448958680292e-01
6.369120960273556564e-01
5.540959368775948413e-01
3.389338174739515153e-01
7.716507520027550138e-01
1.194102935543938315e+00
8.716110436776358661e-01
8.586357515936201557e-01
2.531896097266091439e-01
4.967535861915082784e-01
1.357852158375227880e+00
6.182213766250658216e-01
1.467452919897240138e+00
4.769028273350979785e-01
8.017503461147193478e-02
2.340589502335149952e+00
1.056805696300304298e+00
7.702583049598280551e-01
1.233015567024547732e+00
6.275895831982049033e-01
4.028961501282937174e-01
2.834307495031263557e-01
1.742408453129581647e-01
8.696046360852495161e-01
7.700852285987922485e-01
1.035962976760845589e+00
7.326125218932832972e-01
6.588193959299262215e-01
5.920686360295243089e-01
9.891460978090916845e-01
4.707088262065108331e-01
3.026445576872462961e-01
7.823734793839851598e-01
8.514955801750347941e-01
7.591510108550033609e-01
4.962819847507383142e-01
6.467659130963007152e-01
2.817582878670639168e-01
6.149383293280654694e-01
9.128173135791097792e-01
6.988960817010466675e-01
4.230182247806299145e+00
2.608114757758090985e+00
6.150495857393183385e-01
1.079738299990711470e+00
7.171862645951673221e-01
8.851658143400312762e-01
1.801612691023575019e+00
6.564442942871157038e-01
1.197568254807181543e+00
1.302832153319764874e+00
4.111450696310748332e-01
4.321379386529551336e-01
1.482148528729974712e+00
1.393565679938959745e+00
5.858529192809028840e-01
4.391291655080389766e+00
2.064547980669558136e+00
9.627889120130831424e-01
2.013298186158650471e-01
7.298092658202288696e-01
1.669267158662373074e+00
1.125683001642084013e+00
1.755862843647406635e+00
7.368012213295600521e-01
8.202033072598876595e-01
4.759814883260552465e-01
2.675036533568836972e-01
5.797217016728329897e-01
5.299837967628397983e-01
5.848250906736155441e-01
5.975545516118656586e-01
1.117479075211268658e+00
6.754521981023385857e-01
7.815519095210365919e-01
6.486728731359462374e-01
2.487588513004574120e-01
2.821501287667205204e-01
4.945849357571152072e-01
6.268020022656252133e-01
4.856003840862245235e-01
4.873401648697887611e-01
7.265351198828485790e-01
7.199721059491180908e-01
6.816812540768431017e-01
1.536263535047097450e+00
6.613534270268395243e-01
1.111168890919071783e+00
3.740908738308747483e-01
6.934225155541104968e-01
7.724318326813990332e-01
8.712625055237563920e-01
2.343999320629092775e+00
6.075104937459635535e-01
9.282083273625889586e-01
9.617041257922244180e-01
5.861316665654040525e-01
6.773435588663413442e-01
1.624019589671543251e+00
1.527695713995299354e+00
9.708725708506655838e-01
7.564157816380067123e-01
1.215341007247892069e+00
7.167075564683788036e-01
4.137766360034453306e-01
3.512951834981872246e-01
4.725195080931516300e-01
7.188093298910092077e-01
8.422616159245031042e-01
6.902807304094665808e-01
4.779660849282584834e-01
4.793631795930866635e-01
4.612885939011131531e-01
5.750767261764123672e-01
8.304519108278870521e-01
4.372982660292269452e-01
7.325107005194211318e-01
5.219199759452201048e-01
4.700531511851132604e-01
4.404336132313347307e-01
4.428835077286352173e-01
5.123046718649909570e-01
6.952708247763935701e-01
9.595860005735840081e-01
9.088745228218916283e-01
1.125807584698996111e+00
5.726472313998810515e-01
5.310808790468291019e-01
8.541345189672294724e-01
2.809755403221459447e-01
7.560151418069223084e-01
9.836973796768224698e-01
1.456028078015424443e+00
4.800019688864182177e-01
2.772306366687686818e-01
1.612179150100701008e+00
7.650197127280273790e-01
2.048653751887870023e+00
1.006548555693933089e+00
8.771932604767649355e-01
1.016664547728530765e+00
7.803302541133867454e-01
1.504634759932607091e+00
1.114110586657103941e+00
1.497896614689869788e+00
1.211590292737239283e+00
4.571586363360483074e-01
4.181188065470730630e-01
9.973297507064637912e-01
9.367746734151289889e-01
1.024148637197861866e+00
7.454571744578478154e-02
1.920557753116092781e-01
6.739863317078843563e-01
5.877470764769879841e-01
6.986232091750361750e-01
2.623655488220039134e-01
2.924886412846416373e-01
5.121743596504437779e-01
2.978231685760068803e-01
1.325307559638599697e+00
2.067448049300439350e-01
4.152853213333771443e-01
1.447610114162710238e+00
1.525064824550977693e+00
9.678969121044959101e-01
1.883283768529649294e+00
2.254652047535938009e-01
5.599266902430924953e-01
6.468356012355709339e-01
6.061941011157169212e-01
6.585697397873891967e-01
2.427369896820046336e+00
1.502646292628479818e+00
6.924533622822185430e-01
6.082555219081795528e-01
2.430617867922032771e-01
6.001397026170142146e-01
3.634046898497976241e-01
3.284341151992668517e-01
7.462076167934286186e-01
7.915024133802092132e-01
6.036550917285840034e-01
5.622060610035976014e-01
2.214646666033166955e+00
4.093083404468616515e-01
1.180383093277042938e+00
3.284867151085961723e-01
7.699779429828486066e-01
5.100091274053364376e-01
1.252505994358085184e-01
5.052981760276749057e-01
2.725619593710228994e-01
3.177897090921630863e-01
4.111303937258535268e-01
3.265679480016586700e-01
2.760829225186972047e-01
3.166240099455139845e-01
5.898353528225627196e-01
5.806381157477075172e-01
3.200901468436949115e-01
6.512270000869033737e-01
8.065740614813334819e-01
3.757702166698541069e-01
8.106840700908596320e-01
2.314073176148573552e+00
3.672170493413946080e+00
1.065592493554754716e+00
9.133624640433419817e-01
8.579685187895744747e-01
1.378084394560068704e+00
6.249178756263663592e-01
4.896787323986623308e-01
1.467033995210387243e+00
2.181273574831862128e+00
1.418155281043679050e+00
6.839864207147372532e-01
3.795807260950710971e-01
5.586127077506479743e-01
7.198658906472467089e-01
6.740434034726510149e-01
2.755052713018937838e-01
6.338729096141439145e-02
2.458540892440255476e-01
2.990592013275901184e-01
5.909842626323297266e-01
7.478929069087510983e-01
5.724116950114656044e-01
4.205094516523162906e-01
4.086143520318572531e-01
1.207443767461034989e+00
5.406575180352336529e-01
5.928013126722661008e-01
8.876307252122300762e-01
2.689534835570723814e+00
2.758339724714208518e+00
3.160364187509331346e-01
1.446273228456316895e+00
5.548351146066603512e-01
3.174838457829571858e-01
1.359223190583269458e+00
7.275738560258679932e-01
3.821616755638733487e+00
1.934156387143047384e+00
8.362056897717180526e-01
1.098081712518483410e+00
2.874758639355954770e+00
2.091632628061967036e+00
9.878259954992897329e-01
9.302516906570724720e-01
1.387858576195594162e+00
5.987446951122123995e-01
9.343318242911193838e-01
4.902589220045792118e-01
5.492951601655848837e-01
4.330685039575232764e-01
4.274323199700010845e-01
7.151949188703941029e-01
7.104289595544170943e-01
5.767476079808565581e-01
4.300001082103217520e-01
4.465246804824893334e-01
2.854384726031248820e-01
5.613113627087902291e-01
4.242508956943755183e-01
1.309560005812473005e+00
3.067959969306933155e-01
5.928777298809607688e-01
3.972037109831044188e-01
7.138130403262188395e-01
9.386666911765085830e-01
4.707099168607493667e-01
5.327801099314781741e-01
6.355729885262795253e-01
5.364331724014078651e-01
2.853124205894466692e-01
4.057655909676747830e-01
1.212819086543874825e+00
1.215472760230262850e+00
1.111388623552781674e+00
5.693207575536752829e-01
4.333426416182041274e-01
6.965881911586639941e-01
6.294902378885706140e-01
5.409958795818818889e-01
6.978775957688775344e-01
3.262778589681513131e-01
1.402020768138947382e-01
3.969330974805565515e-01
4.039723675253072965e-01
5.466751336730666377e-01
3.046817514955623141e-01
2.073122374673383561e+00
1.336715319215796560e+00
3.209205130950245621e-01
1.082105245746780797e+00
5.734574440261994699e-01
6.371850467571625876e-01
2.947209452961388476e-01
7.212816810920652522e-01
6.663121151958734112e-01
5.743386433745047981e-01
3.897366758318660529e-01
6.957921264642302761e-01
6.016720738345625596e-01
4.287728886646191562e-01
4.911733145620748586e-01
5.091981111875121258e-01
4.353249181597331763e-01
1.220612016931446497e+00
6.950095333265949860e-01
4.132789151765415836e-01
4.596203718046341646e-01
4.374590603122286980e-01
3.277759880703387529e-01
6.561668565741762826e-01
1.946158167086983193e-01
1.001298792525898262e+00
4.873602178695872200e-01
6.556867904613103981e-01
5.689846257395714257e-01
7.866618912855239953e-01
4.869073594141373196e-01
1.153065824679863516e+00
4.414029965991183579e-01
3.793598218275227030e-01
7.726241582481169212e-01
1.115677778204747339e+00
1.078255022677874431e+00
8.264904221382650684e-01
3.550350992994971144e-01
3.818053180547704151e-01
2.393297560359115561e-01
1.248154917054142388e+00
1.084669222467997018e+00
3.272009415139478516e-01
4.208581639927012064e-01
7.349365562062915025e-02
7.282693664791867194e-01
3.365234727097140000e-01
1.387453585017213609e+00
1.313993275489818480e+00
2.524513689432357655e+00
2.295037764813078418e+00
3.900715250246598043e-01
1.244768792923277356e+00
9.736974871411856469e-01
9.370376542592167013e-01
1.169982418493009435e+00
4.589945425884113250e-01
5.293439169096104679e-01
6.104423588942301526e-01
1.899711702430219917e+00
1.187634327741387663e+00
7.189984896280436910e-01
7.549568348831598996e-01
7.831091145590264313e-01
8.839666574406168653e-01
9.038878898387523453e-01
1.627239789170794315e-01
3.345787394897794531e-01
4.477293587523198948e-01
9.645754409147404562e-01
1.466628438977031212e+00
3.103073515012652051e-01
5.745473942676888601e-01
1.622390017825900976e-01
4.141481271881325421e-01
1.179302628824329569e+00
7.520330513032272846e-01
2.861226414265665152e-01
1.430671433610207544e+00
1.587285493999823771e+00
8.752251072076709937e-01
9.277665462219866210e-01
6.140089511245502285e-01
4.477793380260232103e-01
5.200313041671812408e-01
3.628810252542484793e-01
2.004610909481661540e+00
2.546920144719193146e+00
2.338364810943125871e+00
1.172604435550357760e+00
6.656270692392450838e-01
2.447684404951388615e+00
4.910379152265269553e-01
1.079175371227790503e+00
8.969421742844253531e-01
3.333058523062073508e-01
7.289231314622111046e-01
4.945564431081755363e-01
1.403614854836184034e-01
6.503158485263408339e-01
6.026090875790611756e-01
7.495426884681771762e-01
5.136801636281950190e-01
5.364331810987877924e-01
5.080593548143793603e-01
2.155212873997159218e+00
5.354227231157366873e-01
7.370939217239926844e-01
2.357831178475126022e-01
9.511350695456567694e-02
2.736356064337128746e-01
5.056873586044773328e-01
2.457678215374718422e-01
7.824271910818272335e-01
6.722974476359122598e-01
7.848922029584631810e-01
7.607103068822121950e-01
4.708497924093706932e-01
7.572784057699556426e-01
4.243026681588895066e-01
6.695867027576856145e-01
7.404650295580243735e-02
9.547293426010905470e-01
8.701033123207384534e-01
1.932759904827100472e+00
3.089838053016188191e+00
2.484309405890074540e+00
1.905908605549022861e+00
2.104075366616373621e+00
2.325134109031007590e+00
8.524112643632208997e-01
8.176799878799849708e-01
7.994431025156540915e-01
8.170933531913953107e-01
1.444605160123175303e+00
2.318688307880513833e+00
3.185382742574131232e+00
2.653090751952269510e+00
1.977609727890983882e+00
2.105506366572112764e+00
3.740012376280391626e-01
7.975694407887514714e-01
5.581419025654830168e-01
5.848184453703431096e-01
4.747955779735654747e-01
1.140802702704710042e-01
2.526252475293012112e-01
7.160989790797986920e-01
8.502431260565620486e-01
6.450818364789953074e-01
8.862986656037490363e-01
3.423622298301690625e-01
9.168587803039808526e-02
4.779945890317627843e-01
5.237261823109111702e-01
4.638428123490078714e-01
8.354314015596427945e-01
1.275422960776291470e+00
4.058801832960293732e-01
6.334700896249331192e-01
8.019509782918560203e-01
3.424633465520866560e-01
1.478430706286947949e+00
6.258645097799346857e-01
2.353039477980401362e+00
9.048857101468565922e-01
1.507801996715737891e+00
4.663728870532445114e+00
5.263850740067212985e-01
5.329769913245498980e-01
2.540704553623142070e-01
9.997844226535892442e-01
6.790018845985770213e-01
6.513978446389440125e-01
4.367934061864136019e-01
1.016937590014038495e+00
5.440007474374877194e-01
1.051040994278982899e+00
1.135483124775294117e+00
1.135193869235010089e+00
7.371073464585411461e-01
4.578488208128385084e-01
1.314465175796297070e+00
5.609396180367084428e-01
1.006454536061610394e+00
8.852058848866133367e-01
9.299581342196755473e-01
1.111481236133065043e+00
9.045810114526952050e-01
1.090317304841180057e+00
3.627394801096355259e-01
1.382902729691688926e+00
6.046992056846846042e-01
1.087881809861081406e+00
6.614020361918706570e-01
2.166858184973179391e-01
8.443814108076170832e-01
1.064373992934752877e+00
7.045426915027639403e-01
8.107028781927250183e-01
6.512575900225199277e-01
3.166945157985733283e-01
3.170008353935749867e-01
6.611290721264377890e-01
6.500076341979690309e-01
3.374611233500519059e-01
1.534046658504347960e+00
7.802118379846699758e-01
1.040643799533325975e+00
1.317071454664058061e+00
6.132773309354671021e-01
8.045344027584853119e-01
8.259885714571181259e-01
8.214916196397307191e-01
2.197732459376671610e+00
1.176853632502455449e+00
8.399756560974122044e-01
3.067800992376408242e-01
2.193938119316529711e+00
1.785166534961108553e+00
1.335571198804486048e+00
1.186560908979761297e+00
5.853032840874141662e-01
1.361672863624922014e-01
2.019214233824428439e-01
6.154142980631216453e-01
1.072778604492042209e+00
4.737144534984648048e-01
2.954719513083798321e-01
2.641738909956904413e-01
2.702869976654961315e-01
6.318886364832665414e-01
6.389485452314914715e-01
4.110325129691750901e-01
2.834982919354105402e-01
9.204223618458432510e-01
1.485846110239001094e-01
5.930691084854143869e-01
3.875688614540424015e-01
4.307864878115491014e-01
5.498355340262163216e-01
6.564604133292487598e-01
5.050224384479322648e-01
6.234713946401256868e-01
6.447409832691398668e-01
2.350904097543167481e-01
9.082991781718473545e-01
3.801596083637803214e-01
6.397923513496055481e-01
5.360503953954054435e-01
6.549824694647248258e-01
1.072844238162308672e+00
3.024884480269607323e+00
6.473379673850094829e-01
1.053310785244837566e+00
2.632955467294286755e+00
5.186104504369085655e-01
5.028830184460997277e-01
4.936591502324674252e+00
1.980036165186271901e+00
1.296469110505272360e+00
5.340306094804657677e-01
7.614618616761150705e-01
1.853910228943822514e+00
2.167856592674431759e+00
1.591607860828391896e+00
1.060878756689522362e+00
3.506953969356557677e-01
2.976254228537836832e-01
4.857942194775518585e-01
4.100361305630118580e-01
4.862843123889536434e-01
6.968045542217389254e-01
6.002857699763242127e-01
7.707226676928408127e-01
3.854134995148916776e-01
1.694528871414826832e-01
6.784902880658787439e-01
4.702060509316419723e-01
4.400477148794068594e-01
5.625977238100126065e-01
1.243419634891835962e-01
5.329843761100389044e-01
1.044941766117171822e+00
4.546242908281621364e-01
5.803127431991561558e-01
3.774651237109049595e-01
2.497166958745835330e-01
4.554959887315915279e-01
3.085182350027734777e-01
4.154831013811565721e-01
4.506743719287354955e-01
1.944460146608458784e-01
3.753886795694535428e-01
1.337851453604443019e+00
8.713463384021034042e-01
1.086864839591443310e+00
3.928317945927539689e-01
8.418891633580328770e-01
5.618340867101627722e-01
6.442321739413543469e-01
9.420657905976200786e-01
5.125509898890908689e-01
6.513843746283541625e-02
5.215821266329180306e-01
4.377127050044709033e-01
3.183077884790829759e-01
6.113312780217268205e-01
5.574924668029226371e-01
5.397516217125558624e-01
5.228773846177067197e-01
1.197639131554267378e+00
1.263602433560780280e+00
9.165813114504832715e-01
1.853532577127501302e+00
2.177610362759882512e-01
2.302009427166457345e-01
6.482355829328783070e-01
7.841602778077946256e-01
2.734977724684992673e+00
4.941322351639234056e-01
8.880609006088473478e-01
3.346873814460970542e-01
6.998236452171682220e-01
3.835615144149008837e-01
5.143390336611537439e-01
8.384282345359587163e-01
4.824494158091959251e-01
4.732785302465130628e-01
1.571099882040406792e-01
1.755580781266735668e-01
3.563696331257232841e-01
6.109250894998732306e-01
2.070397560127456849e-01
3.441728635498555455e-01
4.996971796820744438e-01
4.057408282662813837e-01
7.732069035313499095e-01
4.498706918531898968e-01
4.182761093688514564e-01
1.077333780245550710e+00
4.467249834747814008e-01
9.478289790966515360e-01
3.739911366960055328e-01
1.262245048961978977e+00
1.854666598839632918e+00
1.261572743856773648e+00
1.538008263285301158e+00
8.972825652053206813e-01
4.319833894282879561e-01
6.130649836116528473e-01
1.867613571265070438e-01
6.590329683595094190e-01
1.070435408224573948e+00
1.193706871908543299e+00
1.454872074822968431e+00
