1.960068637224116372e+01
1.037043687023326299e+01
1.255304227899409852e+01
6.009589292771167379e+00
2.471084572333644758e+01
9.273265087518396399e+00
2.123127332762227581e+01
7.394074530733476536e+00
1.805477068696119858e+01
9.310574815051978703e+00
1.228029856095598404e+01
1.388795420573258355e+01
1.954281767186941465e+00
-1.105259679690121288e+00
1.518941777421039774e+01
1.303505434651022199e+01
2.195207039409803684e+01
1.948103344567162765e+01
3.313963358894440603e+01
2.996404523451940349e+01
9.808473098129937284e+00
2.251737208202669649e+01
1.852551940146626919e+01
1.000955643464318712e+01
5.757038181210802463e+00
1.536470256691316649e+01
1.380861704943114887e+01
2.025604524527529549e+01
8.983066762244249048e+00
1.380031110606589095e+01
2.826047526877144378e+01
8.871439911913483911e+00
2.427504179237453030e+01
1.833857184904432813e+01
1.890266345274096693e+01
1.466593756839482410e+01
6.538899299936289822e+00
8.471682660083786232e+00
2.218714837361957137e+01
2.257718229633313456e+01
1.338900647218362394e+01
3.171389176747400995e+01
1.007949644084402507e+01
1.745115267421284955e+01
1.837493332240121191e+01
1.207570816230517607e+01
1.076939729308036675e+01
1.497208128070442967e+01
8.496229418620643514e+00
2.003163849590509926e+01
1.586889794604566362e+01
1.291858870082765520e+01
2.956840705071930131e+01
2.654351432467942118e+01
1.301884645854704559e+01
7.619016316572299274e+00
1.890500920294935838e+01
1.725199955760169246e+01
8.877477615138182898e+00
1.240831861810136871e+01
1.799837231283989780e+01
1.517935932492200379e+01
2.785762504324931399e+01
2.406764095153965854e+01
2.641559833239884370e+01
1.277333075076381874e+01
9.752253791734048605e+00
2.806045422115422383e+01
2.832206175471581844e+01
2.237303827623684072e+01
2.119875061482638046e+01
1.573076703613284621e+01
1.504560244981651351e+01
1.420168433355654258e+01
4.420791756431725616e+00
2.338148568950069262e+01
1.815753849635153472e+01
2.199892000135969283e+01
2.179032875626339205e+01
1.909223251847499370e+01
1.478959903124294328e+01
1.469470880278304037e+01
1.650359004269995467e+01
1.765943289444368247e+01
2.967690325708360888e+00
6.037627828526865414e+00
1.389853756158203169e+01
1.159124426025027788e+01
1.744329125993643004e+01
1.835195224928116176e+01
2.239075046746143016e+01
1.679688139948498815e+01
9.672734090607150392e+00
-7.040752325581252080e-01
1.823434420520966626e+01
5.860516352559770326e+00
2.022152512876830599e+01
2.298494518933100750e+01
3.686527099781770289e+01
1.139256928223194620e+01
1.049642707002620057e+01
9.408158132758018155e+00
2.208245814490589254e+01
3.695023251385471497e+01
2.758853510094559169e+01
1.815949048125574450e+00
1.449515178087938239e+01
6.555189686729789855e-01
1.440288002600931350e+01
5.691769522210790910e+00
2.307460944830079086e+01
2.597255675209612491e+01
1.916733175568225533e+01
1.779089413665799668e+01
9.444905988669873409e+00
1.796047808683248093e+01
6.481551879440459629e+00
1.689486058340719410e+01
1.960648138658281425e+01
2.268066199295843433e+01
1.809514139722026016e+00
1.985207112188430756e+01
9.307038304175293320e+00
1.759172467384346561e+01
-2.238966891815152849e-01
2.942701680027108324e+01
1.388763144112635928e+01
1.741443831231684669e+01
1.265564835706086910e+01
2.879543439229060198e+01
1.895086477177237327e+01
2.388069528766575900e+01
1.050224979018597082e+01
1.746961836620570807e+01
1.112757302117667280e+01
2.017697200920471801e+01
2.347427562296009285e+01
2.785148082746982823e+01
2.384983311160549135e+01
1.890311657088886932e+01
1.448793774508355625e+01
1.640564814172745400e+01
2.167930138583087540e+01
1.683354416115105323e+01
1.634678676218896953e+00
2.255703589393173303e+01
1.227598721927049041e+01
1.470206809190331398e+01
1.991678140787603013e+01
9.905948871703458281e+00
1.330565619422419843e+01
2.581828576528409513e+01
8.065352859451010659e+00
1.809407585625676518e+01
2.029843909857206086e+01
2.248528708010192645e+01
2.138693543087773463e+01
2.703182451255337071e+01
1.685177018551848960e+01
1.006194599665614930e+01
2.457153838590743078e+01
1.535710277065834362e+01
2.350263549629060122e+01
2.682976134642886734e+01
1.285839855596590553e+01
2.178640263158410306e+01
2.068225203347156338e+01
1.942145784767468797e+01
1.023538928083375765e+01
1.387919725007074589e+01
6.951689590813572295e+00
2.074055932229806842e+01
2.372463860015812998e+00
8.678032629120579600e+00
3.515221272431006128e+00
1.774265033922438306e+01
2.067661837527945323e+01
1.561057910011945182e+01
2.393366404298531336e+01
1.834803293607053121e+01
2.127988707513244293e+01
2.408669164803754370e+01
1.643417267862123055e+01
1.893344885124892585e+01
8.939832421127405837e+00
4.547162137649223723e+00
3.017464899783482224e+01
2.088605102644581279e+01
1.856598056789691498e+01
1.203975307737043465e+01
1.241532114093143946e+01
2.438811454535670009e+01
1.550410759411732897e+01
1.173483366141019246e+01
1.297858019469724411e+01
1.332976458263854624e+01
-4.504356214280107906e+00
2.789813978520051307e+01
8.487835771022076869e+00
1.142471235408459052e+01
2.835497446637631924e+00
1.392938361039176698e+01
1.296359510799628367e+01
1.969730892548662382e+01
1.231029860814018662e+00
1.995552266902444671e+01
1.427159955541338832e+01
1.966070842399174978e+01
4.618582313923056404e+00
1.357429400571291467e+01
1.030719514513521062e+01
8.769626114168389108e+00
1.273266024607656277e+01
1.976949677258697591e+01
3.106303176755024253e+01
2.239029479002707035e+01
1.363300813866908356e+01
1.601723734330862214e+01
1.451778230512057632e+01
1.066563585908464518e+01
2.132883373386540882e+01
1.324146060590855711e+01
2.394646985368077452e+01
2.226965993217132223e+01
1.756136268962308833e+01
8.107969189564130374e+00
1.174106011974410535e+01
1.383931924382956424e+01
6.822192031026190762e+00
3.426058381640645933e+01
3.935301088555647198e+00
5.631646925033393813e+00
3.237963469660908089e+01
1.315294884660815455e+01
7.662148039039777814e+00
2.711211072002973310e+01
1.701508451280822243e+01
1.949683235031054096e+01
2.096134269000189221e+01
1.419868163007281225e+01
7.966233476177109196e-01
1.688998259170209337e+01
4.135322518891953791e+00
1.210814375178236446e+01
2.058741491927243317e+01
2.271074264483080896e+01
2.263561176672353525e+01
1.493688268488782001e+01
2.151454837651891694e+01
5.961057039966632942e+00
3.607395319856621541e+00
3.943465907867846454e+00
5.300327239502422572e-01
2.247153161019341638e+01
1.654472776248968557e+01
8.996067488966161818e+00
8.139463190973984297e+00
8.590138098821569201e+00
2.011193640165993912e+01
2.415137234656376819e+01
1.077618406224216585e+01
1.609459174072074461e+01
1.676459404501051864e+01
1.486402661633461264e+01
1.892689046071252790e+01
2.832581524251060046e+01
1.256135284088773574e+01
2.118789996480313675e+01
1.598253051614778997e+01
1.134010765029420753e+01
1.758594380332454676e+01
1.418898115048807540e+01
3.206070887940916236e+01
1.079805435499174848e+01
1.699372724124928880e+01
1.862420699297835114e+01
1.939811343862709947e+01
8.605569501540955457e+00
2.586761291574575949e+01
2.030140232920910393e+01
2.782108752902662019e+01
1.852817324106331398e+01
1.391212860113833472e+01
1.485074319360777650e+01
1.319187832617780032e+01
2.182038517761117902e+01
2.116439820154320728e+01
1.989650258383253600e+01
8.047387084354028275e+00
1.989564444577882796e+01
9.803780331742160570e+00
1.498468650677881442e+01
4.285256962934212766e+00
2.021799313676964971e+01
1.601033812130279443e+01
2.657875163035977550e+01
1.681244189018458712e+01
1.536257126896764191e+01
2.615514080804508268e+01
1.452600499807326173e+01
1.555952501560864221e+01
9.276137621879740891e+00
1.965026005304881096e+01
1.725679594693113472e+01
1.298710034437185357e+01
1.752661476399008222e+01
1.389611457922362092e+01
1.976889968883398296e+00
1.727756996638470355e+01
2.244129123907057277e+01
1.367820628511148584e+01
1.662755790566605185e+01
1.933928519743636798e+01
1.873277688892137860e+01
1.864858693966989023e+01
1.748078791448017455e+01
2.793065081457958598e+01
2.088164316467609893e+01
2.037908302104877833e+01
3.353858266176615643e+00
1.219093979419278639e+01
2.398178267423757859e+01
2.435467147731669257e+01
1.001997193193042790e+01
1.000313274669005636e+01
1.213317922719497233e+01
3.396868437287963616e+00
1.595493474811093648e+01
1.057569951887248294e+01
7.655263300080321187e+00
-9.795390364114382464e-01
2.135400593543399594e+01
1.738690759223605653e+01
2.196790579819022327e+01
2.105168666304574288e+01
1.280130967640096173e+01
2.076298629826411002e+00
2.302067676755156356e+01
1.456766593025685097e+01
2.151545114974541661e+01
9.231635691577594116e+00
1.333252991054058612e+01
2.159430340880862786e+01
6.610967886347154376e+00
6.834944543731893418e+00
1.221713187424856528e+01
1.623457834606779215e+01
2.756921700402102715e+01
2.112435781619116426e+01
2.639462181978436206e+01
1.143549651337477258e+01
1.862994785933830144e+01
2.347327899635244108e+01
3.059623281130853911e+00
1.720623120459129041e+01
1.898979234130707994e+01
2.346614805968342665e+01
1.682512690116233500e+01
1.892752061968064936e+01
1.796399378778050959e+01
1.122575467803835636e+01
2.177534358368692580e+01
1.517318271853392275e+01
1.430627931202414516e+01
1.942359764356284302e+01
1.844476918476215133e+01
2.194928173413400430e+01
9.136717013425140976e+00
1.861429799003527563e+01
1.633971872987893903e+01
2.663566757982682276e+01
1.596866823507046718e+01
2.513080602292960464e+01
2.188344581489715779e+00
1.805879287187765669e+01
1.929574342207595805e+01
1.551579722525023897e+01
2.049708408440516649e+01
2.765335541651227658e+01
1.385127434746272002e+01
1.582903488631509248e+01
-1.781897473662752418e-01
1.378154998809705489e+01
1.787896273672375713e+01
5.293338576386645400e+00
1.631576569791320708e+01
1.289038589086402453e+01
1.830960505746456590e+01
1.926733488834189245e+01
1.064522376947736859e+01
1.451914124851120391e+01
2.202726011437246711e+01
2.741688029741214194e+01
1.514701738997290192e+01
1.764678079856822990e+01
7.940843837829319796e+00
3.550499946052103439e+01
7.703755238352044898e+00
8.234874179073301548e+00
7.360929846733512250e+00
8.467690285214928281e+00
2.149170398156633865e+01
2.680922264468927096e+01
2.385249182341510732e+00
1.358874939090939904e+01
1.841362301631392029e+01
2.439874791506653651e+00
6.668255114676099993e+00
1.331280607466867139e+01
1.101877994683407280e+01
3.558627660652575742e-01
1.565552591492776457e+01
2.734541792226977464e+00
1.591552467028755302e+01
3.533742847505106965e+01
8.306627795307917950e+00
9.798302594704097146e+00
1.896575343777751499e+01
2.385170754019377171e+01
5.356215394800130980e+00
2.210984419979779148e+01
1.027044495243839606e+01
3.520755228940236492e+01
1.719726807270198776e+01
2.119566051031377896e+01
1.700452457638165527e+01
2.350484840022142663e+01
1.337791367710121904e+01
5.941599434796117407e+00
1.978476927126385476e+01
2.006758833544348164e+01
2.043299523508943594e+01
1.178635886556278933e+01
2.045696067741705804e+01
1.567265375257683502e+01
-6.463847929754592769e+00
1.639712525262808640e+01
1.543156995004012799e+01
1.714574654704294687e+01
2.191417608856544064e+01
3.379202661017458809e+00
1.424260497426716654e+01
4.850905344845699574e-01
1.477551779930642795e+01
1.664204703125743379e+01
1.648208047316742864e+01
1.637031715785526842e+01
1.373312336987929427e+01
1.021019486781548835e+01
5.652451049187206422e+00
1.436828263707607789e+01
2.482012047225858709e+01
2.495309322471721458e+01
2.153999262094656331e+01
2.557149523026521365e+01
1.077663947043859594e+00
1.515187670301480694e+01
6.121708399711721427e+00
1.503743083099065814e+01
2.230628431693810398e+01
2.417447648352717948e+01
1.787267686442878301e+01
1.957765004199031722e+01
2.556191097956681801e+01
1.191699523098564839e+01
1.757768348448490769e+01
1.751408465467945064e+01
3.279245715648207238e+01
1.568210973058978652e+01
2.223015692113040842e+01
7.930511518851091068e+00
1.978557894689315333e+01
2.505274362890015993e+01
1.636665598694795420e+01
1.498617361320449959e+01
1.301898591864905086e+01
-1.092348963911774717e+00
1.765871711309782199e+01
2.914089198383172175e+01
1.327442174562166599e+01
2.617932980414577315e+01
2.129140373655991425e+01
2.934100052006857595e+01
1.556564637322107103e+01
1.379839465415204813e+01
1.355658702945758876e+01
2.212948120728281509e+01
1.912605598900616855e+01
7.907986336626436241e+00
1.122947736758672477e+01
6.280538106083355387e+00
1.541786315971961585e+01
2.114147463212606226e+01
2.270808352219822268e+01
2.027290343629717029e+01
1.354627152300145099e+01
1.728964766866062064e+01
1.028425919659353838e+01
6.943918767009350290e+00
1.028244425700437148e+01
3.942729704473833863e+00
1.077010708708219511e+01
9.508024106263746944e+00
1.533979508665096603e+01
1.011788741699645300e+01
1.305965440184854742e+01
1.179429893379497685e+01
5.000831225608095565e-01
1.127711940827305170e+01
1.287853217892190116e+01
1.169625383072224167e+01
5.289102506512961099e+00
4.402797776530661622e+00
6.607123492829614975e+00
9.618288028928489553e+00
6.175516181949930683e+00
1.826892814676038768e+01
6.360017458660664147e+00
1.127830616885529480e+01
1.487645635721065673e+00
-1.333637649146467652e+00
2.767936077802636419e+01
9.037058508545300128e+00
1.342222232703841200e+01
2.359985909721018515e-01
2.168618786067938231e+01
-2.372040611762898266e+00
2.016181429825189753e+01
2.320966230523973195e+01
5.844560815529433739e+00
2.455163399426653825e+01
2.298054572140635798e+01
1.713500514026213750e+01
1.654318785748300513e+01
1.546638124657741287e+01
3.092880041919777767e+01
9.004045504293983981e+00
1.319417228616713089e+01
3.066299954279543272e+00
1.772810533069588246e+01
7.107444015710413510e+00
2.441381365098503409e+01
3.007087176975666409e+01
9.506092955730835570e+00
2.048067584468876845e+01
1.702721202165773917e+01
8.880452271607452985e+00
1.257908751059541430e+01
6.514780690031770405e+00
1.669277823370066471e+01
1.801628869971131053e+01
1.252660129085586505e+01
1.330662845087138635e+01
1.976225911924345269e+01
1.965578980487914862e+01
1.708449830380439494e+01
1.313198202711863871e+01
2.921006650380196135e+01
3.800214028790634302e+00
1.108226898726297804e+01
2.259799344042809111e+01
1.955981414006785712e+01
1.650135068665609595e+01
7.257291680229130293e+00
1.733755526426248395e+01
6.622889666681572862e+00
1.247691182454485670e+01
1.283111172302734815e+01
1.672303224569287750e+01
2.185295135619512052e+00
1.286867586410097886e+01
1.566205380399144076e+01
1.308177468462763215e+01
8.115034319342683489e+00
9.496263919187711622e+00
1.644889318164989334e+01
1.487294731496697864e+01
1.509473399914351432e+01
5.939766612510155142e+00
1.226554054699745677e+01
2.022322937256943476e+01
2.166669112254528784e+01
1.252200238574125990e+01
4.481914041055702569e+00
1.448513668752326566e+01
5.730021483304000185e+00
1.856327341379135021e+01
1.636862388273229385e+01
1.194672119327546511e+01
1.658124150448518463e+01
2.799375150036870252e+01
8.710745038832470755e+00
1.436921386284045354e+01
1.240633648026714297e+01
-9.714565364906491141e-01
2.459801339938307763e+01
1.409511921776574184e+01
8.985814949379488326e+00
2.700640210766185589e+01
3.238806267093124802e+00
2.828769419079227987e+01
4.891362549519300273e-01
1.787808674314648982e+01
1.926418498511142730e+01
8.507331389311701741e+00
1.540337365509132894e+01
2.604346697432649194e+01
1.875328604949294231e+01
1.425845133304973444e+01
2.172431263859177619e+01
2.408101659683880058e+01
2.098124518450861586e+01
1.309407547715423448e+00
1.091308276127767840e+01
2.024085571384811999e+01
1.754603779106236061e+01
5.377049252741812779e+00
7.653846560040918234e+00
9.898423504726423516e+00
1.453453160069017258e+00
1.742843487197233543e+01
2.471160238030201128e+01
2.122296353369426924e+01
1.249287843720907176e+01
5.454509493243364204e+00
-5.190454137682394276e-01
1.017283011732318698e+01
6.747967852209853845e+00
8.674999225427782790e+00
1.578676682271787968e+01
3.276427010784054517e+01
1.642536220878976394e+01
9.037875564086505165e+00
9.894642555756178126e+00
2.221399184024339490e+01
6.501307854712365497e+00
3.095828941065633444e+01
2.086330123384134083e+01
6.907038560106613545e+00
2.158959648372448470e+01
2.852976183096598106e+01
1.419206716730393225e+01
2.417268239857880729e+01
2.677259605679665810e+00
2.573413321261396902e+01
2.169701962159915354e+01
1.324088129108146461e+01
1.362298176858529075e+01
2.764269336078631056e+01
1.679333853374794927e+01
9.113376504556313762e+00
1.323547626946917433e+01
1.753566362801054623e+01
9.380828344596707780e+00
2.783213313352189999e+01
1.908253905129312500e+01
9.078140891221806896e+00
7.576597617307996302e+00
2.116554554724447712e+01
7.210419589834742737e+00
2.612079092616653497e+00
1.433944206606247462e+01
-1.196850021591416180e+00
2.410327185401175143e+01
2.118354853374711411e+01
9.142530038407898019e+00
1.668885686335892160e+01
1.705354720791487466e+01
3.340278826000000834e+01
1.266755776749424456e+01
2.066603127493152670e+01
2.111690675014256158e+01
2.202110373500462259e+01
1.280668860523704211e+01
1.597782495774603717e+01
6.973583055699378974e+00
2.171257356778054515e+01
9.356827197099903515e+00
1.552945729864526925e+01
1.506813463541369913e+01
2.187319803967215393e+01
2.575319225256723854e+01
7.365571441361652205e+00
1.093206738053366678e+01
3.407212054974920079e+00
3.278254488251646137e+01
5.094407463151256366e+00
7.136960634520022495e+00
2.149463118629286384e+01
1.621080282594603261e+01
8.696269963530170344e+00
1.953524690290953458e+01
2.214047786848409061e+01
2.694781015725943263e+01
1.961782904069632139e+01
2.379240180429787443e+01
1.655582204399330237e+01
1.228261815558033732e+01
6.419830336443041574e+00
2.041516885242469215e+01
3.485983734031222525e+00
1.039342204816455251e+01
2.956621897516195929e+01
9.471068030027339546e+00
1.444092868211096459e+01
1.819172329071098204e+01
1.452922794790805483e+01
8.146360863460699875e+00
2.727193032434882980e+00
2.376915218255076212e+01
2.087916671980778460e+01
9.478973305364917223e+00
1.855307818399445807e+01
2.018911027260396196e+01
1.899538871921225791e+01
9.124735324560816707e+00
1.650007614425453539e+01
1.176795284043288348e+01
1.057613352037536458e+01
1.879351795563165695e+01
2.332032371505864887e+01
2.566456294865012921e+01
3.158162919446780847e+00
1.510638634217168885e+01
2.409257799859896920e+01
8.601229196307841107e+00
5.832512623807005525e+00
2.070023348973066390e+00
1.157831083482224699e+01
1.572682974572147430e+01
2.366063261039096943e+01
1.603823311466865675e+01
1.251524243087985155e+01
2.042358169034887538e+01
1.872086102679713093e+01
1.719481400530445114e+01
1.383479917081061217e+01
2.345871947421645132e+01
1.677977334021528577e+01
6.432609142518316503e+00
2.042123942507263479e+01
8.735754561699309306e+00
2.022774616750494658e+01
1.929280101792368640e+01
1.992029683438214960e+01
1.132760669719922930e+01
1.652704816695542434e+01
1.360658950808492307e+01
1.141299893989997827e+01
-2.489541807714559241e+00
1.997951008443538967e+01
1.644621254672695443e+01
1.144670810317549581e+01
7.022850315285296574e+00
8.689295427869893729e+00
2.253656196241686871e+01
2.514876715879276503e+01
1.265918456905227174e+01
1.124590544107763890e+01
2.554825915258007285e+01
7.456962052208155001e+00
1.406313827188434118e+01
1.867024840936343111e+01
2.161987928235410550e+01
4.063321135390748395e+01
1.281146319502676079e+01
2.431508670325448662e+01
1.272186714551941122e+01
1.848035328523490506e+01
2.507254546280312724e+01
8.287514206880743473e+00
2.132680521799683504e+01
1.709843736573392903e+01
1.959136053661271859e+01
2.281895537983153588e+01
2.440774069097226118e+01
9.089787253367362041e+00
1.892238738596788039e+01
8.644612444788819516e+00
1.784639109446158045e+01
9.513451554876809269e+00
1.136413988952240572e+01
1.921453873083278552e+01
2.046541208843384396e+01
1.640461746858056813e+01
1.314089467916187459e+01
1.321212987083445967e+01
1.503472149837151051e+01
1.023599359550452448e+01
6.747463344416289033e+00
1.360109402310978055e+01
1.478242869181580943e+01
1.666702826507841451e+01
2.743456521741875775e+01
2.152035376010016421e+01
1.150918570525395523e+01
1.004576681906904412e+01
1.849532487106516498e+01
2.050415356233203568e+01
1.319106511319105834e+01
1.242764339141258745e+01
2.002991098205951204e+01
9.908258902270134172e+00
1.805783766737303608e+01
1.118335783822611518e+01
1.933464775346461550e+01
6.636328172088184374e+00
1.373605999816470558e+01
1.467923450008116504e+01
1.588610209092576042e+01
1.698863705711876548e+01
1.333763778452731685e+01
6.350851424099019482e+00
1.948748063235588290e+01
1.811885935554498417e+01
4.648703326109682621e+00
8.207745845570343590e+00
1.420270947182875432e+01
9.329443136339037324e+00
1.950534524307359163e+01
1.917078934107299659e+01
1.380333538222076584e+01
1.544054825235218686e+01
7.042474799711072819e+00
2.324179351920051317e+01
1.136751867584084152e+01
2.603660202477100682e+01
2.115222292801737325e+01
2.373925645677301333e+01
1.054784593454408537e+01
2.399910189464761601e+01
1.246449429290601074e+01
3.243172299012381643e+01
1.224096148443734933e+01
1.742755107434933848e+01
8.204507557179368860e+00
1.805309904680216704e+01
1.459588162206881634e+01
4.795690316652951424e+00
2.489137999983032756e+01
2.150944041695280617e+01
5.569853785879061547e+00
7.509911836752209524e+00
2.007080128339924840e+01
2.024907336970175464e+01
1.757577209051845557e+01
2.195841631278135253e+01
1.203944200815207921e+01
1.095776917495453517e+01
6.326052422912525230e+00
2.083579933641785686e+01
2.048253354800985448e+01
1.775040430307321060e+01
1.757856017724392927e+01
2.683566401555087566e+01
2.947892069170573848e+01
1.603057868142725795e+01
1.171389258828654079e+01
1.620640884443844243e+01
1.495753918795048776e+01
2.789881163415835630e+01
1.271466541189370503e+01
9.635539309292681764e+00
1.615516206652777953e+01
1.599174082264096342e+01
1.593251695958656455e+01
2.086928511592057589e+01
1.913859021634377200e+01
3.240824739480077454e+01
1.904305049946662365e+01
4.475618322350612743e+00
7.218637629168995318e+00
1.310151244318926445e+01
2.210499093658697234e+01
2.577625245221686612e+01
1.637357612452522915e+01
6.539381541703136236e+00
-4.978245580775308099e+00
1.811431871776875369e+01
2.023724355820159815e+01
2.761735139094037095e+01
1.653087861080155108e+01
1.982586856847269985e+01
2.199325182219599384e+01
1.345398966895015747e+01
2.027378323079803835e+01
2.116321483229704370e+01
2.007623566762121925e+01
1.595715538957807667e+01
2.255844316445518416e+01
9.799111823980879876e+00
1.844690029968295875e+01
7.058285057029920040e+00
1.871136343498115195e+01
1.686977489643066974e+01
2.099083864252142462e+01
7.938370111163891352e+00
1.320575873120510835e+01
1.033533639221496259e+01
1.260808747710353828e+01
1.356293616038560401e+01
2.355755640837035259e+01
2.801712742311384829e+01
8.075443101390206380e+00
2.207947098543521491e+01
1.051723109275394563e+01
1.488398026291980614e+01
1.584295388742798139e+01
1.409973951489739363e+01
1.444637305677139238e+01
1.234723170044023277e+01
1.680377720934471597e+01
1.938431401970219525e+01
7.838579674132120090e+00
7.498853370297965171e+00
1.657198191803668408e+01
2.039473734585315867e+01
2.431317562660564136e+01
8.339882607422111960e+00
1.470096660519745058e+01
1.439069925146479534e+01
1.212944284676328266e+01
4.675948763150884702e+00
1.799010035714488254e+01
2.193703726073032101e+01
2.006162156229318327e+01
1.309696133893878311e+01
1.587012688176552899e+01
1.512446577376125845e+01
1.587228502650485495e+01
6.861544203978482415e+00
1.421437944880031523e+01
1.110354790612238673e+01
1.235229229303303100e+01
2.077387907489296737e+01
2.852251938213475313e+01
1.872314331745896254e+01
1.554270313592118669e+01
1.348573422688443202e+01
2.522582901120063781e+01
1.905074981937386269e+01
1.809663073917613474e+01
1.415170785672302145e+00
9.432944830651138091e+00
1.801864081859947930e+01
2.039624832656842557e+01
2.629985255720203696e+01
1.654719716241322658e+01
1.865835535626430897e+01
2.617073979079252410e+01
1.829456048686378011e+01
