-5.921104478739977139e+00
2.700928272803935215e-01
-7.539842209965840425e+00
-3.521181840301366606e+00
-9.664501553365781206e+00
-1.026554850262999707e+01
-1.978817311902336940e+01
4.081513253765933769e-01
-1.785932619404022148e+01
-1.773759250940227616e+01
-1.882560724221936255e+01
-1.710631585574083147e+01
5.616304583104124504e+00
-8.219421385033228944e+00
4.773912513576789252e+00
-1.318713222514074346e+01
-5.224156539984491587e+00
-6.705973794613228733e+00
-2.416356020519899062e+01
-1.667510762836944593e+01
-3.245709777296923448e+00
-8.095110767832068177e+00
-6.358685412335958631e+00
1.930861086222009249e+00
6.819856262484464082e+00
-2.110139322917245863e+01
-7.484748271423413257e+00
-5.574744067276398596e+00
3.543481889667901896e+00
-1.634675822503864140e+01
-7.770572744237597362e+00
2.899111492666435197e+00
-7.616927326237671991e+00
-1.000370137981973073e+01
-1.045959756703254584e+01
-1.591045065455438134e+01
7.146500132532096927e+00
-4.707517960296868864e+00
-1.614824125638634200e+01
-7.855118106577279491e+00
-1.599122150292635069e+01
-9.835090182898312605e+00
-5.524397477101430809e+00
-1.407198950414208127e+01
8.862435748114251055e+00
-8.400399958168790704e+00
7.683348619093905540e+00
-8.635243300286347790e+00
3.148009005510104430e+00
-9.955257854650099603e+00
-8.865476974017070688e+00
-1.085912821796217997e+01
-5.972390493927505872e+00
-1.160719457954311906e+01
4.156545910714726233e-02
-3.116199196105213787e-01
2.081877082329839368e+00
-1.450759836852455464e+00
9.073100673710996489e+00
5.631428424954521006e+00
-1.883725264570995250e+01
-2.398269109815159084e+01
-2.316983202402184361e+00
-1.007432482899626791e+01
-5.908566205497535861e+00
-4.317767043027885165e+00
-4.524877615250062490e-01
-2.079903387000112502e+01
-2.267323125190992528e+01
-1.310896153705000700e+01
-2.196606670771667780e+01
-7.154535179214889240e-01
-2.970406079184158443e+01
-1.266071365718094910e+01
-6.292285385978615864e+00
-1.147867111149383845e+01
-1.748335241161638010e+01
-1.046591245789959146e+01
-2.833332392859776405e+01
-1.463145452920356604e+01
-2.792910637756283165e+01
-2.285230709578497965e+01
-2.313711839892572186e+01
-2.117981451178519592e+01
-8.449379998922140089e+00
-1.787741999947485283e-01
-3.882369453740707854e+00
-9.073385910655275666e+00
-1.653069784180138413e+01
-5.766172655577136652e+00
-1.468672594032950940e+01
-5.314474203383355189e+00
-8.639696467174445615e+00
-1.899979677792079258e+01
1.702264328235784774e+00
-2.052409861257307000e+01
-1.265307628120112327e+01
-5.705850203286701117e+00
-2.103269222034630559e+01
-1.507934507786185918e+01
-5.136067364968511129e+00
-5.165635729163000178e+00
-2.369387055408954268e+01
-9.294928084459343154e+00
-6.627733085502242716e+00
-5.228648552465344324e+00
-1.949325013979986920e+00
4.891141381488125717e+00
-4.870022171557721435e+00
-5.464592373728891062e+00
-7.219865397594318779e+00
-9.908873852547941397e-01
2.505219437311723141e-01
-7.388708640123581972e+00
1.111385842978675953e+01
-3.876831091433061260e+00
-1.464735194746862135e+01
-7.179127946765035517e+00
-7.122082167315923584e+00
-4.653633471738061189e+00
2.903946472210023444e+00
-1.088811387755470150e+00
-1.403328933985036997e+01
-5.096539313334801591e+00
-5.940062179827094724e-01
-3.536271883270060812e+00
-1.370390788970364326e+01
-6.388341913185200838e+00
-1.071635120654363504e+00
1.708132279329277026e+00
-8.358252808411265278e+00
-1.497723025056912149e+01
-1.546754894814218062e+01
-2.914568027516253323e+00
-1.483938421181245815e+01
9.966139616526817235e+00
7.540521098832186908e+00
-6.863951078357217739e+00
-1.243281502533758953e+01
-9.077213170101032347e+00
-1.770362997408440719e+00
-1.405486571595156420e+01
5.186327369987537850e-01
-6.331281739262934138e+00
-8.164738280098930545e+00
-6.270167269083970041e+00
-2.094703602949678611e+00
-3.166039599242054692e+00
-6.970425358813059802e+00
-1.302113250330927485e+01
-5.259135851272660034e+00
-6.111237082513028440e+00
6.151697038618237912e+00
-5.910474983271328142e+00
-2.147907718677626576e+01
-1.621980319185496455e-01
-7.015025979488441976e+00
-1.234158123817852015e+01
-1.502147637109520417e+01
-1.296084855088787435e+01
-2.452275954698312432e+01
-1.288106448821157812e+01
-1.319010191566582080e+01
-7.122323765997819578e+00
-2.368034307170944430e+00
-5.197089135337648713e+00
-1.588727467652287828e+01
-1.767398592421614012e+01
-4.540113835198454240e+00
-1.289040200700830496e+01
-1.076816460932234065e+01
-7.765396023945612569e+00
2.075623803476617013e+00
-2.812580516813844156e+01
-4.522117632767205464e+00
-2.424490690952406169e+01
-1.931807405088051155e+01
-1.155417130036778417e+01
-7.614885732738372326e+00
-4.808556721828182390e+00
-1.386168815844480662e+01
-1.408578929257342338e+01
-1.959621643135236013e+00
-5.578609351230483071e+00
2.260512600326890720e+00
-7.363112019660746910e+00
-6.487462662280975678e+00
-3.880967138655122994e+00
-1.465199444146151109e+01
-8.932301258356460494e+00
7.497757534034548144e-01
-1.471146944418320857e+01
-5.104477912779927351e+00
-8.446239427578902337e+00
-7.259167177234076007e-01
1.311242919351371938e+00
1.683191712569401943e+01
-2.165238060083555638e+01
-1.014454471493905885e+01
-1.188390417701126012e+01
2.202817721408379725e+00
1.128897383761767514e+00
-9.320694364470512028e-01
-1.816895993807247578e+01
-1.583743285475610207e+01
-1.781506277912863823e+01
3.261376726918186364e+00
-7.795269902100699255e+00
-1.065423276185310897e+01
2.579342971568920007e+00
-1.837365280430914538e+01
-2.447094009264004910e+01
-1.453102407335425994e+01
-2.259175191676663985e+01
-1.702553853689852303e+01
-2.279633518040863294e+01
6.013176600896485979e-01
-1.029500691604202700e+01
-1.777379941120480566e+01
-2.480859795057496342e+01
-1.521496698065610076e+01
-1.037144613718550090e+01
-3.463783946945540038e+00
-2.020975403693623207e+01
5.051022412591663624e-01
-1.690998360122222266e-01
-1.225878942319786802e+01
-7.345674228809102146e+00
-1.775089379336904472e+01
-1.094606025905031288e+01
1.241491053662538491e+01
-1.856827365816050701e+01
-1.098269681857266278e+01
-1.018233215180357831e+01
-1.937613395858150511e+01
-2.657388502745402548e+01
1.373341715383034511e+00
-1.489757753482702185e+01
-7.398876943866696365e+00
-1.195441006359492064e+01
-2.100184462147480247e+01
-5.070811738002618085e+00
-6.675285858111038806e+00
-8.082737793748108857e+00
-1.120049660638112243e+01
-6.558258199447081438e+00
2.330983210902019209e+00
-7.074394204444715228e+00
-9.045867460921030556e+00
-1.298433624018159094e+01
-8.853158345518508554e+00
-2.401317546989143636e+01
1.400663967262730125e+00
-1.787654646655090573e+01
-2.108970786571518374e+01
-9.290177407152285127e+00
-1.934753092489791015e+01
7.440138571487068475e+00
-4.496550586778013781e+00
-1.344125322339051820e+01
-1.619902276866736202e+01
-1.749268398955256032e+01
-9.143428228505285915e-01
-1.051750193438839176e+01
-1.026779692061998617e+01
-1.813541889238142346e+01
-2.143292095395693764e+00
-9.358161612101298488e+00
-9.663832006898786631e+00
8.067871331053353856e+00
-9.716082445229858422e+00
-1.224538558036914537e+01
-1.259929463151848950e+00
-1.598497981741876117e+01
-7.324025119225581193e-01
-1.599608808142087923e+01
-1.662015630792267018e+01
-9.070472648191966414e+00
-1.547926691129090671e+01
-4.039608286160955686e+00
-1.901725958248793802e+01
-1.449335269950796601e+01
-9.917955205314825662e+00
2.648188474265964487e-01
-1.042823238906946415e+01
-1.339281836549834281e+01
-1.234392265828584812e+01
-1.654802725471766678e+01
9.766957270126638946e+00
-1.825403181845879885e+01
-1.263055533757406579e+01
-1.070575369220360074e+01
-1.177017025508907011e+01
-2.599882117556546746e+00
-3.077184515889385352e+00
-1.703447710735073883e+01
-6.569210798758717829e-01
-9.263337246847385131e+00
-7.037451144434811567e+00
-2.174089058731593127e+01
-2.967581560338550162e+01
-1.424742464367822947e+01
2.035303018682981246e-01
-1.163050968952583730e+01
-7.477777700466916144e+00
-1.071338699284666518e+01
-1.281366010028321512e+00
7.117750694105069442e+00
-1.257024398466052162e+01
-1.375853555410363072e+01
-3.099136409949932158e+01
-2.035520910130519212e+01
-1.665905376678669825e+01
-5.780329875106957616e+00
-1.711819237678432160e+01
-1.999808280390624304e+01
-1.151041572190010243e+01
-1.721948838478016341e+01
-1.067350665897957640e+01
-1.046459008567725846e+01
-8.185434162106759004e+00
-9.910269638919544377e-01
-1.825548224994571456e+01
-5.303150162628043063e+00
-1.878200689884050689e+01
3.671487713192561841e+00
-3.033411048593038117e+00
2.003121109804538946e+00
-8.807818838627483160e+00
-3.272989590835621243e+00
-5.219281075477113063e+00
-2.373309746459460712e+01
-8.388488382500256080e+00
-1.760962527614931616e+01
-1.369020378906786561e+01
-1.632039206282314581e+00
1.136573144036546523e+00
-1.726851423772484395e+01
-2.116792799134456970e+01
-1.804858913179680258e+01
7.506891362865957262e-01
-8.263926477687661531e+00
-1.551581867807129811e+01
1.188108162570603099e+01
-1.710724642897967840e+01
-9.220260820490921105e+00
-9.168292111445708770e+00
-1.124467445166334301e+01
-1.566974730575449826e+01
-9.326141767730391052e+00
-3.605971682548940294e+00
-1.366428730819588111e+01
-1.784124013564930067e+01
-1.079985152998330022e+01
-1.572477887666376262e+01
5.738200181812814549e+00
-2.375345038687083843e+01
-1.925525818123166744e+01
-7.691572593584183437e+00
-1.773634969804182049e+01
-1.219382532667242458e+01
4.884153448724447344e+00
-1.856185820499622707e+01
-1.102436419154695102e+01
-1.414342511506067979e+01
-6.317767604737412057e+00
-8.473348779993131075e+00
-2.444901989773583750e+00
-9.794522867729725135e+00
-1.033003784115076940e+01
-8.822714915403224722e-01
-1.421987035130672439e+01
-9.920571883658809043e+00
-1.885326917743728359e+01
-4.184490379078624755e-01
-1.238427664598199840e+01
-8.550804851599423273e+00
-1.021415158396150957e+01
-7.109565560953868157e+00
-8.168852395360460150e+00
6.037037230318432535e+00
6.958737957096317928e+00
-2.195614089879398989e+00
-1.423078252860855741e+01
-1.742668983329767229e+01
-5.055112360035465713e+00
3.858353881479729353e+00
-7.920014082093715047e+00
-1.307086369279825533e+01
-1.363835374422265545e+00
-1.707251903913351043e+01
-1.452230135865374905e+01
-1.177626515271212781e+01
-1.031815681373818450e+01
-2.366708967465899605e+01
7.501194151766895857e+00
-1.162639229115640660e+01
-1.714318091607353267e+00
-8.645810617401849640e+00
-1.910377701388539151e+01
-1.181279762426225943e+01
-1.034835496978988090e+01
-8.448210861086238310e-01
-7.633975208204290652e+00
-8.532139662737989738e+00
-7.922125671786417911e+00
-2.561890355316734258e+00
-3.339845553190627925e+00
-2.310031877190658633e+01
-5.182768172415094909e+00
-1.484558186882962616e+01
-2.045259219572568554e+01
-1.410306376481270263e+01
-1.526150452502204757e+01
-1.911446915251823953e+01
2.008259899336195531e+00
-2.856132771796808356e+00
-1.771454684679608249e+01
-1.588449551930850134e+00
1.320868567452748721e+00
-1.971499569327879442e+01
7.823642994800081851e-01
2.999614562488773117e+00
2.561947278541254036e+00
-1.195548649495836457e+01
-1.049497945744707295e+01
-2.626929391795792412e+01
-2.084350029029306484e+01
1.260678172169036770e+00
-2.253911559725349889e+01
-1.225587955926290817e+01
-1.847380780318970039e+01
-1.352733583034918752e+01
-1.968445834355487989e+01
-3.144086553862995004e+01
-1.880729560560521918e+01
-1.028460799378350998e+01
-1.271256318096624227e+01
-1.245196788962032031e+01
-7.670462755151660872e+00
-1.723928865071727046e+00
-4.651287941753480482e+00
-1.337135925957466043e+01
-1.614921908949324347e+01
-5.528992777936664993e+00
-4.912874292880502480e-01
-3.957672259047456009e+00
-1.381485311598891030e+01
-1.094644096705768277e+01
3.042711808372871474e+00
-2.327089698063029743e+01
-1.123220661970718481e+01
1.243953306181182938e+00
-3.565406275372254186e+00
-5.989497444942344373e+00
9.687756754895673339e+00
-2.612890576506387674e+00
3.997456721305084670e+00
9.441072080919198584e+00
-7.069988365978232991e+00
-2.191571927475052917e+00
-3.046685676480251459e+00
-1.320933131042461639e+01
-4.668426891764994480e+00
-7.186539697378151459e-01
-3.303534719308899525e+00
-5.571497997634907051e+00
-1.700431350432931765e+01
-1.707067588175907247e+01
-1.361480517473370355e+01
-2.621108015950966319e+00
-1.498917965556654508e+01
4.319127226739610137e+00
2.345977629486924343e+00
-1.467095212798338366e+01
-1.688932069535724168e+00
1.150287370830477585e+01
-1.184376854287496883e+01
-5.850207793554176305e+00
1.871202696950462041e+00
1.104326736914998719e+00
-1.484414215765872314e+01
-1.149590336966102200e+01
5.916160681081805706e-03
-1.017624882738471115e+01
-6.893033774005587588e+00
-9.864891778227445229e+00
-6.655678305410603457e+00
-1.166653000862737599e+00
1.085451498161262407e+01
1.054456108618509802e+00
-1.957753311434699128e+01
-2.232243241062604966e+00
-3.517987086659061902e+00
-7.017745376001144564e+00
-1.517568675034758030e+01
-1.841837246861319954e+01
-4.579350132391269312e+00
5.557619263225134887e+00
-2.187801734886744498e+01
-1.508919938483515466e+00
-3.861845131288717425e+00
-1.142114070827174999e+01
-7.194568232024806775e+00
-1.411387833124567237e+01
2.600545071130028418e+00
-1.960112404736094049e+00
-2.376495307498956322e+00
-1.308936230610682117e+01
-1.072066869645806264e+01
-1.836384324438473925e+01
-6.524605201899291274e+00
-1.504347742660971221e+01
-9.131188411257710413e+00
-1.269440753183570791e+01
-9.360613563968712469e+00
-1.287734431846982375e+01
-1.724658988635184187e+01
-4.988297982860203206e+00
-4.642357460477725795e+00
2.195479119368343390e+00
-1.676874003793912493e+00
-1.323852080836022083e+01
-4.207333643500987819e+00
-2.816622697191590419e+00
1.409924456794186653e+00
3.290937532731547321e+00
-2.005485326597640494e+01
-5.051165679759307636e+00
-2.749179854857004557e+00
-8.667719018419120403e+00
-1.250055632727637089e+00
-4.682506796846681141e+00
-6.294933556923581364e+00
-1.849323868092582757e+01
-1.191204588413361876e+01
-9.668180403186880767e+00
-1.146756976016159513e+01
-1.891945283978799353e+00
-7.055755213387783442e+00
-8.017849354517736060e+00
-1.131543249874975743e+01
-4.084681520037733549e+00
-8.220141196849340304e+00
6.894304924990422023e-01
-3.597760007081632239e+00
-1.666385900056287994e+01
-6.051187325753033974e+00
-1.018566614995076236e+01
-5.599928104031846487e+00
2.124353510471763684e-01
-7.098187610172857376e+00
-2.834194546598183706e+00
-1.298897561350347019e+01
-7.828920509196137800e-01
-1.354781904746592147e+01
-8.275319276086790410e+00
-1.229241533884291471e+00
-7.176277346342729402e+00
-1.453419866588473042e+01
-2.388026742506919220e+01
-1.426977280732539555e+01
-2.208718556236017605e+01
4.362208198668042769e+00
-5.252834420780757796e+00
-2.133037392991076331e+01
-1.828051941241501765e+01
-1.049100486839648738e+01
-7.534251734235851927e+00
-1.144526763657174229e+01
-1.782789737687917864e+01
-1.243434752789536901e+01
-8.579455926832181945e+00
-1.258398084677438078e+01
-1.405866506663298310e+01
-3.536342512084530654e+00
-8.545225126035902008e+00
-1.395457177155023487e+00
-2.290268909216521820e+01
-2.116419903234951505e+01
-8.763899336572350762e+00
1.140202908230236289e+00
-5.456015608423427921e-01
1.175926600517870213e+01
-2.844854544734957358e+00
1.085791179949958973e+01
-2.908392705729426098e+00
-8.577509937976898868e+00
-1.043225944673935146e+01
5.670020839644010380e+00
-1.022165188075636877e+01
-1.043724796359654761e+00
2.032643935928518886e+00
-4.299512384797779418e+00
9.840532078800549698e+00
2.110024170029959123e+00
-5.618862253928597283e+00
-3.451006329612908985e-01
-7.290173547303297141e+00
9.578155575358138663e+00
-8.263188638859062962e+00
1.969960914832313392e+00
-8.831014900240020893e+00
1.354846468421726513e+00
-2.087519113285310368e+00
2.855452753709201374e+00
-1.117451460648126726e+01
-2.244248544786586308e+00
-1.023046344459396551e+01
-6.232533220815085429e+00
-5.752823493671101573e+00
-2.138878381934148365e+01
-4.376212479546950362e+00
-1.402343692960070598e+01
-3.518451507218713914e+00
-1.197649278546190033e+01
-1.513967152010647510e+01
-2.572895406111763350e+01
-1.168917914546111092e+01
-1.747873416768226207e+01
-4.174643934887001251e-01
-2.678162700429466270e+01
-1.633451554766925540e+01
-1.596179031096110634e+01
-5.376795881877711736e+00
-1.971938623983741934e+01
-2.116673544918866412e+01
-1.099109892291795632e+01
-5.944178582726635796e+00
-2.233352257429747567e+01
-2.619239658242334201e+01
-1.049356349557142210e+01
-1.165375101472402264e+01
-4.325035769399320884e+00
-6.492477583408486908e+00
7.981380347396367370e-01
-1.120438807197454878e+01
-1.139939326544710241e+01
4.648377006044611903e+00
-4.160628671630675512e+00
-2.382695575151825551e+01
5.361866458356686849e+00
-7.835038082024965433e-01
-9.637997826046671435e+00
-1.224212212585075576e+01
-1.688038841009235114e+01
-2.262373178980141120e+00
-1.333777878443214604e+00
-4.798078815661199314e+00
-1.939955943353893986e+00
-1.303412208565679009e+01
-4.896872866663017021e+00
-9.129842750616802505e+00
-6.727402241161641427e+00
-1.363543436234944295e+01
-9.010930070792738888e+00
-1.898583460669894407e+01
-9.185742484466871360e+00
-7.132414297697238226e+00
-5.159598217988403235e+00
1.845771447464855441e+00
-2.161281403573444493e+01
-2.150405798569704530e+01
-6.370782987555713817e+00
-2.221799672541882842e+01
-8.754891512260442710e+00
-6.950556885642370730e+00
-1.743678470531999380e+01
-1.038582942826522526e+01
2.094189014257963777e+00
-8.411556229236069271e+00
5.429290867218881544e+00
-1.041152078344322263e+01
-6.041901780922103171e+00
-7.096004105231401127e+00
6.535963186459326835e+00
-6.852328713439945318e+00
-3.193955928165721048e+00
-2.572951274619467199e+01
-1.368878434344040329e+00
-6.645106984505261494e+00
-1.132073295420656223e+01
-2.271677437907115404e+00
-1.312196158463390816e+01
-1.195524057873574009e+01
-7.805858991383431089e+00
1.213808886088774841e+01
-4.581048996220999925e+00
-7.872859758988155932e+00
-2.208600534518926395e+01
-2.008101519862790951e+00
-2.196565171636675018e+01
-1.061754631630482493e+01
-9.454554715450143476e+00
-9.233708156019588387e+00
-6.228352158437459707e+00
-4.662114772797522733e+00
-9.458169869542132346e-02
4.172945464497956891e-01
-1.024942198101906854e+01
1.202816581262126761e+01
-1.086470033605407082e+01
-1.544184262477746472e+01
-7.718072163115266449e+00
-4.102786735111536132e+00
1.273614843052783385e+00
-8.036633875392141135e+00
-2.910403798081929949e+00
-2.041110408300852441e-01
-1.317039525376027598e+01
-1.428613856105035040e+01
-8.010951152509193207e+00
-1.944661984636371699e+01
-7.260365220014563192e+00
-3.893535591053904454e+00
-1.258361413197714285e+01
-9.651696922394705780e+00
-1.567843426073348212e+01
-1.260254912103660274e+01
3.117441309382456893e+00
-8.596470145863179368e+00
-5.952080659440497357e+00
-1.469247236779688137e+01
-1.566341339737714122e+01
-1.052377641734948099e+01
1.759375220830889930e+00
-1.661157750893617902e+01
6.074202471013734339e-01
-1.378636621537143014e+01
3.907369254331072739e+00
-3.643619710604880879e+00
-6.252637886591642769e+00
2.468567887079217371e+00
-6.506857627400108868e-02
-1.217604461005009853e+00
-1.175490592205360940e+01
-9.331390819008163362e+00
-1.905205788469302775e+01
-8.458507986264322653e+00
-1.547797898284667895e+01
-2.178059763611467758e+01
-6.325329610444001105e+00
-7.476127240930267703e+00
-9.580942981111590484e+00
-8.226351611992640755e+00
-6.627282993331306216e+00
-2.648531699458212074e+01
1.502275805351871441e-02
-8.316978849247988137e+00
1.715692714519009598e+01
-1.015093078419208439e+01
1.583116756431380168e+00
-4.568471052230165697e+00
-6.191900561462915675e+00
-1.032089564437515605e+01
-3.356711087081833966e+00
-2.986792029118902292e+00
-5.613950162072811167e+00
-3.193722738914601678e+00
-5.168759538496587425e+00
-9.987076268378018540e+00
1.121997391139302636e+00
-4.539072295547299518e+00
-2.166706880966405890e+01
-1.513727866918412701e+01
-2.001925879456520363e+01
-1.262999568773660997e+01
-2.341632736559463979e+01
-8.680711439420861097e+00
-2.421182425060339938e+01
-1.264483282908039996e+01
-1.358873157036707369e+01
-1.809528203631396082e+01
-4.440428744747592305e+00
-4.277073804895792364e+00
-1.570958704806844253e+01
-5.917244018177129306e+00
-3.495461512914744162e+00
-3.616596279554315174e+00
-8.998017088716963485e+00
-6.408838817800031507e+00
-1.101811298012989937e+01
5.413160138455083370e+00
-1.338351721378070636e+01
-1.650392295919499475e+01
6.918300545649373134e+00
3.368788441396532107e+00
-2.381240511515542835e+00
-1.285239776388016253e+01
8.306060378662891708e+00
-4.499968523194567638e+00
-2.480159013689591063e+01
-4.648289196857959382e+00
-1.020465296954508005e+01
-6.567144214160663296e+00
-9.888306036905504470e+00
-1.613310834036667529e+00
-1.168354180680016441e+01
-8.520650755226270689e+00
1.271247282752923979e+00
-8.769130508040802852e+00
-1.429546931378918373e+01
4.005222091202881529e+00
-1.353581648163635975e+01
-1.848628411609736588e+01
-2.143471844991347552e+01
-2.590525276155275947e+00
-9.536912303973309690e+00
-6.777911053044775258e+00
-2.075232846214181848e+01
-2.753126292714424039e+01
-5.357448233539841453e+00
-1.369054681853180000e+01
-9.809791016548061293e+00
-1.630871170735919407e+01
-1.255263879937339766e+01
5.133520165655241385e+00
-4.770332536191673967e+00
6.119672819179555745e+00
-3.607048108732115566e+00
-1.830361203805068726e+00
-2.095954222914969023e+00
-7.897395150490353899e+00
-9.265688205230489416e+00
-1.461159708293749304e+00
1.458321636166218127e+00
-1.006480170487543546e+01
1.440924040737343148e+00
-1.186092316225995091e+01
8.484878080433645664e+00
-3.659816489072781565e+00
6.228846675853532133e-01
-9.593815867359268168e+00
-9.256880800318356251e+00
-3.474185826401992472e+00
-6.307381764911042410e+00
-3.629705073552912609e+00
-1.292375753711840503e+01
7.702217399692159461e+00
-1.745830638516267186e+01
-3.353364719532976324e+00
-3.919383945069043307e+00
-2.010154217273623090e-01
-9.725747026538840601e+00
-3.067039172624347998e+00
-1.172531642646995920e+01
-4.080333647589824864e+00
-1.225528366356978438e+01
-9.363534461194220171e+00
2.234464220066115558e+00
-1.439955588983278290e+01
-9.151752850521830851e+00
-1.456914984284378534e+01
-1.173576369936920116e+01
-1.284511977284466866e+01
-1.830036814335127815e+01
1.537298752948089486e+00
-1.114598546960039016e+00
-1.239718272665309939e+01
-2.322935336947406881e+01
-1.862001386905959066e+01
-8.880797130824149122e+00
1.915763943914413403e+00
-5.791935546162648052e+00
-1.345061587115478119e+01
-2.201835062562904000e+01
-9.091342421563268772e+00
-1.482196120057756161e+01
-1.417154398351523525e+01
-1.210138018395322490e+01
-2.061346235938468396e+01
-2.321745277714092026e+01
-1.195483661406298381e+01
-9.204197905536560143e+00
-6.504554230465501519e+00
-9.462572126107417603e+00
-4.015877965041568132e+00
1.705160147451701391e+01
-2.380637572252379641e+01
-1.544378262456106654e+01
-8.687681455978932377e+00
-8.773592190076115571e+00
-2.696876367551752196e+00
1.357067558124526840e+00
9.422526203078405160e-01
-1.106105058988921996e+01
-1.085524494981480359e+01
-4.585107974481374526e+00
5.228851901885221309e+00
-5.855779154876017856e+00
1.598660805985844036e+00
-7.039907796104458271e+00
-9.322957352064207726e+00
2.985341723420845028e+00
-1.250523726196226448e+01
-6.152154551710495411e+00
-6.690599480406078214e+00
-1.044237932166818439e+01
8.919982298751719441e+00
3.280837176788097054e+00
-9.008404579616481556e+00
-3.103354103441375855e-01
-1.484021275316447941e+01
-2.152520990484343599e+01
-5.152049551607092326e+00
-1.461186592418096097e+01
-1.656808177132842275e+01
-1.651007939176086836e+01
-2.872770295498347082e+01
-1.945044544106035289e+01
-2.069177564520953183e+01
-2.480627868304770800e+01
-1.910517771033310908e+01
-1.086421252213374089e+01
2.836841197783158464e+00
-5.218093155047156984e+00
-9.411042310301866110e+00
-1.175094622000851530e+01
-1.075567542877946892e+01
-1.758665669413736055e+01
-4.785644943787588090e+00
-1.004524452816194469e+01
-1.327705692288130024e+01
-1.624771236096532334e+01
-4.493799562717370577e+00
-3.696906380030171135e+00
-2.146546533524370659e+01
-7.808238965788191877e+00
4.234456823596659092e+00
-1.172055363861923638e+01
-1.731454927959489964e+00
-1.749992404922981848e+01
2.167346950127210903e+00
-1.331956741618114393e+01
-1.144112626480260531e+01
-6.323484798628953740e+00
-8.364318231940231385e+00
-2.798822623289652256e+00
-1.357163619041045877e+00
-1.187397639371748426e+01
8.997089736019290740e+00
-4.113768043218883008e+00
5.262332855539270327e+00
6.108655485547359376e+00
-2.494198208274752915e+00
-1.326949090393216579e+01
-1.133433066152075241e+01
-7.346234093711018431e+00
-2.248499684170336366e+01
-1.272433799823573963e+01
-1.711011909394760266e+01
