1.877456455210916886e+01
1.954413496171696352e+01
9.704276192373313847e+00
1.626513380254077390e+01
2.787828992602314315e+01
4.459286887505413688e+01
1.539186521550934117e+01
-8.031511889339100208e+00
1.552086940141292359e+01
5.561397535343672871e+00
1.044398511066091828e+00
1.609285861269918882e+01
1.941959114573030121e+01
2.104019220112857624e+01
1.760499314873945309e+01
1.682954495498510994e+01
2.451142497982985446e+01
1.183068751935240215e+01
1.372405372301776083e+01
1.753606272905868479e+01
1.156622166108074623e+01
1.044740798704003737e+01
1.309527757367334289e+01
1.617845603654933484e+01
3.447121522306546382e+01
2.456106331302530066e+01
1.080896872334854208e+01
2.738165504949618878e+01
8.398274997189886903e+00
8.944748998215985125e+00
8.633903977671373298e+00
2.536881302594310483e+01
9.158252447625770287e+00
1.312503111095084307e+01
2.270401072934123476e+01
2.650944393255431919e+01
2.049852581083371916e+01
2.312742238952989737e+01
1.614111702590822972e+01
1.997667144461696154e+01
1.103012109962305942e+01
1.993374658251259746e+01
1.652908942260178549e+01
2.624218852586302830e+01
1.086041658798811227e+01
2.622802514961776410e+01
1.839292372963869582e+01
1.409264535785062833e+01
1.299763415494194874e+01
1.804264044808154921e+01
1.805181094243125983e+01
1.365201293251493553e+01
2.465513216486535697e+01
1.981683222695331636e+01
2.978579103855005172e+01
1.114500062103705602e+01
2.662499229854705618e+01
8.591663445684545763e+00
8.687579639268264486e+00
1.648835371107722381e+01
2.241472628054640381e+01
1.222990122338589458e+01
9.411841709997474936e+00
1.824426865378259066e+01
2.035574172419775607e+01
1.756083534548413638e+01
1.317159061074903548e+01
1.260890385320770690e+01
1.112066686234464896e+01
1.395838180344165380e+01
1.785892232650253675e+01
1.854151678088884125e+01
1.566767236187509127e+01
8.348772699572307943e+00
1.370371320237617851e+01
2.981618477001544676e+01
1.131155161902893269e+01
1.446539925702569462e+01
1.387921794187471392e+01
1.060749898773364919e+01
7.249066600635316604e+00
1.515810177077875665e+01
1.807864223355599620e+01
2.278127972908777110e+00
5.832886381460767211e+00
1.470469389133310756e+01
1.881651174824134642e+01
1.612201926524251405e+01
1.280296824584473825e+01
1.606384237777673718e+01
1.496852762104789747e+01
2.479869692514083113e+01
1.619504292039080440e+01
1.368731154903177583e+01
1.370433813290814840e+01
2.688180189879517457e+00
2.318176098164707355e+01
1.499932253780580993e+01
1.956795761547933665e+01
1.479719989313170458e+01
1.500916690622676697e+01
1.691157442812036038e+01
1.169383937878738777e+01
1.498109407231686419e+01
1.070412184761100605e+01
5.909662539063930353e+00
-6.930558327551850084e+00
2.627370556020251513e+01
8.511356447640196166e+00
1.380659584367927550e+01
1.993028527930202642e+01
2.106753758497889351e+01
9.784081367965285381e+00
2.291717559841101348e+01
1.332779172288984171e+01
2.019140390600935575e+01
2.499706990074797375e+01
4.459429336219272955e+00
1.993825884576097707e+01
6.252844473816395521e+00
1.617264969069148606e+01
9.087742351289492149e+00
2.229860994125412788e+01
1.061348373595511418e+01
2.692901723054447416e+01
9.072139956971568608e+00
1.166598956684779864e+00
1.422808055533866423e+01
2.167132997259238891e+01
8.374288463636986535e+00
1.597350140306096478e+01
1.566038463571031514e+01
-4.783636242920863424e-02
3.148944308439261874e+01
2.213242076986606577e+01
1.283171837130757353e+01
2.268620264355951832e+01
1.382811970456816653e+01
1.883029400648875651e+01
2.080129447295565370e+01
1.264583925369404938e+01
1.679309608462192216e+01
1.802814381331699423e+01
1.256491559179568185e+01
4.353561096857475832e+00
6.197290482309128379e+00
2.629907175435251077e+01
1.523674985549803296e+01
1.522826170386025524e+01
1.347356054969513650e+01
1.956608274756375465e+01
2.576922308572984122e+01
7.976359452662393323e+00
1.391078816495823389e+01
2.390146732572562627e+01
1.611130915145652409e+01
1.134879939358003753e+01
2.320248232569637281e+01
1.871418602043510759e+01
1.020670926205292517e+01
5.814595872808993704e+00
1.176564242919761227e+01
1.921584462223118805e+01
1.187518596700348894e+01
8.419658327067281789e+00
2.187054642245590230e+01
2.707672138695896535e+01
1.722443814979557430e+01
8.343674358091959675e+00
1.416319795555712346e+01
1.271283306764118493e+00
1.959769518083827222e+01
5.822467442967663942e+00
7.763845784052946897e+00
1.382694549580943999e+01
8.679591803460795063e+00
6.188757608198599769e+00
1.293867393718717551e+01
1.113099632265530659e+01
1.044617037548957228e+01
1.655616752460710472e+01
1.657666521566921602e+01
1.915471927449269884e+01
1.108054013568725793e+01
1.329418105320637267e+01
8.880817725012903452e+00
2.377793577237717670e+01
1.957338542150880301e+01
1.491759057357266727e+01
-2.612587055116733836e+00
2.753071437738276472e+01
5.982372496448661536e+00
1.509857503143169311e+01
1.604217679624953519e+01
1.546360163843742441e+01
1.274331119444210003e+01
2.667428085330352872e+01
7.661899674966889506e+00
1.863312059625530281e+01
2.242842255031273169e+01
2.176348647777193435e+01
2.450197514810044197e+01
2.330072529972661499e+01
1.086765356825884510e+01
2.015892168272644369e+01
1.631684950584939031e+01
1.662343789920656434e+01
1.972402630803922818e+01
2.459494442107994416e+01
2.062710512076665736e+01
1.775647779554898875e+01
1.518388057181427087e+01
7.965169470872353941e+00
1.908823858450259081e+01
1.081245120097335644e+01
2.258764326910186071e+01
1.119100733395269742e+01
1.694610965711650863e+01
2.156770575535648504e+01
1.525032707527064701e+01
1.768640577028438088e+01
2.470124271609073929e+01
1.506107433470479862e+01
1.241232031878723774e+01
8.544736221504862783e+00
5.092947728191234091e+00
2.652763964178730305e+01
1.109655839745411754e+01
1.498667070597554130e+01
9.067768441859556106e+00
9.431687432016985895e+00
2.244759103064374273e+01
1.635909798903210799e+01
1.079468249016554182e+01
1.233340435626702458e+01
2.313307591651264516e+01
1.226392837783140521e+01
1.288332515887006480e+01
3.057636859370823856e+01
1.916374822803086175e+01
4.316761407622081492e+00
1.398397391592497740e+01
1.836181908251343486e+01
1.080362016980161854e+01
7.908528054218976422e+00
1.718660917720369241e+01
4.671120186456846568e+00
2.112543569299878499e+01
9.316459337735778945e+00
1.551538171402363275e+01
1.558729046365202464e+01
1.675337948800107313e+01
1.576471968695027215e+01
1.409136128044529812e+01
1.225140121602063914e+01
2.024858262417637889e+00
1.231112067105505048e+01
1.091291845529664783e+01
1.504141865679615364e+01
1.605555277966398364e+01
8.684989309856476325e+00
2.004484116667829596e+01
1.215396443471725263e+01
9.991363723564205657e+00
6.132578671145608951e+00
1.255277844343490301e+01
2.015494855190978285e+01
7.389178158830603138e+00
2.336042682737063814e+01
1.008206564341467981e+01
1.821619914524573858e+01
2.530642384247650511e+01
2.132583357957355474e+01
3.172985706333406597e+00
1.634662263590001885e+01
1.165269061244516990e+01
1.484524896067691202e+01
1.390330005770090338e+01
1.077926778651585948e+01
2.465925474737697698e+01
1.559848461476393311e+01
2.207346749425739318e+01
9.039588140563154184e+00
2.205249228530939831e+01
1.539898880273032944e+01
2.293333906103671893e+01
1.929484072925267668e+01
1.542504882546253953e+01
1.938211750389015720e+00
1.767255437799536111e+01
1.155940183668360532e+01
1.747745427343961921e+01
1.263274204120519073e+01
1.798378064991792513e+01
2.718491949905095595e+01
1.460157005126723107e+01
2.286847212513526983e+01
8.374035141138634231e+00
1.952136198441932180e+01
1.762872383181295532e+01
7.665955958721013985e+00
5.758100307725399603e+00
1.509574400687905893e+01
2.359653139026063684e+01
1.857017821846378780e+01
2.303839586808025786e+01
1.486234877967615375e+01
1.134073731959092868e+01
1.907409817820850861e+01
1.692314269648940694e+01
1.090880646536599841e+01
2.052873840682343598e+01
9.807874589628212902e+00
1.509750977968101893e+01
1.183702396667995060e+01
1.382471815000367599e+01
1.625975660381033094e+01
1.937503383699254300e+01
1.117647302003162224e+01
1.098881601841264910e+01
1.198027791081025839e+01
1.265257829181750537e+01
2.662235901543076722e+01
1.989468060906362723e+01
1.777766623805307233e+01
1.537496106217000147e+01
1.588208405602448181e+01
1.432587393883221694e+01
9.003499034837716408e+00
2.276800532482396733e+01
2.619291889211520186e+01
1.521692440898249288e+00
2.051284518790939160e+01
6.253368181242763058e+00
2.347499483601693981e+01
2.197442281843949274e+01
3.222734731262607255e+01
1.504417736800719751e+01
1.465775580659573052e+01
1.005811017212039360e+01
1.293218468243415487e+01
2.463620071655205379e+01
1.439705745882152144e+01
1.601136394504715810e+01
2.114651038596736043e+01
2.030337038769413027e+01
1.869962457414813173e+01
5.957456123656868385e+00
1.316972695131575222e+01
1.413435326649363333e+01
1.775919592281036330e+01
9.500147890801926565e+00
9.528234578797849963e+00
2.419872855707991022e+01
1.111947593885808772e+01
1.840823028426618180e+01
2.017452676419963353e+01
6.851213566094571661e+00
1.357917583780546522e+01
2.188097854764487948e+01
1.602827464345843822e+01
1.189913967292302743e+01
1.706126587558233609e+01
2.286843707998556852e+01
1.908510810329363494e+01
4.421002508290911237e+00
2.793484280413971987e+01
2.334680401223470625e+01
1.752191750747988408e+01
1.190330783239811296e+01
1.217312214891191502e+01
4.789034978050807467e+00
1.609758304739922607e+01
2.085676470652283854e+01
1.377198532729696012e+01
1.948300165132697970e+01
1.533039956102318513e+01
1.941942560103082371e+01
7.376593035969293055e+00
1.001397531012294451e+01
9.188797249555790358e+00
1.856251305557272246e+01
8.523198183680776197e+00
1.223525904252359453e+01
7.730850053181981707e+00
1.528882765555708545e+01
1.450098216580981614e+01
1.301427629738532232e+01
1.300963231005779619e+01
1.795276360480593780e+01
1.401862745514996789e+01
3.050898903375639293e+01
2.780397938520004431e+01
1.548970694581450402e+01
1.766092484747305491e+01
1.242909999447351765e+01
1.475709545100446007e+01
2.103757120262222458e+01
2.478014666393278986e+01
1.426488182578749786e+01
1.904670085905423349e+01
1.843484108278602207e+01
1.063069620947683802e+01
1.138392966033163844e+01
7.788349538296344576e+00
2.283552755962973890e+01
8.068991179701839656e+00
1.377435813481163507e+01
2.353213476623430012e+01
2.070250476490165426e+01
1.328878422432333650e+01
1.496285408200145639e+01
9.177212564257800409e+00
7.471860224011322771e+00
1.951845470043888753e+01
2.085737291907172164e+01
1.021125607254727186e+01
2.712104877198058261e+00
1.608684985351260366e+01
1.648515523736435284e+01
1.873787522058451316e+01
4.182802101204529777e+00
1.815889123700321051e+01
1.908628951757555114e+01
2.508336167171583497e+01
3.779697544424720945e+00
3.240689820812546884e+01
2.775730925678272598e+01
9.554811209818851125e+00
1.184243335854556278e+01
1.994423937148960135e+01
3.665088758094408661e+01
1.236383409991114490e+01
1.651131499860376550e+01
2.125314061012610978e+01
2.444012430398031199e+01
1.209035301228912829e+01
2.478998625953396129e+01
2.052939810398657983e+01
1.203199918212591513e+01
2.346939200136657888e+01
1.289975833326703025e+01
1.329893292365960633e+01
1.824402380031801130e+01
1.230648309066503998e+01
1.218080462760993754e+01
1.473716746003663047e+01
2.541747224023900742e+01
1.680771161352751619e+01
2.060296828798401236e+01
6.953626839649160729e+00
2.507122367095512772e+01
1.521946916325128996e+01
2.626753540031970857e+01
1.619943296322780668e+01
2.106172006796251139e+01
2.518544639282438879e+01
1.879220784634277663e+01
1.854676583037072390e+01
2.253701749444410751e+01
2.200671594521848817e+01
2.422402028000795582e+01
2.290773892608896745e+00
1.582794475615452257e+01
1.744922271231962441e+01
2.414814146302877873e+01
2.252735875490179041e+01
1.701464101815973606e+01
1.348853237955358964e+01
1.580680127311984506e+01
3.345617016626271578e+01
2.134708357759752317e+01
1.687868404433831415e+01
2.229648850545730454e+01
7.784349987596698384e+00
2.239768095662895320e+01
1.498017558709936736e+01
2.011623586996957158e+01
1.791116824314143230e+01
1.840622251164252532e+01
7.368122528975632690e+00
1.951545443681975200e+01
1.277974592646768315e+01
2.297667106701064199e+01
2.323616309786505241e+01
1.835580124680347325e+01
2.492330846125562971e+01
2.127804196212711929e+01
2.207583184289470779e+01
1.935634658011997544e+01
1.676673775936687605e+01
2.332309545173433207e+01
1.695518673318042602e+01
2.127635197521713906e+01
2.137388547860294352e+01
8.914433077592434529e+00
-3.320953333472800750e+00
1.688295546263327651e+01
1.058140480028154684e+01
9.483350219725494412e+00
2.172201497295858985e+01
1.979068270189270606e+01
1.873392212308054638e+01
2.563919580947392518e+01
1.516737685529686530e+01
2.755544039369039666e+01
3.187611458079612703e+01
6.479032659282452755e+00
1.439767260382706127e+01
1.648065913790372861e+01
7.824753235243505856e+00
1.192893703034872033e+01
3.531786057633335218e+01
1.862568748839818511e+01
2.384312987323735911e+01
2.840137927013623198e+01
4.559127690018868861e+00
2.385433436872489210e+00
1.234711200251082630e+01
3.682557093142264648e+00
2.705067962664708148e+01
1.910251314190503535e+01
1.202403916496534464e+01
2.858865577231372157e+01
2.359169483489704788e+01
2.123473300546316267e+01
1.652096934603555667e+01
3.915096302419684093e+00
1.242851034968430213e+01
1.996961485208551323e+01
2.319249000908401115e+01
2.345606321543732520e+01
2.600749874697172004e+01
1.256250419363790627e+01
2.200844399728828904e+01
1.325588907448171483e+01
1.462726630085394675e+01
2.660950302321603544e+01
1.366337617467006282e+01
1.562200659585309381e+01
1.260900099605065350e+01
6.678279593340434417e+00
1.841101054557572780e+01
2.358877016675751292e+01
1.390846921732988051e+01
1.299339610695942326e+01
9.811686656760087999e+00
1.443162450979154698e+01
1.274083191202316812e+01
1.452279295208920473e+01
4.610335740297060170e+00
1.916044131435121756e+01
2.139745123108035330e+01
1.422178709927858620e+01
5.752543196752370136e+00
1.721787605245516772e+01
3.939932340670452504e+00
1.721470779517294147e+01
5.521629467210445341e+00
8.051318531650068167e+00
1.676483939216755914e+01
5.489420845191048670e+00
2.184551669788159245e+01
6.373644128047146751e+00
2.943718536718472478e+01
1.570011647762233054e+01
1.461516131987046663e+01
5.649251759645053994e+00
2.282729108520170769e+01
1.187607397690040045e+01
1.517474272452069783e+01
1.602553816873053449e+01
2.411877044892074196e+01
1.443746869074547590e+01
2.537373488154521795e+01
1.223752055654115622e+01
2.711435290095219841e+01
1.398448304222569050e+01
2.303485844585389941e+01
2.359430023503018958e+01
2.562070804664007539e+01
1.958669205202789954e+01
1.779912771551833828e+01
1.577473578296786627e+01
1.200809425848855483e+01
1.387298735117924764e+01
1.273893281200749072e+01
1.309375533760388066e+01
2.076751878123511119e+01
3.061105765909839249e+01
1.974459244460424401e+01
1.681516356345716190e+01
2.177417869615020152e+01
2.117315917194234487e+01
2.081948443987396757e+01
1.586310311786239424e+01
2.352294838546121980e+01
2.339703681627918286e+01
1.252583243612534147e+01
2.797972074479240945e+01
2.490936276421498974e+01
8.141945305465426941e+00
1.439563877940705083e+01
3.857800914750498578e+00
2.468828857892505368e+01
1.691568431044231602e+01
1.799685392274852092e+01
2.559202610278430257e+01
2.451743495693405350e+01
1.341031814734175498e+01
1.367005055551474868e+01
1.311521739192387770e+01
2.271341722184320844e+01
5.979468042698172781e+00
1.441178599836665342e+01
1.106389217460429109e+01
1.544540681172495056e+01
1.348576426219926816e+01
2.232970951293000184e+01
7.235520769778972294e+00
1.059226753047173020e+01
1.198897204632559976e+01
2.458707774798322987e+01
1.949255523346266017e+01
7.423985843502066473e+00
1.448481423000662005e+01
1.567165855712842415e+01
1.802420049184978978e+01
-1.270175684197511146e+00
1.543583350722850867e+01
1.350657394500736075e+01
1.696308563977207484e+01
1.814031909720844027e+01
8.946747573533784248e+00
1.365717171464353896e+01
6.018355509545386894e+00
1.038998165448408884e+01
4.536802975868425847e+00
1.596940390224386874e+01
8.547013081768355391e+00
3.209381125379482569e+01
2.253526880138441157e+01
2.421863641128264533e+01
-1.454820066829768166e+00
2.285919661737572284e+01
1.272670767179342022e+01
3.284950354713785003e+01
1.543788260585071725e+01
2.314221507886833251e+01
1.300276501141195240e+01
5.472841887969863706e+00
2.645689533669568050e+01
2.349642870592415989e+01
1.408377431360715093e+01
1.439178178922662710e+01
4.219874171479986558e+00
9.705435663382971256e+00
3.815065402006844408e+01
1.722350491598520250e+01
2.110893872651886483e+01
1.318663132720595854e+01
1.399292354231069169e+01
2.385305453649040430e+01
2.415082251369882727e+01
3.228640957277846013e+01
5.094890348375628264e+00
1.959708922077552984e+01
1.872018686802681486e+01
1.389877828615658473e+01
1.668308303467340181e+01
1.764553642301861203e+01
9.942069569382198324e+00
1.938112264098708692e+01
1.435066922629410158e+01
1.206508614322802941e+01
1.453354370582626132e+01
1.546103941068643906e+01
1.948864787120434272e+01
2.410861370685192639e+01
8.233373973824370751e+00
1.092796829476601772e+01
1.614184745570354096e+01
1.472848047980046715e+01
2.462115634803836883e+00
8.729019712822960742e+00
1.530202557422350651e+01
6.519954354945440400e+00
2.918709487965750782e+01
9.395819860507856447e+00
1.122223063620559458e+01
1.666951465979266800e+01
2.202795678436218907e+01
2.063129497813186219e+01
1.774406897306904796e+01
1.588620274236770058e+01
1.211901635478677974e+01
1.085674018080445080e+01
-1.047609758161314630e+00
9.090565968559758403e+00
2.015945809270023403e+01
2.085414350283023310e+01
2.192710320678590818e+01
2.742352931358237811e+01
2.013267257776993802e+01
1.164866043591477762e+01
1.840301576675317818e+01
2.407734088390866134e+01
2.373998440571043744e+01
6.234335884226936741e+00
7.542639737289960067e+00
1.520349871109173989e+01
1.851015197368167264e+01
1.602694323671256882e+01
8.793010552677273495e+00
2.778387987468519782e+00
2.587282099727431728e+01
1.803506003930068857e+01
2.331025792309553424e+01
2.031395199442064836e+01
3.006255657973073880e+01
1.486062548161513064e+01
1.558407123248628068e+01
2.194198748326414972e+01
1.611877113165260766e+01
1.796066175245559293e+01
1.169536895821826761e+01
4.348327523730873168e+00
2.335575407210545507e+01
1.063258849665193395e+01
1.152743145371391620e+01
1.530914138499556998e+01
2.709361947437888318e+01
1.118500188085263858e+01
5.619769847838782084e+00
1.978286780355466590e+01
2.436286344553579397e+00
1.307003700857913486e+01
2.693384530727258408e+01
9.388846128566363802e+00
2.900358945656373777e+01
-1.820675434496735079e+00
5.628306994683910602e+00
1.669216741181756447e+00
1.529108868149096168e+01
1.417194437204589974e+01
2.509236942803124748e+01
1.336081820222962335e+01
1.786000349606684523e+01
3.465210221415173919e+01
1.213996682268822269e+01
2.831893568806128769e+01
1.516651266997830305e+01
1.558989727883279386e+01
2.601269067695384507e+01
1.352295495606058751e+01
4.958825437172706074e+00
4.851909609265575796e+00
5.782482487124951831e+00
1.058034814413659319e+00
1.543659908570661798e+01
2.183521655014393303e+01
2.095878757041825224e+01
2.577537314689971026e+01
8.889399832633287701e+00
1.515069387894007491e+01
2.699422588451080429e+01
1.541476001824548803e+01
2.165162160649465761e+01
7.050747758641293217e+00
2.415964131257271674e+01
2.211665606623665070e+01
1.598910390622410205e+01
6.264335269518042537e+00
1.717463891523936326e+01
2.291782281488318063e+01
1.388228712904619044e+01
2.393795181534106575e+01
1.486952602443506066e+01
1.637631774265500439e+01
1.816114153218736504e+01
3.943377564697831872e+01
1.627011131470882788e+01
1.236604787826148311e+01
2.921433945451354930e-01
1.199150532508200229e+01
1.561868358726883343e+01
1.530158763200634553e+01
2.087092018098752533e+01
2.197149908367605775e+01
2.295820207075643538e+01
1.022206448378307186e+01
1.629607447230014827e+01
2.020917452630451550e+01
2.420055998196809810e+01
2.374087262823346123e+01
3.025847766551606810e+01
1.138635074385031487e+01
1.614587301268143449e+01
1.752253435442968055e+01
2.537834028598659586e+01
-4.792834903464893159e-01
2.381770984046642070e+01
2.068291784659284360e+01
1.258243259577422180e+01
1.911589266876116255e+01
1.748057207466074203e+01
1.909928633721025193e+01
1.273291426504066237e+01
1.694393118850211977e+01
2.062446532486918471e+01
2.035128943249542033e+01
1.685752553351196070e+01
1.424030037345984567e+01
7.429681813019499259e+00
2.150238407597711898e+01
1.829535234992691528e+01
1.057108591004914899e+01
2.344802657798408063e+01
1.096767309475981733e+01
2.183095122937853461e+01
4.831430040652961111e+00
1.349707418820594285e+01
1.786722077477012505e+01
6.935280475237945552e+00
1.618042514196096704e+01
2.307336504898181317e+01
1.207000947769766697e+01
3.392794069292918380e+01
1.741197655631171415e+01
1.117867909093867240e+01
2.440790848301224258e+01
1.542395314519151839e+01
6.898286991292536641e+00
1.942412969576601256e+01
9.290412913328125910e+00
2.099267107446401326e+01
8.016030832183460575e+00
1.618319653918698009e+01
4.505839521491793676e+00
1.942773598752491893e+01
1.578086735101342697e+01
1.077445826759328895e+01
1.778647896527292005e+01
2.344656404760699786e+01
1.989288850826621058e+01
2.682543364837477640e+01
1.156571784981582596e+01
1.382137140144730836e+01
1.259680472363123727e+01
1.399212548283764335e+01
9.371072264621190584e+00
1.056480807787831111e+01
1.164072836033096081e+01
1.198987883141714406e+01
2.329062027813208147e+01
2.094001224187763199e+01
2.289825504467732031e+01
2.343417951963699863e+01
1.151523951162563719e+01
2.798053310747684463e+01
1.076057412054534268e+01
1.906215031175680252e+01
8.573638652273345429e+00
2.689261542744921485e+01
1.115912537503326973e+01
1.955740638115671004e+01
1.627476579868357476e+01
1.726330046635696647e+01
1.807403414462374514e+01
2.610864356568689004e+01
2.068187029469245886e+01
9.032973381899296328e+00
1.934736364008774956e+01
2.365037505205755508e+01
1.836215451466857473e+01
1.088465808691857717e+01
2.059512817036989674e+01
2.079899274590813008e+01
2.118772887901877766e+01
1.252744376721119579e+01
1.385782877113558698e+01
2.294886546801073024e+01
3.434454834768035880e+01
1.455244254265524262e+01
2.176660739143368772e+01
1.168351819806048297e+01
1.524179760069378631e+01
1.183087068586216617e+01
2.019892356387591548e+01
1.019496552742778306e+01
2.231964802251709301e+01
1.682240585544312239e+01
1.053705610563081052e+01
2.036951848107896978e+01
9.031102291284113903e+00
1.774692916673526355e+01
1.196110021303215376e+01
1.190246358911493019e+01
-7.764555420986454237e-01
3.235258473629043863e+01
1.852340296725303403e+01
1.021570886849900717e+01
1.756633904219253850e+01
1.638669748624447209e+01
2.504057256002373322e+01
6.416450485842617013e+00
1.714181243878580574e+01
1.864168966554112217e+01
1.245115617479817161e+01
1.114779446712884692e+01
1.037727470467413582e+01
2.054514691752811473e+01
8.448994722627105602e-01
6.165305931361501735e+00
1.878526830360340227e+01
1.824509275421371512e+01
8.930960046580921130e+00
9.220514516283614626e+00
2.409001790162916024e+01
9.779959013681093438e+00
1.973174727817895757e+01
2.261347136109201017e+01
1.849886192505983473e+01
2.138097724737852445e+01
1.472788502383328080e+01
2.354193963257728939e+01
8.519855756051143203e+00
1.693782449535353862e+01
2.178529931770191297e+01
6.059559819036451245e+00
-4.722178986272794532e+00
3.049957976834591022e+00
7.981822809714216760e+00
1.199263527255422446e+01
1.604873946443066757e+01
2.120914335656863159e+01
1.985127999283950828e+01
2.160372592173341388e+01
-4.536576832584131580e+00
1.404983878167860212e+01
8.699479969990193240e+00
1.103850147821108862e+01
2.846036565271997176e+01
1.593003955901258450e+01
9.270201925994768999e+00
3.021329736524248233e+01
3.587398846474002312e+00
1.622278994962134391e+01
1.394637258531541590e+01
1.744181222814435728e+01
1.589242332916664679e+01
2.553788764190322524e+01
1.533012803007609648e+01
2.498261534638675840e+01
1.344572632202212503e+01
2.152711794581063742e+01
1.414770114774975696e+01
2.351636829236911552e+01
1.892079617542858472e+01
2.497504656520517585e+01
1.438040658511737035e+01
1.138938516506364351e+01
1.977929384439307370e+01
1.106125972147030723e+01
2.048899351049995232e+01
1.469234570077496471e+01
1.464088053036144288e+01
2.422123810142717559e+01
1.559621033874542206e+01
1.933524365941445211e+01
9.963336435546338521e+00
3.499032069065485473e+01
1.046955375707480584e+01
1.562194657873705239e+01
1.491520985001319843e+01
2.671222051024324173e+01
2.828160650789222075e+01
2.611971432162647488e+01
1.601872290398044640e+01
1.735200582891877730e+01
1.941117737726588643e+01
2.141967544768069587e+01
2.475399011924085357e+01
1.743215253090808403e+01
2.192946182190093651e+01
1.120967340699388615e+01
2.220425026526730505e+01
1.890374473631744223e+01
2.803091019955617469e+01
1.989490792234742855e+01
2.120245436669583228e+01
9.559041865094172863e+00
1.626980248561714859e+01
7.732582854760124746e+00
1.811566935483223517e+01
1.733825634600479759e+01
2.787903743449983551e+01
1.725600468036394375e+01
2.368274902235453538e+01
1.828022530929729328e+01
3.203899587527372717e+01
1.563069867852621542e+01
1.143723334467082964e+01
2.188203924553572932e+01
1.597717421891549350e+01
9.651605216182943536e+00
1.642171551580720745e+01
2.016193419481660953e+01
2.485287999654258329e+01
2.030757057155740597e+01
2.282497189029242435e+01
1.824235956301353667e+01
2.156395903352388643e+01
1.317227162959851228e+01
1.073911067488413096e+01
1.839540346235786927e+01
1.871150172352021457e+01
2.921625203500592960e+01
1.880870616026220432e+01
1.394286576313726300e+01
2.342745871909204425e+01
2.151762763261530154e+01
2.213817874124870855e+01
3.132662200451608925e+01
2.158395414269685375e+01
1.012675915185360509e+01
1.193288144789974581e+01
1.435036982591351773e+01
1.898181497401037632e+01
1.834244506942964392e+01
3.154817299324874114e+01
2.665200396813258976e+01
1.399198924558160684e+01
7.865489328328251872e+00
2.690966940670548979e+00
3.005416722902759830e+01
1.775248994425885485e+01
1.747321680088813878e+01
2.104882694628146567e+01
1.163187761785071928e+01
1.231578650258671814e+01
5.657403370035751777e+00
2.930131117667398399e+01
2.861001609312406657e+01
1.511280788937872899e+01
2.346236497277899247e+01
1.386565901121730349e+01
2.924646824016968338e+01
1.280956259735232550e+01
7.135141100951912563e+00
2.008098498464504900e+01
2.191757950971305036e+01
1.804597939792417094e+01
2.471411611704561295e+01
7.390663227901669075e+00
2.097343541465973260e+01
2.259336123577007527e+01
3.821044985778215164e+00
5.860750407313474852e+00
2.672640733036013216e+01
1.728948145020655147e+01
-3.723052879026496953e+00
1.991427006984418568e+01
7.226655082416286291e+00
1.620791486223608047e+01
2.024673529232627800e+01
9.849623319310850889e+00
1.567363715825106851e+01
1.577434494279241051e+01
1.942492900758212926e+01
1.355899922493216536e+01
2.002438476729275862e+01
2.306055988058428596e+01
2.182419951922654633e+01
1.050544205756804672e+01
1.270444715576074657e+01
1.050998690036132643e+01
1.194053632273502785e+01
2.062939447307210372e+01
1.146412817174413590e+01
1.633755917706892546e+01
1.367658033646965521e+01
1.248619438757381772e+01
3.304558639563253308e+01
1.379611653025519047e+01
1.556356220292434500e+01
1.480047361730125033e+01
8.486765160535895802e+00
2.937596421964188664e+01
2.177624283411791595e+01
1.915912389388169856e+01
1.659264599378968796e+01
1.900586080055992966e+01
6.339316393060130395e+00
1.021438327114121591e+01
1.472227372794147016e+01
2.102877447203105277e+01
2.080401148580048698e+01
5.257047125072091376e+00
2.477460020588441836e+01
3.596696858028885657e+01
2.004049506452088281e+01
1.744933414173142694e+01
2.081850727618756025e+01
7.691294777479811273e+00
2.048713265012457896e+01
7.028370212268526984e+00
1.645764774077765935e+01
4.143360879531698515e+00
1.854260205200559142e+01
1.343911196002520114e+01
1.872480391437683522e+01
2.337924950063584362e+01
9.358047566432915687e+00
1.471369188926489358e+01
2.762844397039338418e+01
1.269107939468112534e+01
2.483621098392980997e+01
1.473254096737599639e+01
2.333903045600909110e+01
1.929897976485222699e+01
2.365630265378889874e+01
1.911151053222798168e+01
2.138193327325797100e+01
7.151048054826517841e+00
2.430220281112809744e+01
1.737744282560680631e+01
2.858956405437074721e+01
1.936747167809730286e+01
1.696245439567638869e+01
1.087166572418344401e+01
1.702030094065376886e+01
1.474369129614920837e+01
6.446062998699147784e+00
8.505321639247341636e+00
1.915092466394610682e+01
1.634778970113687535e+01
1.426824950526841462e+01
1.446161938837872185e+01
2.838565415455198604e+01
1.688114734314009979e+01
2.484547731610404497e+01
8.958861189721844198e+00
8.657870813184430858e+00
2.351486430682520279e+01
1.090109747130509277e+01
6.483324243175786705e+00
1.811315235297408321e+01
2.216719794007612165e+01
1.215370276511781356e+01
2.361359977989581438e+01
1.734073833259355979e+01
1.137216421397354793e+01
1.587201970096785431e+01
1.778767925355093382e+01
1.942000752744847603e+01
-3.694373470823819616e-01
1.004585332375238238e+01
1.872933733979313331e+01
1.986832505386847458e+01
1.826242911230188781e+01
2.124775282691544476e+01
1.302091737234626123e+01
1.337000783817603633e+01
1.823906607733623275e+01
3.026702123572064806e+00
1.717736762847374621e+01
5.215280630027692155e+00
1.659765759261918561e+01
1.878926106650741445e+01
1.652845259106425146e+01
2.566742576481230032e+01
1.908534789343271854e+01
1.460510156501153034e+01
1.485572552299134941e+01
5.121822118441770044e+00
8.431305129673205556e-02
2.089689128919195582e+01
1.145502864209436211e+01
1.137392688413210351e+01
1.804613235238472413e+01
2.320615951319717851e+01
2.482047098107737781e+01
2.301250136836737425e+01
1.532613990074951005e+01
9.524916946791535111e+00
1.898507936255174400e+01
6.146311722389768306e+00
1.587433915321030042e+01
1.094919689061791246e+01
2.357306947684682541e+01
1.375531325007065675e+01
5.366550732188684947e+00
3.084968762226798589e+01
2.454883354121309935e+01
1.456754317867233794e+01
8.695059941606658072e+00
2.114255367502086358e+01
1.264194538472560225e+01
2.970350991164313115e+01
1.180697563513388104e+01
1.287667037498655986e+01
1.137545310130805376e+01
1.470879511564935171e+01
9.671083740671619466e+00
2.261666781673669391e+01
2.239610464010075219e+01
1.351844913521340175e+01
1.125738901125231450e+01
2.729213449322439544e+01
2.746901718311674756e+01
1.330658920662932587e+01
1.736463107868438982e+01
2.232726549842871577e+01
2.470601756637947233e+01
2.323604073199647502e+01
1.315755581781921535e+01
2.499924664237387617e+01
9.929042592443821036e+00
1.409758232182228710e+01
1.777057961281875009e+01
1.096106704996239500e+01
9.931825746014879996e+00
1.038283545911374972e+01
1.074420959790064956e+01
1.394774596048517878e+01
1.989926756729821733e+01
2.257518668465429812e+01
1.321210639988194657e+01
1.646376944923157026e+01
2.613787975452829926e+01
8.780481551037539134e+00
2.687054129175633932e+01
2.006781703711945397e+01
2.350263053177833683e+01
8.923560438116709292e+00
9.026483151095888502e+00
1.012005023866940689e+01
2.273175368312203659e+01
1.737608311186482979e+01
1.012331272977948515e+01
1.608416543114533681e+01
1.588094926985719724e+01
3.044472135209582575e+01
2.440373685486865440e+01
2.075076771173901591e+01
2.041743858891972252e+01
2.282144599172919186e+01
1.811991501513870872e+01
2.006607667697934971e+01
1.266100393797009360e+01
1.743865703098450126e+01
2.773501670936576602e+01
1.612031034102402316e+01
1.621987112938489872e+01
1.470917609192491682e+01
1.566976403596105172e+01
2.055562004487350691e+01
2.115867763330224705e+01
2.144807873779591745e+01
1.012509178189856129e+01
1.555237682115449616e+01
2.677333029328140412e+01
2.129105048871963390e+01
1.246414064673471955e+01
1.935734063632664004e+01
1.283074824866903896e+01
1.762303627074854262e+01
2.063538352675093535e+01
1.614641714044036291e+01
1.494113524365309331e+01
1.306293728435798585e+01
9.646300538528109314e+00
1.449008533993061576e+01
1.345659606222585580e+01
2.177440838556395164e+01
1.553208792681310513e+01
8.083442198480469187e+00
9.724976935342525053e+00
9.947493865947109271e+00
2.007718739873045166e+01
3.556874691292122748e+00
1.867844873892741475e+01
2.547815437878356448e+01
8.505892625116544536e+00
4.335470044308578963e+00
1.842153560703424375e+01
1.449507314976953865e+01
1.669029921776291303e+01
1.669003133972983477e+01
1.797053269213468241e+01
2.097421800258968005e+01
1.088481190409393662e+01
1.887383296946136824e+01
1.386062682579098748e+01
1.243951138015748370e+01
1.660973612218121787e+01
1.244122933558676891e+01
1.615869353812421139e+01
9.784005120601207750e+00
2.163713672294920087e+01
8.622345850615204199e+00
5.998854558822571903e+00
2.231494275545801997e+01
1.270699279125115311e+01
1.905171815971347371e+01
1.535307292199084372e+01
2.459235345993660360e+01
2.369117068753938327e+01
1.103885695190194838e+01
6.048298857239089443e+00
2.146786337625226793e+01
1.253540075323235214e+01
1.655896121966304690e+01
1.525278011536917688e+01
2.142284240368027781e+01
1.851114981338477605e+01
6.692714896600250540e+00
1.709163975721811823e+01
1.782652340393144641e+01
1.853600963413072122e+01
1.899559380224280147e+01
1.035735127104611308e+01
7.624750211822544088e+00
1.212952313142305627e+01
2.108119460973057357e+01
2.510255211225855732e+01
1.549640451444737721e+01
1.654961979758246571e+01
1.316095897623588939e+01
2.360279325488551905e+01
2.381228009117365474e+01
1.755849466704009387e+01
2.194114639423223423e+01
2.300343075816870453e+01
1.979138970520133967e+01
1.872724384790306829e+01
1.023563803703937936e+01
1.082469559943550053e+01
8.176080251638865093e+00
2.991795811851123688e+01
1.275593051400930733e+01
1.298874470774912027e+01
7.139449352062271714e+00
2.177183956270384613e+01
2.055115705060768505e+01
1.924931478678800545e+01
1.457544098813309574e+01
2.010329548028040847e+01
1.429972594177490919e+01
8.042619079712778785e+00
1.008104644802735095e+01
1.168495451090379333e+01
3.778003309280197186e+01
5.994538755524786211e+00
9.295453439985465138e+00
2.802043976880666776e+01
2.343627480766210169e+01
1.048446122256808621e+01
1.285873871057272311e+01
1.291423132689438091e+01
1.739972158576385652e+01
3.200170224430323174e+00
-5.421232971289541069e+00
5.673773748362620495e+00
1.764670570405735361e+01
2.035101816555820164e+01
1.408537832948350399e+01
9.294379178300573585e+00
2.513053885354332806e+01
1.164470820683274610e+01
7.984085147896934131e+00
7.546644825941186241e+00
1.387179771626225033e+01
3.433363454198247666e+01
2.082575633024499240e+01
9.179715661652423364e+00
2.063024839080860318e+01
1.477975752154273437e+01
2.041066329424975123e+01
2.133124123381067250e+01
1.150549250545422808e+01
1.223547024410250117e+01
2.556911515375048793e+01
2.398202803523401627e+01
2.125414081260603893e+01
1.103309517653430305e+01
1.659866977235049035e+01
1.333173130276627205e+01
2.117493785267537021e+01
1.720376888480512889e+01
1.599865918788249530e+01
1.364663138605853021e+01
2.565542824483553375e+01
9.344900839288868610e+00
-1.340742550023571766e+01
1.421779703097178071e+01
1.230059784233530706e+01
2.909469052492165986e+01
1.870053282627564784e+01
3.513073621936491975e+01
2.451813328759844524e+01
2.898743434198257773e+01
1.147177077315095062e+01
2.346596609712777592e+01
1.346421699232081437e+01
1.023430676708839826e+01
5.722233512257986376e+00
1.740887088691567897e+01
1.686705902056094430e+01
2.083094786832680967e+01
6.232625185492565834e+00
1.103110974479358219e+01
1.621926112339039605e+01
2.615710349529882706e+01
6.376991562125368773e+00
1.322468430076202139e+01
1.278393558114181872e+01
1.573834782017495826e+01
2.625214955455571442e+01
2.001145391111452909e+01
2.018119743853839054e+01
1.512240162893783690e+01
1.380360103559029028e+01
1.284278024027939580e+01
1.621020105260996047e+01
1.939655199082417880e+01
2.291264517823511682e+01
1.839653000387241377e+01
1.456382231016957007e+01
2.578051068290525905e+01
7.697360442172907824e+00
2.282034308532834643e+01
1.286513479330281484e+00
1.868609011941739340e+01
2.751768456022352893e+01
1.504171085338792579e+01
4.299279642448055938e+00
2.759594364256270183e+01
1.294588433059651322e+01
2.030343659752603713e+01
1.201081077832782285e+01
2.765076962722414322e+01
9.985775300090423912e+00
1.586917591676939310e+01
2.232343167281639751e+01
2.368492961668367514e+01
8.805605511207488689e+00
1.297634026369915006e+01
1.804767076390361069e+01
2.387037857931031937e+01
5.045887886983578596e+00
9.237681530374999284e+00
4.902970664073123430e+00
1.323443298190035478e+01
1.460981819752592514e+01
7.902217880693868324e+00
1.284305595847904158e+01
2.562817068338294746e+01
2.214725177710734982e+01
1.631804447691533255e+01
1.864531277180701352e+01
1.313832150107903374e+01
1.516538173007442936e+01
2.263037843667419224e+01
1.520920656865392573e+01
1.501821877405031103e+01
8.415068273685363920e+00
1.549937945887739943e+01
8.889303453747373851e+00
1.408629926032588031e+01
1.705827091641063475e+01
1.263523918428893467e+01
1.076360701215375570e+01
5.440993016926725545e+00
2.423749579778768748e+01
1.134939461887618961e+01
2.353258172875619891e+01
1.772161273510423030e+01
1.581937903461315642e+01
1.805930174572685587e+01
1.115736978472392593e+01
4.788427210700021419e+00
1.393188334821329022e+01
8.141218131607885766e+00
2.926978953787246951e+01
1.881289859704255463e+01
1.582725009245325509e+01
1.486735824229590719e+01
1.414245990833447308e+01
9.503963699698545042e+00
2.172105393950329955e+01
2.073552716744971036e+01
2.393052354833925222e+01
1.933486011555675077e+01
1.586529631715369248e+01
2.034700998421081408e+01
1.764651300733781625e+01
1.266310461099573104e+01
1.956643976579096744e+01
7.594987098010008708e+00
2.008664474253727406e+01
1.753410481197018811e+01
2.226865986131720376e+01
1.944609061666749739e+01
1.179212791448534858e+01
1.169097805479847807e+01
2.675672109751780425e+01
1.772721828678940170e+01
1.240597762333051435e+01
1.735123030348171369e+01
1.701581725975607640e+01
1.339138666709838787e+01
1.410435317231527108e+01
1.106810936736481210e+01
1.615444104907888345e+01
2.488890151004697060e+01
2.790819791165779407e+01
1.899165653579528623e+01
2.031390777533569292e+01
1.501070969440354475e+01
1.634168934912202076e+01
1.530706104052039507e+01
2.527802377241944498e+01
3.282976308746508209e+01
1.851508065796756597e+01
7.482867493514177681e+00
1.198696329427644969e+01
1.179172430873538246e+01
1.896798060058726776e+01
1.558632334638035388e+01
2.304016777867370536e+01
2.115881162458219933e+01
1.683489725501580381e+01
1.504185704751675701e+01
1.875419764811956469e+01
1.207844851589865698e+01
2.247696358816634188e+01
7.181731005018178848e+00
1.275566390843306408e+01
1.691300764128774858e+01
2.142450267153595433e+01
3.770634034730434792e+00
2.454251991150916723e+01
5.960513827945845833e+00
1.057445913634113310e+01
1.231927754289642962e+01
1.861617237098676014e+01
1.566009254470709777e+01
7.621095986752962403e+00
1.990618244087154665e+01
1.380725795515502341e+01
2.038243711854526197e+01
2.193383348476032779e+01
1.189455626667655963e+01
2.844541370989624340e+01
3.876608130527662865e+01
1.357340508396397638e+01
1.803196925361923775e+01
2.210848488913020304e+01
1.119451029582913293e+01
2.860177808383838283e+01
-7.033903096323967929e-01
3.147468708569590490e+00
1.803177762105110560e+01
1.202382648529253117e+01
1.823569723162423628e+01
1.221655761980727561e+01
1.334112523588488841e+01
2.178119512085015685e+01
1.906885567721737118e+01
1.756162082722116224e+01
1.843015832882222327e+01
2.538660748232829434e+01
7.445375951652792423e+00
4.702783348244039985e+00
1.086724046661716159e+01
7.231115055535127567e+00
2.435803968547777032e+01
1.788304083154401525e+01
3.065078384559528502e+01
3.376755581165856768e+01
1.363167774552927369e+01
1.280451069257685504e+01
2.166264257335191701e+01
1.953155347210826420e+01
2.477298011274275780e+01
1.068996320699416458e+01
1.914312859827474256e+01
1.192728003570644546e+01
1.487582992417277694e+01
2.041984868970153855e+01
2.322762980270609745e+01
1.222911394304165356e+01
1.928685971978043767e+01
1.967216745321118765e+01
1.705051322665718772e+01
1.315743834660844414e+01
1.837249875592932824e+01
1.711825335813854565e+01
2.613497929009046317e+01
1.753542241008818792e+01
9.989123071356956984e+00
1.567982559678546295e+01
1.059133601354466236e+01
1.442180851899460947e+01
1.846581699101113827e+01
2.373859457081069024e+01
2.161323668008922283e+01
1.652216941524511640e+01
2.295118710866142209e+01
1.803194097456550082e+01
3.758116372991892717e+00
1.698283324166631303e+01
1.814232431462977502e+01
1.976465930093494450e+01
1.540445022834404654e+01
1.622064096648968246e+01
1.591680794252357600e+01
1.457328551077857526e+01
1.576248428402394097e+01
6.997058942550538063e+00
1.681521490121424733e+01
1.812790563145939160e+01
2.244898545489751029e+01
2.118204147156470185e+01
2.117749320805498314e+01
1.458744072196800801e+01
3.483359469338674330e+01
2.015384472973897800e+01
1.507529745039160218e+01
1.347754424351334990e+01
1.193682108509857187e+01
1.399357679268048571e+01
1.414978007410319094e+01
6.957262469637797153e+00
1.760418967640985954e+01
2.043406174009270160e+01
3.036451826599108017e+01
1.689222284773200045e+01
1.841929438214719994e+01
1.808052318713328788e+01
6.952440611734687081e+00
4.228703565162049927e+00
2.330855103779502002e+01
1.065143514671095915e+01
1.788216191993051751e+01
2.712173855390868482e+01
3.999316039116934007e+00
1.589883076765660519e+01
2.480356580376462716e+01
2.114330860932396661e+01
1.117713212661686839e+01
1.090650401323277663e+01
8.331360439664663886e+00
8.877667717215501852e+00
1.319895952975505793e+01
1.535160781195558855e+01
3.113055455155517848e+01
1.762026391700729278e+01
2.084142945165386607e+01
2.374782794976081135e+01
2.794141314681112931e+01
1.352116000910086768e+01
1.230175383151728852e+01
1.880562861117947193e+01
2.223399031841159967e+01
1.343855631250379190e+01
2.165039632105695944e+01
1.639007938317105584e+01
2.010957960680802614e+01
1.754552629461282720e+01
2.877034314053223341e+01
1.740702095679318973e+01
5.500489828798720282e+00
9.413251967636483641e+00
1.562094488193324082e+01
1.110924762700352630e+01
7.906567324510007211e+00
1.251336218879571049e+01
1.307909284133307892e+01
2.098600944386756595e+01
1.374009561332678686e+01
2.145335176441795966e+01
1.833071912278798266e+01
1.763315831646616516e+01
1.180441609451168006e+01
1.693446714646219675e+01
2.067959371588963791e+01
1.441426298983220988e+01
1.829385517483060397e+01
1.305642842320590802e+01
1.787691104171888412e+01
1.526999778458960577e+01
1.627123378482477278e+01
1.526957394695067194e+01
8.249153835646296784e+00
1.558862594686276282e+01
1.319204717908468183e+01
2.740215916941929208e+01
1.366534798903062153e+01
1.281858414644143807e+01
2.186029530063828474e+01
1.595840342886232577e+01
1.640121918379028898e+01
1.396672446292699021e+01
1.335139015346872782e+01
1.101479010725701357e+01
2.344127518529817422e+01
3.623898902739497885e+00
1.180144674393160642e+01
1.537780552959596037e+01
2.286304334306684183e+01
2.014314656788933178e+01
1.050919940222682669e+01
2.490068514239030151e+01
2.008725186269151664e+01
1.410320274484710978e+01
6.878474143188469725e+00
1.620392235296577610e+01
1.063076505564747265e+01
2.141020496857777289e+01
1.134110695204125818e+01
1.400014556260966003e+01
2.277677741071704531e+01
2.270250619058091957e+01
3.767274717498438008e+00
1.746337745113065409e+01
2.009724092609445734e+01
2.073499821702625923e+01
7.109037664561142833e+00
5.794875232527502362e+00
1.256479145592413715e+01
1.921421725466511532e+01
1.870398840098809501e+01
1.128594164132900346e+01
1.583491448945028424e+01
2.504078320969405524e+01
2.534025483855488403e+01
1.651418343627770469e+01
2.389603491379415345e+01
1.268861928192474409e+01
1.072283733466450428e+01
1.499628165210963004e+01
1.542339249991812267e+01
1.232261157861270817e+01
1.699181998455570408e+01
8.584037433459187127e+00
1.560646284215772539e+01
1.485955405836840271e+01
1.426043706199403971e+01
1.063412724351766769e+01
2.464560756922813312e+01
7.559535267403973080e+00
-6.605536586612004157e-02
5.160541078372247625e+00
1.277999542989370241e+01
1.144942153790744044e+01
1.058748139519167353e+01
1.468835203266526435e+01
2.182779456642367677e+01
5.853862625261811559e+00
7.497429127208846467e+00
2.739375161367372158e+01
1.479615530941924817e+01
1.869345358614848607e+01
1.059294861806363031e+01
1.489556564825374352e+01
2.003938413730460866e+01
5.866227362755893182e+00
1.180469113430281425e+01
2.218421835211320570e+01
1.437037108987850331e+01
1.475584717719107175e+01
1.459874110307636386e+01
9.427187446653690017e+00
2.097209716982012395e+01
2.387487964019838671e+01
1.892407146914515437e+01
1.965366649926740195e+01
7.895280943020793529e+00
5.674873820340820885e+00
1.665802203474044063e+01
1.733479782016182469e+01
1.975347969960738226e+01
1.844895897073116942e+01
1.265731057625320943e+01
1.927324633176232282e+01
3.289228908016921338e+01
1.077378348198745073e+01
1.573099724243687092e+01
2.414035838368193509e+01
3.785913006143911730e+01
1.779403909148651053e+01
1.619889108707830871e+01
2.283631995725442465e+01
7.922854286988254557e+00
1.617904210570333134e+01
8.533994118044446964e+00
2.282893173000175580e+01
1.515564513867238361e+01
1.738021808542642077e+01
9.981034017598034325e+00
2.103883159437766892e+01
1.480929175756635630e+01
1.565676407070132825e+01
1.809343966677008098e+01
1.029918979992027062e+01
8.193424145770421774e+00
1.187505739509968805e+01
2.297691951291017887e+01
5.627245239346990502e+00
1.144626707553426570e+01
1.543888891092637294e+01
2.967244119120435641e+01
2.290511261655039021e+01
2.391687824305309817e+01
1.482057233006570129e+01
2.598413666231434149e+01
2.549299086569696726e+01
2.131301487372540748e+01
1.252580915080692137e+01
1.773569292412240372e+01
1.171833555863936738e+01
1.946358674532370969e+01
4.411330855360688474e+00
1.408776339288402824e+01
2.360770081961495492e+01
1.203821610441357848e+01
1.615227553113300019e+01
1.460123337477054406e+01
2.126622134163806521e+01
2.320193574209810095e+01
1.056644036696104649e+01
2.550003377043738340e+01
2.407249562695444922e+01
3.264853909442870616e+01
1.321605294720329482e+01
1.126734396063717725e+01
1.362787901722657580e+01
2.368073702745252263e+01
1.243165812214841992e+01
1.206285404065623368e+01
1.472377006530315668e+01
1.216783611475268856e+01
2.339412917710524908e+01
2.818643700393531049e+01
1.510495614649335039e+01
1.074158745041708585e+01
1.489210275783187853e+01
2.205879462482459274e+01
2.077813441409577422e+01
2.283379667985325057e+01
9.471873577113100851e+00
1.239555212917420590e+01
1.637559540023843851e+01
2.442904633761045829e+01
5.692000197394321503e+00
1.650071486621718009e+01
1.500196347214182424e+01
1.119463971317202322e+01
2.670061996547057959e+01
1.996719897543655975e+00
-4.827343537883734825e+00
1.977521965818986871e+01
1.075628263798202511e+01
2.427127920005982276e+01
1.982925499368857203e+01
1.012802094732572300e+01
5.050987891075081393e+00
1.509198207679627046e+01
2.683698319759035655e+01
2.704633669850938560e+01
4.443852996415074585e+00
1.493827997819600739e+01
1.479399419461692844e+01
1.935311914135080258e+01
8.347751492797030437e+00
1.999756155281382775e+01
1.448761792444068419e+01
9.134980007479413189e+00
2.565499044161598619e+01
1.650521417095278309e+01
1.666266607780974596e+01
6.765519309000296744e+00
1.955524841330389307e+01
1.220410299014417888e+01
1.485172933162793640e+01
2.001188565091192828e+01
2.245803752553993604e+01
1.586585316306515381e+01
1.813026557630807645e+01
1.925172093842074617e+01
1.989094770161708681e+01
1.514842583464071879e+01
1.711709597209710410e+01
1.439390650022470197e+01
8.690050898995636430e+00
3.049653723954462947e+01
1.087737466090004546e+01
7.817494013026134780e+00
8.287584032613608542e+00
2.767239474448786751e+01
1.770849079506938040e+01
2.197886449835161216e+01
2.929044109579510291e+01
1.261844065503758827e+01
1.186667448037108841e+01
1.922505327562250699e+01
1.618798766041665260e+01
3.381305879982306806e+00
1.989000304979781930e+01
9.054654067874665202e+00
6.077421433498457759e+00
2.727531393737045562e+01
1.361261499408909970e+01
9.474202312217315125e+00
1.540435800575112069e+01
1.921680088637792494e+01
9.767029486494649859e+00
2.666963554573103323e+01
1.039843759967151016e+01
1.137872490663153258e+01
1.287532575997309436e+01
1.257595837655877347e+01
2.321008545764595965e+01
3.040461185335153971e+01
1.383901516328715786e+01
1.773773447077984144e+01
1.960770179585189510e+01
1.081541297691521208e+01
1.932389313288810229e+01
1.737519361498355863e+01
1.139470066582347840e+00
1.760701918279038125e+01
2.594307143740101651e+01
1.667753394797871636e+01
2.336867552372762447e+01
2.084477453254469026e+01
1.460864029257677998e+01
1.721281700599203646e+01
1.883134829570697377e+01
1.051454038112780154e+01
9.399119347283232173e+00
1.391393352880510292e+01
1.074535820906405093e+01
4.042002250459688639e+00
1.451826995645484430e+01
2.156207061341336129e+01
1.503423408403598671e+01
2.307628075181832372e+01
4.939258534061352179e+00
1.692172616369859384e+01
2.745217065478674812e+01
3.150901894007410675e+01
2.212672085747159656e+01
2.268863192474015733e+01
2.577673139369533573e+01
1.792761037535157698e+01
1.795963756442427695e+01
2.041561876473505777e+01
1.709596217109260152e+01
