-1.153846043729910775e+01
-1.932645943679428058e+01
-8.675505480739786890e+00
-1.913502850451746440e+01
-1.571194911012219109e+01
-7.845367623731689832e+00
-3.751923711744623802e+00
1.247915395942249006e+01
-1.584985564599382712e+01
-3.290861652981504903e-01
2.031293141355308762e+01
-1.420721146796796575e+01
-3.082348322195940682e+00
-1.759301009817318118e+01
-2.687795869535931104e+01
-6.615103384124523700e+00
-9.140637806591485059e+00
6.957172039511746675e+00
-1.644938097571977664e+01
-1.640534663592643483e+01
-1.367151063623286689e+01
-1.137694820265522822e+01
-2.516594171134120472e+01
-6.789106460533915310e+00
-1.921673459839486497e+01
-1.950859244939503867e+01
-1.415805792949551289e+01
-1.012121486622564248e+01
-1.202198143032978805e+01
1.114271427130262282e+01
1.631173501296927952e+01
-1.445071140952802580e+01
-8.361302904708907136e+00
-1.737231601521753532e+01
1.007769055410904002e+00
-1.300686072235042445e+01
-2.756017099905378132e+00
-6.921395957045575642e+00
-6.610915906447260681e+00
-6.372223237944581342e+00
-2.175593025070511999e+00
-2.629030437449259239e+00
-9.872051137094388196e+00
-1.085519697103212877e+01
-7.905867515147505742e+00
-8.896352447238626837e+00
-1.477894677026581860e+01
-1.781369443591611912e+01
-1.992186225480584483e+01
-3.154098892527201770e-02
-3.928239253113858354e+00
2.950284731973766839e-01
-3.276136300625495323e+00
-1.509098407732946612e+01
-8.192555764431077137e+00
-6.249807268079322853e+00
-1.791768678600220710e+01
-6.627705677346114044e-01
-6.433746656918657436e+00
-1.189058869723447742e+01
-7.351197760111062962e+00
3.340096138481442267e+00
-1.503206779973947960e+01
-5.187858908974931182e+00
-1.793316571208161747e+01
-7.545786005778438721e+00
-3.792539229431383774e+00
-8.033870025512442226e+00
-1.369559201852074182e+01
-2.303700139218037179e+00
-2.020948887521254278e+01
-2.363999072105920618e+01
-8.692183769432475060e+00
-6.773169279090140549e+00
-1.563232077767214889e+01
-1.140588987032704438e+01
-2.037712474284447239e+00
-1.669664509406342745e+01
-2.182129997087007212e+01
-5.812965357217791507e+00
-5.459762647501619881e+00
-2.244505365859680523e+00
-2.067029478930408004e+00
-1.239034506193358709e+01
-1.742988498409458487e+01
-1.033122247654422665e+01
-3.517465045259157819e+00
-5.989103123877725920e+00
-4.651419528022387340e+00
-1.657522407228188399e+01
-2.247765749312139860e+01
-4.858589352171989617e+00
-1.507361436654618103e+01
-1.164463163241747168e+01
-1.873834775566734834e+01
-8.721875879247235730e+00
-1.055398270417975937e+01
-1.282313576519666753e+01
-1.948481833144214193e+01
-1.119138616427284205e+01
-2.058981737854129790e+01
-2.357247977836604491e+01
-1.717900136532708188e+01
-1.924372254891783030e+01
-1.324088371611803439e+01
-1.094496726961016009e+01
-1.793435671094655959e+00
-1.745575416765026944e+01
-1.099096942093694906e+00
-1.207997332899680032e+01
-1.718043993639963674e+01
-3.067557800638836341e+01
-1.264932193843540631e+01
-1.030886876300996846e+01
-8.093926493295711566e+00
-1.927231618133068025e+01
-1.544666825931624032e+01
-6.383364303672280471e+00
-2.248150722765903708e+01
-3.799417388425737840e+00
-5.011951808580576539e+00
-6.670727357017497638e+00
-2.505386374431267882e+00
-2.230476083091598127e+01
-2.584896992750842060e+00
-4.628613644661243143e+00
-1.456988396032684818e+01
-1.601282643005674799e+01
-1.467931289006286022e+01
-1.532534012414868130e+01
-7.082195305465859292e+00
8.445267630283979088e-01
-1.324354295341498755e+01
-2.370650869309122299e+01
-1.814963241962001916e+01
-4.180932636122477675e+00
-1.159448354170289974e+01
-8.423300539951242172e+00
-1.999220375141587169e+01
-1.283868279048226668e+01
-1.779569492293140343e+01
-1.552614968540677864e+01
-2.185572792522603436e+01
-1.287402692136571147e+01
-6.945224242065293652e+00
-1.891051597742068680e+01
-7.367885959518204686e+00
-2.045539797581994890e+01
-1.487577327565216478e+01
-1.292089861678795160e+01
-1.398291121801005943e+01
-4.778656942435105748e+00
-5.757851881548816664e+00
-2.417257482599778484e+01
-8.309505226093804708e+00
-1.840689403712079297e+01
-6.853767352019701775e+00
-2.320015991329270832e+00
1.610105994807625507e+00
-1.702017586428783602e+01
-7.423850522996076506e+00
-1.442266790636286089e+01
-1.563120653521377790e+01
-5.327166359513796579e+00
-2.062318008915465839e+01
-1.728412837280079373e+01
-1.367725652704675099e+01
-2.842128823300100748e+00
9.665169823081640743e-01
-1.156039525939800683e+01
-1.840116919934447992e+01
-9.412564280941481343e+00
-1.417723681589961870e+01
-1.997103463715387761e+01
-8.670296101087402008e+00
-1.512275630387928516e+01
-1.711300430715112952e+01
-9.210692276436603265e+00
-1.093072608022676206e+01
-1.095296245933187151e+01
-9.377095571941509888e+00
1.165219299568647671e+00
-1.061006704980518123e+01
-1.634520326344130581e+01
-1.220468838292229918e+01
-1.415546101865402306e+01
-7.005160590359665207e+00
-9.001398786793203044e+00
-1.513722260474798986e+01
9.424695814509092884e+00
-4.000673672122118774e+00
-1.043729115645399474e+01
-1.872552331036015971e+01
-1.755607712110791852e+01
1.191648574749564204e+00
-1.101779178621663391e+01
-1.951553250226970704e+01
-9.388223289654391124e+00
-5.672535680089424659e+00
-1.243046246570726510e+01
6.951553450198417750e-01
-6.359358202496892432e+00
-4.808531059435480870e+00
-2.395414233250723157e+01
-4.551562784147677121e+00
-1.471772295371678752e+00
-1.437784839001349724e+01
-1.986827515259723498e+01
-1.776089297977667059e+01
-1.843881414826469722e+00
-1.512072882267290197e+01
-1.730786313608295757e+01
-2.575929761824994557e+00
-1.141561571612032822e+01
-2.464836389751681622e+00
-1.368608323600474819e+01
-1.865792430316770378e+01
-9.172998868300766162e+00
-1.187825457662474093e+01
-2.043977944670528757e+01
-8.814940627156744313e+00
-9.945798205137307946e+00
-6.875358068067967565e+00
-1.449514792236816163e+01
-2.595367836874655154e+01
-1.594050891901038369e+01
-7.993508205157382918e+00
2.800925659963127146e+00
-7.668286246630657388e+00
-1.222812387574346360e+01
-1.169634074245524857e+01
-6.207327646328252513e+00
-1.591988719585583567e+01
-1.986937223901217919e+01
-1.260029070213192881e+00
-1.481394277285900785e+01
-1.845171850424884497e+01
-6.809564050940750235e+00
-7.654745217749081121e+00
-8.598238477639029043e+00
-5.565662685766554318e+00
7.597214222732446842e-01
-7.383828275981301204e-01
-1.349749754475182328e+01
-1.503304512902596457e+01
-5.181408011825595850e+00
-1.951725909008499116e+01
-1.044565969251208060e+01
-1.506239349104995995e+01
-6.879159880780164826e+00
-1.767992695291046346e+01
-1.561230356303340727e+01
-7.839417194113025289e+00
-1.825183477559940570e+01
-5.181174623921222633e+00
-1.687945796091693751e+01
-1.509226255870800060e+01
-2.986448928739406483e+01
-3.649261451452957772e+00
-2.157056939196674250e+01
-7.686566461330343714e+00
-4.864757290061575645e+00
-9.286952677545727397e+00
-7.902635610382915843e+00
-1.593418965553678390e+01
-1.140989888766341664e+00
-1.815894664674726755e+01
5.321551021064948372e+00
-2.158716151153723217e+01
-3.313707664914772977e+00
-1.469522422221712077e+01
-4.914986013613528826e+00
-5.463458589161689360e+00
2.204043755317826481e+00
-2.882276700495424393e+01
-1.062453975352742930e+01
-7.197015992747239466e+00
-2.172513730434167201e+01
-1.880384906182395355e+01
-1.823038680348933838e+01
-2.047525154421106208e+01
-2.313673669138822220e+01
-1.801807245840720384e+00
-1.627962005593641948e+01
-1.017797610150992682e+01
-1.034688280490054524e+01
-1.126589986138326083e+01
-1.061366265349738569e+01
-1.850258600256512409e+01
-1.000864544218298136e+01
-2.512650111562687982e+01
-1.284215351857666576e+01
-1.175070985965194836e+01
-2.076009932860554841e+01
-1.149950661795782025e+01
-1.855577072623751178e+01
-1.112605301900370591e+01
-4.709507098906627220e+00
-2.723497954781640829e+01
-5.286733968091951397e+00
-8.351360876542827327e+00
-7.773593269143816542e+00
-1.400080948417466686e+01
-1.151381014115642643e+01
-6.879777140396939217e+00
-9.765629658061058649e+00
-6.402353661864353285e+00
2.664857236884699887e+00
-1.972355523565096291e+01
-1.948412450191368350e+01
-7.692008671820602217e+00
1.234121983507876052e+00
-2.536619700487577234e+00
-1.406257361515525872e+01
-1.199338358021630313e+01
-2.317948180902044442e+01
-1.355341529992647054e+01
-1.621251628661558186e+01
-1.252537761271938166e+01
-7.083418771350935117e+00
-1.263880352140061802e+01
-1.240295333439078718e+01
-1.267687663556129962e+01
-5.669854602872874239e+00
-2.051672650361358308e+01
-1.323915706897977884e+01
-4.565803304291378595e+00
-1.075906130810420791e+01
-1.200508774787222421e+01
-3.271817777284098838e+00
-1.309158897410834754e+01
1.172944712432411052e-02
-4.297519443883118129e+00
-6.004084832977937936e+00
-1.170005260810398795e+01
-1.646959679745491201e+01
-7.225736274167417150e+00
-1.755745440119382295e+01
-5.614986947243167492e+00
-1.386698338437290090e+01
-1.077535058787182720e+01
-1.487682543918685951e+01
-5.055155915254275101e+00
4.677052305989278125e+00
-2.073412490402174058e+01
-1.768324187894828015e+01
-7.950052381116563538e+00
-2.329436091164052414e+01
-1.335248482431828165e+01
-3.861526215491068115e+00
-1.070873601594142599e+01
-1.813019878225607329e+01
-7.580688104497383506e+00
-9.865752770241257963e+00
-1.538420939600197812e+01
-1.967717688209660309e+01
-7.721173182404569957e+00
-5.160101123464684747e+00
-1.121773141325110146e+01
-1.039787008078965869e+01
3.730327107569110012e+00
-1.540018615257228873e+01
-6.493418240492275118e+00
-1.168977956469439050e+01
-1.364313872119703319e+01
2.937139283950230606e+00
-2.153890300022892745e+01
-7.867307167546329083e+00
-1.816972913451222382e+01
-5.080404208059874804e+00
5.043067832891154012e+00
8.542017406422957038e-01
-1.748815398170999913e+01
-1.242566875328779474e+01
-5.738499993285117284e+00
-1.510720275381839883e+01
-9.606825898206807324e+00
-7.347026261777841682e+00
-1.937079048777822265e+01
-1.851872920085597229e+00
-1.605987930109279205e+01
-9.268517897853271847e+00
-1.837190301505495427e+01
-3.244638598494276494e+00
-6.092107417041077611e+00
1.538687993834642498e+00
-2.067546471336910940e+01
-5.003353581853815513e+00
-2.143664464764702871e+01
-4.958497907860106579e+00
-1.971058754346424280e+01
-9.455835236159003898e+00
-8.274135934934705006e+00
-7.142745488816430566e+00
-1.381982586189482731e+01
-1.861086372547941892e+01
-8.292766045760757265e+00
-5.503292025346610217e+00
-1.685848176335682069e+00
-1.371109405114478363e+01
-4.746923761099594685e+00
-1.390941733764262267e+01
-1.629988725628292912e+01
7.323917741765910705e+00
-4.746208613202895776e-01
-3.197205499447591137e+00
-1.312438796325554335e+01
-3.676075964602162571e+00
2.692228382875654802e+00
-1.066629195558334686e+01
-9.571486468148989957e+00
-7.678492681691906796e+00
-1.242171139320920759e+01
-2.343975383835669390e+00
-1.011093074518906576e+01
-1.719950272550863701e+01
-1.618826541434874855e+01
1.185238160417615916e+01
-1.422161504185287129e+01
-1.184653406955328592e+01
-1.306721549408830185e+01
-1.882299825334310128e+01
-5.774565355943465761e+00
-6.029656088342861153e+00
-1.000264378762642536e+01
-1.162183175060799556e+01
-1.065361058306093867e+01
-9.370547605185066686e+00
-2.669868585166355501e+00
-1.079640891976507078e+01
-5.526398090416492437e+00
-1.941647705824451009e+01
-1.559390683554595114e+01
-1.283681205867286224e+01
-1.301927964809112837e+01
-1.794389737219110259e+01
-7.502738064429948395e+00
-4.798384059925055567e+00
-1.620951819975122987e+01
-9.074772105759109309e+00
-8.347484416344585156e+00
-1.269500951397692745e+01
-3.302310384005366473e+00
-1.481225251860662695e+01
-3.404046902023083021e+00
4.673575868060709126e+00
-1.220404743132365866e+01
-1.121841451430942982e+01
-1.412469824242108984e+01
-4.417421113277839595e+00
2.983964695846623272e+00
6.505454997157002595e+00
-1.360824544007058989e+00
-1.003046000301330309e+01
-1.728789381497250588e+00
-2.124170653573838763e+01
-4.072711770592619018e+00
-1.734621066534690215e+01
-7.767213939320498639e+00
-2.536240297577447222e+01
-1.785503598455595409e+01
-1.365117646039908550e+01
1.395816310985077280e+01
-4.649811305488668722e+00
-1.023878076000627857e+00
-1.514299296359912717e+01
-8.827773710537996976e+00
-8.129797353325756148e-01
-1.322144511982064330e+01
-5.017744308105136497e+00
-8.297425373506300161e+00
-9.381477615354924637e+00
2.181897429075235095e+00
-1.351195128179496407e+01
-7.454949256485406295e+00
-7.512157594721131204e+00
-2.132310829598776536e+01
-1.457897338973343437e+01
-7.508517608191993986e+00
-6.729984755776854399e-01
1.439197563184052342e+00
-1.671665812557660047e+01
1.931455017984404776e-01
-7.322558427742464460e+00
-1.520987670952493431e+00
-1.659969044173450925e+01
-4.657547672031554953e+00
5.633289271422185607e+00
-3.907772146125324753e+00
-1.608113973868610458e+01
-1.404803285451255590e+01
-1.934940977705505816e+01
-1.110059340485983626e+01
-7.878857567860393374e+00
-2.262915508352449478e+00
-2.854502601079923352e+01
3.264815411930840128e+00
-8.425886103246142511e+00
9.163285566135868976e+00
1.168666374414470965e+00
-1.069686751951590509e+01
-1.470639786021391160e+01
-9.908213529693028931e+00
-2.616978887400574649e+01
-2.096332283759662118e+01
-1.541023985894992165e+01
-2.473441585550797583e+01
-1.837461251865211409e+01
-1.320703866817110850e+01
-2.023118518449805947e+01
-2.359011284592963875e+01
-1.593494760183887138e+01
-4.743341396786789232e+00
-1.736909015059514161e+01
-1.086655380860334219e+01
-1.051868245595794349e+01
-1.565698412307266096e+01
-4.822942905091707644e+00
-7.611763959588515149e+00
-6.579748552893519786e+00
-8.342664460082147571e+00
-3.745919120323719653e+00
-1.260001144766789594e+00
-5.523869382042050802e+00
-1.620677603131554179e+00
-1.384796742141649872e+01
-1.097630083404607149e+01
4.500904496364313445e+00
-1.787856945200614689e+01
2.654484538874669397e+00
-1.042239901404639113e+01
-1.770121962575530006e+00
-6.459374304886011942e-02
-1.309848657160468122e+01
-1.507331973390284929e+01
-1.191268201552134087e+01
-1.389093508600706173e+01
-6.912844170079608830e+00
-1.617126826996488376e+01
-1.544432094968252045e+01
-3.332507654299618594e+00
1.766798913501062884e+00
-1.077813422276373956e+01
-1.390839196404390066e+01
-2.414896478471800378e+01
-1.331117272191690404e+00
-9.404317567241008646e+00
-8.584498208437366884e+00
-2.166677519049130751e+00
-2.527572266161826064e+01
-1.728744676941626324e+01
-1.711878900972962469e+01
-1.304609671390397807e+01
-7.243637766382519771e+00
-9.502294269266783999e+00
-2.546033442024403826e+01
-9.469929887735986540e+00
-1.837191439390319658e+01
-9.817887516911227408e+00
-1.260036947498274174e+01
-6.608601789907865509e+00
-2.443292906511274509e+00
1.823351350581774000e+00
-2.107865438738996033e+01
-1.249154478770689991e+01
-1.147709625847615200e+01
-1.700734765056046172e+01
-1.318236848045340537e+01
-5.110657570334041111e+00
-8.291059922117398173e+00
-1.788701146706276290e+01
-4.226391687720976620e+00
-4.546099716703821514e+00
-7.265905783451103161e+00
-1.781122783757564321e+01
-4.981008280978443281e+00
-6.032063393547460350e+00
-1.024705042403438426e+01
-1.621063640607435730e+01
2.158485859649630356e+00
-5.557164701114402305e+00
-1.302908620305404952e+01
-1.554481245804566925e+00
-1.274871771445950230e+01
-1.532299740000510724e+00
-1.030747837927999910e+01
-6.201225804879925363e+00
-1.336429455985884829e+01
-1.951557057189162947e+01
-4.803599791888288451e+00
-3.323522713130742545e+00
-1.284170201255217592e+01
-3.597637073315979706e+00
-7.251897377226441677e+00
-1.156798406531382284e+01
2.277694871501509510e+00
-9.138356914730479730e+00
-1.517867355257899931e+01
-5.818255231753454382e+00
-5.946922376277939293e+00
-1.174279694859890810e+01
-6.781815501457685968e+00
-7.092324319067657257e+00
1.853783549847776158e-01
4.111688505984346875e+00
-6.219750826468469995e+00
-2.768419535647026919e+00
-8.970626722817740983e+00
-1.086091338058250244e+01
-7.700693728088481294e+00
-9.354656538496030294e+00
-9.900707073586005436e+00
-1.047361075744322534e+01
-9.575502078235047065e+00
-1.148463564653280855e+01
-5.434971761387899392e+00
-1.026356047411698569e+01
-5.662307684173470079e+00
-1.149035567186272999e+01
-1.173394692314445820e+01
-2.076302288110304062e+01
-2.448815315406501725e+01
-7.959392971058932176e+00
-5.947709036341549904e+00
-2.426254084428470037e+01
-8.686716727591203835e+00
-1.244161698281884298e+01
-1.998180445655944482e+01
1.521969718965195284e+00
-1.307608024274406944e+01
-1.116471380109607026e+01
-2.059545437032107884e+01
-2.046714803729973653e+01
-6.453529647584161921e+00
-1.131497218948427985e+01
-2.303884845137686455e+01
-1.222912177715500093e+01
-3.126533575867924242e+00
-1.478731253934743961e+01
-1.074457914837086037e+01
-5.633928392641010419e+00
-2.519193529580111601e+01
-5.530625957201735332e+00
1.220520821804429090e+01
-2.662884331295946083e+01
-1.480706566183097550e+01
-1.094455042781459042e+01
-7.443846152581244269e+00
-1.028301040943486555e+01
-1.586539931515748947e+01
-5.736297863257632912e+00
-2.041147547874220436e+01
-7.535401118559505562e+00
-7.268302508355432678e+00
-1.198627424757435733e+01
-1.941457623722854464e+00
-8.836055167216684936e+00
-1.220780975992778394e+01
-2.492304593679148184e+01
-2.125490429081521881e+01
-9.722368534361422121e+00
-4.164154695813053308e+00
-1.582493372431028433e+01
-2.250449552399918218e+01
-1.198370109766943870e+01
5.841387525671194680e+00
-2.077558420151757446e+01
-2.216326242282832482e+00
-1.249217780115532150e+01
-1.199809337649730878e+01
-2.366899646873822860e+01
-1.207968614185384126e+01
-1.239900176802484566e+01
-1.436552579810208385e+01
-1.355876330459742007e+01
-8.961619033038459747e+00
-8.633301911618602276e+00
-1.784143175069272047e+01
-2.307951648100488740e+01
-1.477082675033938131e+01
-1.835959279308430325e+01
1.373684621024608532e+00
-1.882099241753167007e+00
-3.047598497644969484e+00
-4.778910574340343942e+00
-1.097778236030316634e+01
-2.717771045931982599e+00
-1.513442977759439145e+01
-5.316243174980101571e+00
-9.119155607080202230e+00
-9.039241640129105804e+00
-1.740938900906468234e+01
-2.945992897254299692e+00
-5.941978973144756537e+00
-5.105125969970771393e+00
-1.650363181004166790e+00
2.150387170214571597e-01
-8.009101079951321367e+00
-1.890215940249396454e+01
-7.684253825895552836e-01
-6.620099883952534014e+00
-2.526947341758703658e+01
-1.667831730561024983e+01
-1.447405434194477891e+01
1.162252127083732489e+00
-6.222552999490432057e+00
-8.586110671530661875e+00
-1.665128985932142314e+01
1.401303889509506462e-01
-5.534734247781614158e+00
-2.316705123686686818e+01
-5.568971423427015566e+00
-7.059277160494914938e+00
5.591547952148800960e-01
-5.721067577336896193e+00
-7.992096134492840065e+00
-5.150956310405476302e+00
-1.605177237489058939e+01
4.956680020064808900e+00
-9.702814148732542776e+00
-1.429255258158239883e+01
-1.028668627157276205e+01
-7.114516705225639726e-01
-1.654044376814182726e+01
-1.728698481607364101e+01
-1.346096746758827578e+01
-8.030865189530473458e+00
-8.834355111065150368e+00
-1.339011681263414744e+01
-1.344405802310366482e+01
-6.326790332138855888e+00
-9.291418466184950375e+00
-7.517201012496784074e+00
-1.365785274324626641e+01
-9.427113376495086072e+00
2.810414481333367576e+00
-1.022735442248378490e+01
-7.921153630453432015e+00
9.581102256432373565e+00
-1.722581252677429120e+00
1.636150597546196650e+01
-2.355641355923336278e+01
-8.637674409384658247e+00
-2.333953035068934412e+01
-5.095046108111233707e+00
-5.239926986491724392e+00
-3.182034969371841271e+00
-6.341745596511486838e+00
-1.863856998451493041e+01
-1.791678954928370615e+01
-1.409466531837227876e+01
-2.366215507922407824e+01
-8.705454647399719192e+00
-3.992943966842645409e+00
-2.406978952307638053e+01
-9.161253579745562092e+00
-1.070050039218423876e+01
6.874253660032735525e+00
-1.378942639429848782e+01
-6.858511877278942848e+00
-6.424964755003927053e+00
-1.516683533289732111e+01
-2.799006322746788555e+01
-2.111281200203916342e+01
-1.517310401351655003e+01
-2.782885316118770902e+01
-9.613602374029028397e+00
-6.207909580823226747e+00
5.635426455405095680e+00
-1.784427099059787736e+01
-8.335780016704148920e+00
-1.134665111315516128e+01
-4.139430444101947160e+00
-5.763826259554647891e+00
-1.228923888546707133e+01
-1.384166180092462639e+01
-1.348751215448342577e+01
-1.531817717874351104e+01
-5.247812121384598072e+00
-2.897661699301698945e+01
-1.492738824719120316e+01
-1.880653177589263692e+01
-4.503996853920995136e-01
5.405182661351219053e+00
-1.176260097108826130e+01
-1.451317127240865545e+01
-1.357423961380519017e+00
-1.928337548626222997e+01
-2.692504793542381947e+01
-1.584905745116311948e+01
-1.324471231985438635e+01
-5.876477371455408161e+00
4.681841815621510250e-01
-1.651619618168869863e+01
-1.307274791238786804e+01
-7.171075504074465812e+00
-2.096692025619229582e+01
-1.240950157632340733e+01
-1.745344914700481809e+01
-1.242300235817556597e+01
-2.062385408424331956e+01
-1.502413423764095057e+01
-4.419679558536444119e+00
-1.014120625195330661e+01
-6.350395327858649352e+00
-5.568451810382384792e+00
-8.875359494309464026e+00
-1.032039627303322504e+01
-2.193702790824124804e+01
-8.750193971872064935e+00
-7.881422745233663818e+00
-9.369833771205165363e+00
-1.049122988353539654e+01
-1.399911868459574293e+01
-1.567512986442550016e+01
3.669322103571388993e+00
-2.583485166564216229e+01
-1.489988795789356857e+01
-2.241937482135966775e+00
-9.450204572737945341e+00
-1.082368566839758728e+01
-1.483285087780278388e+01
-1.429632128613454256e+01
-6.702115497043891423e+00
-1.321059073118003369e+01
-1.235844871326260375e+01
-1.424635268874231997e+01
4.349568895892730325e-02
-1.757130449145464013e+01
-1.429981756820778571e+01
-1.772821337527162200e+01
-6.380971316467281440e+00
-9.792116887860331076e+00
-1.374639871912066269e+01
-4.004669619622205801e+00
-1.164223027486340811e+01
-1.097919601525487110e+01
-8.935238385422749730e+00
6.706501853376295230e+00
-1.006422810528624723e+01
-1.140229782520734148e+01
-6.378195359960614041e+00
-4.539642582662509085e+00
-4.417304065138324631e+00
-3.035908132661145942e+01
-7.344822435000239125e+00
3.980853265160675392e-01
-4.535396734320514156e+00
-1.424054292367992502e+01
5.040262109566469917e+00
-2.494642450856535731e+01
-1.625939750250110194e+01
8.271360316113629096e+00
-8.072495602852100660e+00
-3.936326787732852495e+00
-1.541307406675642255e+01
-5.504501577011211566e+00
-9.236599204798906726e+00
-4.175445739494747954e+00
-1.768441173782545661e+01
-7.492357136556904607e+00
-1.162209129450862122e+01
-2.159504042081636044e+00
-1.711180197554820381e+01
-7.789174476609261433e+00
-1.040515293427944243e+00
-5.805366558563974877e+00
-9.567158402109669169e+00
-7.003790795053163265e+00
-1.265137671961758770e+01
-8.466873867964707756e+00
-1.227569117039053026e+01
-6.941135727814668144e+00
-4.648850131575301248e+00
-3.713433096613954376e+00
-2.015749571703932475e+01
-8.250543791520627224e+00
-1.981155791260148646e+01
-1.249881618634566394e+01
-1.938855157195334300e+01
-5.677875307504137936e+00
-2.210840900629006001e+01
-2.804256189948034717e+00
-6.472875968718298623e+00
-7.200076232039009483e+00
-1.274301623306757847e+01
-1.320453674296052782e+01
-1.789730931017246007e+01
-1.670430386849436388e+01
-1.756261103588100525e+01
-1.793048235532606327e+01
-2.211362703929675888e+01
-8.548952223913204307e-01
-1.490741416081090165e+01
1.583083354302345924e-01
-8.786556039202963575e+00
-8.719936672399470012e+00
-1.112119441093905436e+01
-3.981185677348292984e+00
-1.464302799239438002e+01
-2.310595447388081425e+00
-2.497047134377035604e+01
-2.711094658616386255e+01
-1.293926890796771545e+01
-9.923979952832951312e+00
-1.401132749870426153e+01
-1.995205305718624800e+01
-1.327244128734558615e+01
-1.048944308553141980e+01
-2.012991606904439834e+01
-2.165759454919727034e+01
4.454742847245341864e+00
-2.095539877373326476e+01
3.630847148540638614e+00
-7.479846943774276724e+00
-2.486138256221789788e+01
-1.393673298577019182e+01
-6.272790936776885928e+00
-1.530102579716223943e+01
-3.680044340702778527e+00
-8.500598580893267808e+00
-1.368406709076404582e+01
-1.525616679017288391e+01
-1.537590051697112870e+01
-2.029369144436910233e+01
-7.231586446863829565e+00
-1.333260180370653813e+01
-2.047209384038410462e+01
1.070734837090483893e+00
-1.558168316572508161e+01
-1.948600354345018104e+00
-1.817277298168632171e+01
-1.009885371022203060e+01
-1.690553106581232612e+01
-1.414406610317654156e+01
-1.842677495166488200e+01
-2.144981192778497814e+01
-9.550951872234449525e+00
-8.998185615088686973e+00
-1.168315979451850239e+01
-1.063236619426248808e+01
-8.888856769924871060e+00
-2.180120470520247977e+01
-4.157196769541158687e+00
2.282901295483881654e+00
-1.847673669407210184e+01
-4.115365889436333191e+00
-1.457455316975736537e+01
-6.760662030241391562e+00
-2.900480510469006390e+01
-2.124927928481098149e+01
-1.202851993419071164e+01
-2.136993546637765462e+01
-9.805212698971388363e+00
-1.524620329884199066e+01
-9.214316728428542547e+00
-1.305584619338330299e+01
-5.115309442474824664e+00
-8.130765324047501963e+00
-8.402066869036588059e+00
2.176748128351334799e+00
4.717255826318478285e-01
-2.539605349628115505e+01
-5.410366949888896215e+00
-2.208115757746638508e+01
-1.359276964094746631e+01
1.306195422552136165e+00
-4.388742973688692928e+00
-2.476913986994905770e+01
-8.317876214867780504e+00
4.391819543079435562e+00
-1.411329500249888724e+01
-1.531982632254738519e+01
-2.247148523933688580e+01
-1.156536500550350866e+01
-8.989892131233986561e+00
-1.928697481770602451e+01
-1.991928593050273832e+01
-1.438167903707656592e+01
-2.247004045200942812e+01
-1.344540325639974299e+01
-9.148723627059325736e+00
-2.049886276089580406e+00
-1.627890327256690739e+01
-1.084349685302112221e+01
-6.196391859026803672e+00
-9.000809198598730632e+00
8.368251674952347230e-01
-1.325432874768551983e+01
-1.341523565607204205e+01
-8.924651004034259927e+00
6.322210761145001356e+00
-1.068700606729268543e+01
-4.067067449092107267e+00
-5.550675642527195919e+00
-2.441660865911174483e+00
-2.689813910918843476e+00
-1.438002748355086169e+01
-1.391531375850190955e+01
-1.222502033753225703e+01
-2.537849848477644343e+01
-1.087104155077400947e+01
-8.269406077554279477e+00
-1.266056627472603680e+01
1.103734216326444084e+00
-1.879340490059382773e+01
-7.305642328458603174e+00
-6.809026302831824751e+00
-9.245312868421081021e+00
-1.231406070528504415e+01
-2.031228303214082587e+01
-1.563271979913514542e+01
-1.403671164312440567e+01
-8.416523713190031231e+00
-1.162046233765178727e+01
-1.439961371983291372e+01
-1.770272009367943156e+01
-7.190599173059538884e+00
-5.241283297218757298e+00
-5.030728779253891503e+00
-1.266180302957759807e+01
-9.423841281104998302e+00
-1.104243933369320985e+01
-1.271900466643724315e+01
-1.891390291822939673e+01
-1.207358716720545999e+01
-5.127837993192230215e+00
-3.661329043149237350e+00
-8.044620174706665239e+00
-6.255969425911999338e+00
-2.105089247778127515e+01
-1.556848146786425957e+01
-2.457651011438845501e+01
-3.815778572501471899e+00
3.110539466150555654e+00
-8.671523966591877297e+00
-1.497963671858154555e+01
-1.500532914598767320e+01
-9.809846678812590426e+00
-4.978519733985962148e+00
-2.213166704006572161e+01
3.346855723447191622e+00
-1.614398908021775014e+01
-1.651478507535988172e+01
-2.719264603908399636e+00
-1.543341246429844205e+01
-9.538673704977668422e+00
-1.437924540856381839e+01
-1.136224581649376830e+01
-6.088572832277336033e+00
-5.686688268568545368e+00
-1.879696931719256270e+01
-9.676567722874835908e-01
-1.073243807693184237e+01
7.422316328409308994e+00
1.910743438010726436e+00
-1.770685085673922288e+01
-1.282662931236615123e+01
1.981801640357289784e+00
-1.690218298016628751e+01
-7.581856372342599570e+00
1.183146113714674641e+01
-1.533430922422449783e+01
2.548004776586381581e+00
-1.965394930578757737e+01
-1.581138007279113822e+01
-9.012941277439281862e+00
-2.124386819024782369e+01
-7.459320668065871018e+00
-1.792583783696611022e+01
-6.527947716631956609e+00
-1.916454578132898234e+01
-1.934021042077422692e+01
-1.670353399195273880e+01
-2.074268576258580765e+01
-2.188427011153156343e+01
-9.645370313090339209e+00
-1.592542489837674680e+01
-8.970478765828460155e+00
-6.079469278550675426e+00
-7.285033483075366689e+00
-7.860730640144709014e+00
-2.131783132194826180e+00
-1.458481112061832619e+01
-5.785976082875507132e+00
-1.200126446284502890e+01
-1.812143922969227106e+00
-1.486803383482762797e+01
-6.067387564942379186e+00
-3.084527253468309027e+00
-7.228418704589344657e+00
-2.200751897378640365e+01
-4.054643329539501906e+00
-1.888755486368107483e+01
-5.093708902187614740e+00
-1.946565026007078814e-01
-1.540209351426437934e+01
-8.640763103771561759e+00
-5.358844493171659451e-01
-9.075081226014603430e+00
-1.076943528531489847e+01
-3.326391501611240642e+00
-1.453687336391934082e+01
-9.233681155782420547e+00
-1.626330766986538379e+01
-9.412669392636445309e+00
-2.808673757715932595e+01
-1.566633219354334017e+01
-5.866773433491346168e+00
-2.085189828860099226e+01
-8.696641320082449056e+00
-1.330310934163070158e+01
-1.372488846048133837e+01
-1.398742811292137844e+01
-9.889083178762902548e+00
-7.644157346603748238e+00
-2.117641761925764854e+01
-1.993529446511742265e+01
-8.286831573035826182e+00
-1.286520163623490021e+01
-8.616052798178600369e+00
-1.189291601303378343e+01
-1.402303147361818958e+01
-1.378609783087468088e+01
-9.945183251505625321e+00
-2.227618040965737123e+00
-1.363626264192471638e+01
-2.549261926692835800e+00
-1.649592783787471717e+01
-1.040913186607819796e+01
-4.690445231963735750e-01
-9.021797831116799671e+00
-1.491848399098164180e+01
5.234755367040420992e+00
-8.835282504518886526e+00
-1.143510859645203936e+00
-2.582897098737750241e+01
-8.092152946629738608e+00
-3.039585116295910439e+00
-1.094350961467182515e+01
-8.901533686561705849e+00
-4.804559520406172624e+00
-1.327070146650012816e+01
-8.876531914445806137e+00
-1.461656187505586502e+01
-1.613540730159795089e+01
-9.106404347800165056e+00
-8.358270110375187301e+00
-1.478030919739130411e+01
-1.788311010493278275e+01
-1.613795667449527116e+01
-8.018414363489057450e+00
-1.824937579413378330e+01
-9.515571729589282768e+00
-1.943419999077040927e+01
-8.557373653159743299e-01
3.821300353792764781e+00
-1.936130984250543463e+01
-1.801779807148318469e+01
-7.058923427178513066e+00
-3.821024519029947442e-01
-8.981138196479321323e+00
-1.100750808535312331e+01
-2.253470727573642307e+01
-1.511621749236714152e+01
-1.158961797632646551e+01
-1.809919489198674114e+01
-5.498178354176118887e+00
-1.226001539040137800e+01
-6.215539424541546509e+00
-1.214227140760078782e+01
-6.699779875023693876e+00
-4.600282837351102216e+00
5.757721859963751854e+00
-1.769930803961486276e+01
-1.055494194551125986e+01
-2.540373634651132306e+00
-1.051763082722291642e+01
-1.782763563030187015e+01
-1.533481145651660427e+01
-2.297919235303859864e+01
-2.480696667321706173e+01
-1.280350554021887888e+01
-1.442207137705932496e+01
-8.337900348976134524e+00
-1.491365187060623043e+01
-1.325336338884204679e+01
-1.507956592810711527e+01
-4.664810220925232898e+00
-2.424754823698555128e+01
-1.248414172271995426e+01
-2.543213231128486029e+01
-1.440076191054575361e+01
-1.879168451431870324e+01
-1.270593323199477709e+00
5.388446450519666087e-01
-1.317969293502258665e+01
-1.522375721766724155e+01
-2.680400392094088602e+01
-2.170923570414271353e+01
-1.089543908055757981e+01
-2.067073689936147218e+01
-1.590898205423056311e+01
-8.676150063222578979e+00
-1.010924473194810957e+01
-2.201398478799870873e+01
-1.160065719930167916e+01
-7.466737803734446288e+00
-2.247403806974119789e-01
-7.308949017833782591e+00
-7.012384528830381214e+00
2.947699681368533220e+00
-3.465144252322900797e+00
-6.277285098299600463e+00
-9.619124904430321976e+00
-3.606881055808514702e+00
-8.085341919439187564e+00
-6.877751171476205627e+00
-1.653692784278048578e+01
-8.851006133800140674e+00
-5.134188226183724169e+00
-5.380623484175373505e+00
-4.692752162552181971e+00
-2.842133147325796472e+00
6.725289958544010460e+00
-3.337558577456547937e+00
-7.677188434465776368e+00
-1.263541423708018385e+01
-1.419162046395446453e+01
3.177747247641491413e-01
-9.108646684850924657e+00
-8.057093949128784516e+00
-9.180626932271167107e+00
-3.082005097498623059e+00
-1.140916014836810177e+01
-5.907214051114337394e+00
-9.556688689100127476e+00
3.319996651501725182e+00
-5.561274373613883881e+00
-3.603105539348689490e+00
-7.806752490962722391e+00
-4.628829809217251068e+00
-1.884507047199068097e+01
-1.396071331612940014e+01
-1.616753129040714043e+01
-1.380850971753588396e+00
-9.700328825163779811e-01
-1.271696044382322555e+01
1.071231092438480914e+01
-6.512449704233588932e+00
-1.836253246189740196e+01
2.411708549723400097e+00
-4.524352536760034127e+00
-2.314993780433479742e+01
-4.364166605567277202e+00
-1.079918489483388555e+01
-7.371468527100688561e+00
-1.776451272936601811e+01
-1.165527086472276608e+01
-8.653331387208424985e+00
-1.545843876107224446e+01
-2.752534276940043867e+01
-7.361059252421810584e+00
-8.231204934345399238e+00
-1.820069772417842557e+01
-8.878148186135618403e+00
-2.484112575127454647e+01
-2.370880097194842051e+01
-2.776835362781031336e+01
-1.261929493002649849e+01
-1.365836211641020270e+01
-2.303148898253803623e+01
-7.503354808404083087e+00
-1.758808713630980947e+01
-6.428801256952382914e+00
-7.867645994597467052e+00
-2.006789077510082109e+01
-1.789214828524575296e+01
-5.311631813529047008e+00
-2.488138960705516922e+01
-1.418991029159830930e+01
-3.251751366208125660e+00
-1.255014494595296526e+01
-1.596611603936933932e+01
2.127581517278315459e+00
9.950795994297010338e+00
-1.051257388105194934e+01
-1.019121632798186283e+01
-7.491677288606410912e+00
3.644775456296983407e+00
-7.910135501274552894e+00
3.435279728442154124e+00
-3.580952102107943347e+00
-1.047637393342706957e+01
-9.039513889729661855e+00
-5.169433521224206629e+00
-1.409356756376274689e+01
-7.163280081147348710e+00
-8.926991235610046260e+00
-8.307500162768704399e+00
1.144649806468265751e+00
-2.749512706042608556e+00
5.883446601667600362e+00
-9.836898385166307435e+00
-1.175558604980403743e+01
-1.329241407557914556e+01
3.611263918960972319e+00
-2.367402027529595898e+01
-1.684446610750282503e+01
-1.554377817701632125e+01
-2.194253417366991243e+01
-1.637726301499864690e+01
-6.582519324653475223e-01
-2.270501970334308339e+00
-4.131105807092964710e+00
-8.605417217714119715e+00
-2.094791762155836068e+01
-1.612280376744071475e+01
-1.794565680476911496e+01
-1.563350359836016423e+01
-1.543239306005891365e+01
-2.736691507478411722e+00
-1.237558913571216124e+01
-1.962827012164338214e+01
-6.427955733757642065e+00
-1.349268344455002477e+01
-1.291907507026688506e+01
-7.825928614302739561e+00
-1.034521401649290340e+01
-1.881113066102987830e+01
-1.250960844166797870e+00
-6.434677299755648505e+00
-5.736342533986217518e+00
-1.759810395397110483e+01
-2.179304292795460185e+01
-2.222414399974600485e+01
-7.766466351599774498e+00
-1.543448555697584368e+01
-2.015303416662608527e+01
-1.514645669056648103e+00
-2.811605072549511419e+00
-1.408663000385634234e+01
-2.430936343778843423e+01
-2.056166741793131791e+01
-1.521450858075992585e+01
-2.232907572122290674e+01
-1.016504144480259697e+01
-8.311690861104622741e+00
-7.527628218151633632e+00
-1.885834543290050647e+01
-2.161890781524786576e+01
-1.206709117982039459e+01
-1.448474680226260602e+01
-1.705094640104418602e+01
-1.531595159068506007e+01
-5.340667899381799089e+00
-1.445405284793774570e+01
-3.320585179442289814e+00
-1.150333151181069979e+01
-1.855707658344326205e+01
-1.760717024119158225e+01
-5.090644580908858075e+00
-1.152050833964736398e+01
6.986855872197054396e+00
-3.224051181823830348e+01
-1.427603441693653963e+01
-2.195040173672850869e+01
6.555344563583062723e+00
-2.099042399576346440e+01
-2.686754040708521529e+00
1.985205758186907588e+00
-2.333107288021130898e+01
-1.847382082496108069e+01
-1.402074179496135287e+01
-2.134199402940534185e+01
-2.845342479006347958e+00
2.818676558784588337e+00
-4.889156053684331482e+00
-2.281554622212684080e+01
-2.572945522758244863e+01
-1.274164015106090631e+01
-8.680915877973362171e+00
-1.879213815938300058e+00
-1.240184739406242898e+01
-1.549912897737738149e+01
-7.994919234874046765e+00
8.191974190131318778e+00
-1.525392104618291000e+01
-1.050612551746894496e+00
-1.024915685368138440e+01
-2.091868539998341703e+01
2.747182986852919839e+00
-1.136470244449039058e+01
-9.773496236759584122e+00
-1.110854435354791292e+01
2.322487654179388983e+01
-1.863493530581014568e+01
-1.410610465449668993e+01
-2.445168344921523840e+01
-1.395974130393855717e+01
-1.269462281491367150e+01
-9.308609664862444788e+00
-1.635177250590642473e+01
-1.182000861222438459e+01
-1.187808202886738229e+01
-1.198204839749908501e+01
-1.356492743553295099e+01
-1.200796072629330524e+01
-2.048658592224118991e+01
-7.059670218455096347e-01
-1.457447422399906145e+01
-1.214153020527638205e+01
-1.468169275459378298e+01
-4.454297883515749845e+00
1.844184831570316874e-02
-1.720355702642351048e+01
-6.966360604750633456e+00
-3.047932564629134333e+01
-6.133173192164065313e-01
-1.412187290908899229e+01
2.491306388931946003e+00
-4.016064297509842618e-01
-6.383410844632066983e+00
-3.165565388203063435e+00
-1.688608343176494486e+01
-2.427863836363802363e+01
-8.046059572299668616e-01
-6.105503928319777174e+00
-1.061734679988572339e+01
-1.804433547852210040e+01
-8.065963363806886832e+00
-1.866361382839035343e+01
-2.771938004934430921e+01
-1.184690708819640292e+01
-8.329494983904439209e+00
-2.800831543101394061e+01
-1.806981462924196080e+01
-3.626378891619174283e+01
-1.425218147505404431e+00
-4.873293708964425264e+00
-1.243419061497802147e+01
-1.003576618819175792e+01
-1.029593795611611995e+01
-4.125292599956068784e+00
-8.867605272361998914e+00
-1.078815111801208104e+01
-1.416619388284115644e+01
-1.909609295828002473e+01
5.204019994297709673e+00
1.160270421484341341e+00
-1.309993221273150255e+01
6.981529316819887754e+00
-1.713588535824627002e+01
-1.132128410842166488e+01
-1.441401048307231747e+01
-1.820180457353220049e+01
-1.808965580945699969e+01
-1.702253114014372670e+01
-9.264265564346246151e+00
-1.655723837142443244e+01
-4.665545626015983771e+00
-1.261079628003199105e+01
-1.263858913962447161e+01
-1.462573982799899852e+01
-2.066285206026276455e+01
-1.763401273717097695e+01
-1.585654740586154787e+01
-2.208554777435355732e+01
-8.800557351326190769e+00
-2.494625285997841502e+00
4.350989368819327296e+00
-9.964325887715531849e+00
-2.343850211825568408e+00
-2.865748343677751109e+00
-8.799366924929998390e+00
-1.720341362362438531e+01
-5.634150365014576778e+00
-1.899333004597939123e+01
-2.143521998250042770e+01
-1.888282481359155440e+00
-5.087154901207767921e+00
-1.372906653379784814e+01
-9.398785085071665435e+00
-2.043994949307673892e+01
-5.316318558874741029e+00
-8.123865356930480175e+00
-9.312968402128348089e+00
-2.357671272241613281e+01
-5.928570668451371262e+00
-8.876954422867825656e+00
-1.600845797356062405e+01
-1.044784420748466403e+01
-2.890434911928431916e+01
-1.201974019971667929e+01
-1.207070881748688862e+01
-6.960652853068765467e+00
-4.970228431286145110e+00
-1.396672435647008115e+01
-7.650848288124578289e+00
-1.500303249450564635e+01
-1.458980179610036032e+01
-8.587917893048313545e-02
-2.711488342008763652e+00
3.305092552365493930e-01
-2.574530012640464349e+01
-2.013676169389687232e+01
-5.977869775104551309e+00
-8.959089393970941728e+00
-1.192391885479845826e+01
-1.117368134982012862e+01
-1.894470745770566111e+01
-2.231651747870837710e+01
-2.517627444236491385e+01
-2.289197762351538756e+01
7.260102044479182837e+00
-1.092682809760101748e+01
-1.744047902072483680e+01
-1.455386171007607743e+01
-2.125013470934263182e+00
-8.080339477988147223e+00
-1.285006602684291011e+01
-1.396449067530507193e+01
-1.739318857698660281e+01
-8.570465956707835176e+00
-1.745571412863993999e+01
-1.486940217562445810e+01
-7.377091926751660367e+00
-6.201877451516963902e+00
1.187101971776726828e+00
1.533284091624736334e+00
-6.317769502088140143e+00
-9.549796471337543835e+00
-1.226955247821155126e+01
-1.056388422493384383e+01
5.221999758542963832e+00
-1.254292708851534144e+01
-9.238508807942821477e+00
-2.397006899610963160e+01
-2.577768862958862428e+00
-5.206576721599418534e+00
9.757417276363895553e-01
-1.252750816052201799e+01
-1.719595953516862608e+01
-8.417245960069109856e+00
-1.777362099132855633e+01
-4.217671858331598855e+00
-7.288091265041003908e+00
-1.985569922548695843e+01
-1.686661832318037568e+00
-1.600416249839473437e+01
-1.756609250895166952e+01
-1.487076031001890897e+01
-6.214144816321251596e+00
-1.153357065626192934e+01
-1.105174792258164018e+01
-5.534412815682671294e+00
-2.569001293347899662e+01
-2.329600140425228005e+00
-1.921123398731954524e+01
-1.869762487988627697e+01
-1.345681758725699240e+01
-1.241708291565441868e+01
1.932625824589223384e+00
1.056869309822300806e+01
-1.533607854376694490e+01
-2.190910281518482350e+01
-2.336678454865922561e+01
-1.839749013905603192e+01
1.857799768852046896e+00
-1.069475297802694058e+01
-1.286670905464869463e+01
-1.038131732162443654e+01
-2.026312588710837304e+00
-2.018129963351802303e+01
-1.154138289117842930e+01
1.766869187224008897e+01
-1.803423199077400341e+00
-5.786738565669082845e+00
-1.768728027624553079e+01
-9.742758252389180029e+00
-1.834217710614038310e+01
-1.356794610957838643e+01
-1.106003188264440951e+01
-9.709971031606940528e+00
-1.343491101228470086e+01
-6.909458957361621856e+00
-9.467026322126585569e+00
-1.306562327880040186e+01
-1.077189854557772719e+01
-1.167954919811872116e+01
-1.504012503560258551e+01
-1.199504932804894963e+01
-2.449288788055966393e+01
-1.241283557588100450e+01
-1.057443541434366807e+00
-1.954127736009955640e+01
-1.364005182801288640e+01
-1.700800130936968912e+01
-9.790866585035388425e+00
-3.855566401888367523e+00
-1.784115874574358429e+01
-1.533830082973307185e+01
-6.665981367876696595e-01
-1.378839098278018582e+01
-3.801735057347855218e+00
-1.157502546804450105e+01
-3.860242159168791432e+00
-1.664434857238187249e+01
2.692703870049385273e+00
-1.160536236664799503e+01
-1.192934154668999724e+01
-9.540709014929078080e+00
8.634542472838631966e+00
-2.327634448091188801e+00
-1.009260149964531195e+01
-1.326508596697640030e+01
-1.811566708281188198e+01
-2.627297678980141882e+01
-2.180674321708575292e+01
-2.453868375723300232e+01
-1.408640821475817972e+01
4.381541162797518041e+00
-2.237473945358161131e+00
-1.281663007205506233e+01
-8.517386491368668544e+00
1.469710374068966985e+00
-1.191710205160066494e+01
-1.288022227949026899e+01
-8.732920390125030963e+00
-1.718168357212019259e+01
-7.688792272536915107e+00
-4.742583056021302923e+00
-1.341952593968812835e+01
-1.969049966407904151e+01
-1.018205115937530536e+01
-5.246690365863784677e+00
-1.518127517721978847e+01
-8.292451955845905331e+00
-5.368503843891232918e+00
-3.715773279730839818e+00
-3.911792364170125325e+00
-1.122105409345098792e+01
-1.383915371569653985e+01
-8.798304725227808376e+00
-2.470811882296179363e+01
7.783988988298531808e+00
-1.464245644515068534e+01
-1.474442957706796165e+01
-1.350353962974622846e+01
-5.671793686704234005e+00
-2.998067469221173553e+01
-7.735593414899099685e+00
-3.196919488184306601e+00
-1.376291718767407701e+01
-2.126638216665018888e+01
-2.431529809648202445e+01
-3.309583130172200072e+00
-1.188175743220216418e+01
-1.102735784670815633e+01
-5.842317381642345708e+00
-2.704048259980002911e+01
-2.033949828304656648e+01
-9.617821826066403901e-01
-1.678816238438022879e+01
-7.070422694317272772e+00
-1.594480605006982898e+01
-1.566621592218731962e+01
-2.209370795907111074e+01
-1.013117279361010503e+01
-1.755910527345307059e+01
-1.630363883956084692e+01
-1.111182645221794019e+01
-7.034245559608507392e+00
-5.254067758697175350e+00
-1.765645269080164326e+01
1.609598969481439212e+00
-1.345760780007807966e+00
-1.198043733219800799e+01
-1.336415188428878764e+01
-6.139310237071697429e+00
-3.395764584319309165e+00
-1.520506032704408028e+01
-1.277304445349200535e+01
-8.006992351024976529e+00
-2.287960520267060360e+01
-2.250645651219498689e+01
2.951396773073184931e-01
-1.260639041679182526e+01
5.580755799777278980e+00
-1.324364917022751342e+01
-1.990120669831640043e+01
8.564110244551471851e+00
-7.177942456881112321e+00
-2.673788832460772369e+00
-9.563276378307648429e+00
-1.006435175809710358e+01
3.074653170601720831e+00
-6.239328076063969775e+00
-1.155388053347266464e+01
7.946205704051720886e-01
1.340972772635922183e+00
-1.879015890670430622e+01
-6.191685130860278719e+00
-1.473926429228893653e+01
-7.800236679874700485e+00
-8.489053408362110531e+00
-1.906415356977998954e+01
1.629225062044412198e+00
-2.393872586000844649e+01
-1.961924406181215375e+01
-1.287186841347488553e+01
-1.143706038509566270e+01
-2.120482757254612238e+01
-2.449570629714192194e+01
-2.224577731405446457e+01
-8.169097040912191687e+00
-1.486104594841233961e+01
-8.142025567927930751e-01
6.026210165976891631e+00
-2.370140010011311915e+00
-8.894020072362906149e+00
-6.534292275193720911e+00
-1.252313903412624541e+01
-1.271696723424265940e+01
-5.658290932096136316e+00
-1.673685631902286275e+01
-6.723071358442680889e+00
-1.263908155842344172e+01
-1.528235710994164265e+01
-9.475194208338109547e+00
5.737021692411303775e-01
6.699521332583685762e+00
-9.457881601184666920e+00
-1.808683928018160714e+01
-2.234092039177922118e+01
-1.386922806272421838e+01
-1.519989486616650254e+01
-1.616140500404907243e+01
5.091708797082461047e+00
-1.714743522777310147e+01
-1.640443539906414117e+01
-1.126253426506347921e+01
-2.256553386955584983e+01
-1.719183304564322157e+01
-1.647326352212698453e+01
-7.522715478963419855e-01
-2.127149899684266643e+01
-3.566073275694634503e+00
-1.113466077468505944e+01
-3.215327373733359195e+00
-1.868865655075919108e+01
-7.472010425439236769e+00
-2.143622923967484439e+01
5.637272608420857978e-01
6.963492844478992083e+00
-5.265598351983086900e+00
-1.262689916060720918e+01
-2.405515136756474703e+01
-9.119554371588421304e+00
-1.515085637524137496e+00
-1.393202914927067582e+01
-8.499415771233060468e+00
-1.054935546011128622e+01
-1.802048580650043164e+01
-1.544981651350708773e+01
-1.531308011005094727e+01
5.352203720907766638e-02
2.833697097050816183e+00
-3.092750895513579223e+01
-1.381751317799100320e+01
-1.079185185427326132e+01
-1.100844085451807075e+01
-2.051377150304134034e+00
-6.307604685520786347e+00
-1.136863860540100291e+01
-2.816901898927756065e+01
-2.027758502266918583e+01
-2.424959867411344305e+01
-1.398115336579796519e+01
-2.373072351346365849e+01
-5.252212208225685686e+00
-1.877234948962811245e+01
-2.520418803685842590e+01
-2.167151471911748217e+01
-1.232969618674378864e+01
-9.518136750020815384e+00
-1.048768880467031295e+01
-2.663113557163580936e+01
-1.503555706155613336e+01
-1.317401417537612929e+01
-1.045750985009330236e+01
-1.384493758357147897e+01
-2.218611159803836586e+01
-1.673141898695139673e+01
-1.141545026118242845e+01
-1.792470457445990917e+01
-9.583500763209030993e+00
-1.831679752050666821e+01
-5.126280149084124105e+00
-1.582862966646442260e+01
-1.661654105822518090e+01
-8.243415224758507520e+00
1.810213213223050843e+00
-3.254287965382999914e+00
-3.167144675235931572e+00
-1.098299610927109882e+01
-1.376543242487106511e+01
-1.035219166854639639e+01
-2.006051646690934831e+01
-2.139498055067006987e+01
-9.740025475890945472e-02
-1.852133312448684421e+01
-1.605960731862776925e+01
2.666114021255808098e+00
-1.977739054309634525e+01
-8.683374202620271376e+00
-6.196497525600037193e+00
-3.592201080390651668e+00
-1.198109051456928853e+01
-1.150595238382275909e+01
-2.177282570100194903e+01
-1.303248653577118432e+01
-3.864154722077060455e+00
-1.138101702398731163e+01
-1.841595160864490310e+01
4.126079282794833603e+00
-2.449156003696506900e+01
-7.113918099495563752e+00
3.800094340226280565e+00
-8.585392314061309094e+00
-4.517718604332884524e+00
-2.412969442288967059e+01
-5.571203950773536917e+00
-2.849736548975087658e+00
-7.818580888309114130e+00
-2.167806967454194478e+01
-1.298006111893030834e+01
-1.414062922654962051e+01
-1.437511310534870290e+01
-7.565250920654264633e+00
-1.858943329239812670e+01
-1.780610979809762284e+01
-3.033903918673294697e+01
-2.602201210322607494e+01
-1.621712665930884611e+01
-2.262256266413558592e+01
-1.127455580605239049e+01
5.061210590777648122e+00
-4.204945861240958038e+00
-6.848140238456849715e+00
-7.414250417477859401e+00
-1.352380552226226484e+01
-1.673266771868198077e+01
-6.435784687715084829e+00
-1.590931866875820333e+01
1.572844606180169080e+00
-1.011686996359648560e+01
-1.639261035718348580e+00
-1.918786578108236540e+01
4.276419303336496114e-01
-9.743472908299537494e-01
-6.540453344377596068e+00
-1.234321356287065896e+01
-1.269503873037081121e-01
-2.110859684140569925e+01
8.685596041107430665e-01
-1.052872711227688285e+01
-1.693040486892724061e+01
-8.843775290145103440e+00
-5.163436300683017066e+00
-1.553020394162328444e+01
-1.537759653061328891e+01
-8.028685988549611352e+00
-9.605177521755948078e+00
-1.376906587418488925e+01
-9.823125694650428841e+00
-1.537482410657138132e+01
-1.534505347038508205e+01
-1.391296065869691745e+01
-1.692383289313224282e+01
-5.628751319249090557e+00
-3.202499237825790601e+00
-1.359073196022630725e+01
-1.503285068131110336e+01
-1.745558313734775879e+00
-1.841154519955306057e+01
-2.952371207749095561e+00
-1.367259869155110152e+01
-1.387817137691197900e+01
-1.671897822786424115e+01
-1.711095163033191113e+01
-1.116385806737507380e+01
-1.317508008389327756e+01
-1.150087232334738019e+01
-1.538137723553644776e+01
-2.628841359455449833e+01
-9.140955726271229764e+00
-1.205664456632062809e+01
-1.867314016578215785e+01
-4.957973053303049937e+00
-2.107086463693899248e+01
-1.010517726496458124e+01
-1.431981916203071137e+01
-1.350369818901863539e+01
-1.185543450576459179e+01
-2.568030704903560490e+01
-2.943576601614996946e+01
2.942800868244589196e+00
-6.871886980555828472e+00
-5.010451944019095549e+00
-1.016096326385854809e+01
-1.821668135979265912e+01
-1.587286171028442538e+01
-8.130371052999507242e+00
-3.745843669553750033e+00
-1.527814737909406517e+01
-1.936894536796634725e+01
-1.639732253903152071e+01
-9.636862678394805926e+00
-3.590739601821297811e-01
-4.188103079340706358e+00
-1.070014370034822093e+01
-1.067661124337486456e+01
-1.840388099039194003e+01
-1.503716437526603045e+01
-1.265027666481306312e+01
-1.851330282855779785e+01
-7.879963845807111511e+00
-8.509299981914836053e+00
-1.256197764760969449e+00
-4.173962949778157849e+00
-9.395969640737817485e+00
-1.178818104440178161e+01
3.815696207361696679e+00
-2.204262066489275185e+01
-1.751803297009634264e+01
-6.349259485122317415e+00
-1.555947071551275940e+01
-1.047554264398968371e+01
-1.184359262357521914e+01
-1.517465974940222395e+01
-1.461878785878793963e+01
2.771399525919960638e+00
-1.196967386195024119e+01
-9.246818568524190596e+00
-8.559467571677387809e+00
2.326312548299398486e-01
-1.107428819083706628e+01
-2.401288391786086152e+01
-1.038985939800298297e+01
-4.212250982985537462e+00
-7.296305950552124386e-01
-8.523441296378564402e-02
-1.514216763502436436e+01
-7.526055524499639660e+00
-1.125878918867356049e+01
-8.766829031019540253e+00
-3.185678223638419126e+00
-1.601180355089563534e+01
-1.017774146784218203e+01
-1.194190256919218029e+01
-3.485447398675106001e+00
