1.333178260854175790e+01
1.777995884719135233e+01
1.002609111396085950e+01
2.106071675163578050e+01
2.729211776588485350e+00
1.716610373238211196e+01
5.712866144450970296e+00
2.200559867660748381e+01
8.073073372509469436e+00
1.224733362915483781e+01
1.479786278008792522e+01
1.074308266803166134e+01
1.237526772320474322e+01
2.515839949364274730e+01
2.108212660813043726e+01
1.263605846814954248e+00
2.792364929697690457e+01
1.454917173768421890e+01
8.582508947082487794e+00
1.858532889201568850e+01
1.367797720690148822e+01
2.608790591957756533e+01
2.509367616002473511e+01
1.656551761060110550e+01
-7.841265303215863014e-01
3.146692994173236002e+00
1.753844179695482808e+01
1.465441178670221234e+01
1.095107396174795156e+01
1.587214629707515456e+01
3.406734021595397621e+00
2.826431095806283622e+01
2.075524382216601538e+01
2.011655349239723023e+01
2.232831470970622689e+01
4.338808483291558105e+00
1.970875169915262148e+01
1.952551284972570045e+01
9.242770612155268850e+00
4.898906663145282891e+00
1.945855072175866241e+01
2.750232577932486322e+01
1.425372966962822829e+01
2.195909167549016416e+01
2.516925235299337515e+01
1.938016923369556821e+01
1.442633634605502380e+01
1.883550146789529123e+01
1.264743996178164309e+01
1.510013734552252629e+01
1.199940431031691901e+01
1.657945739580773648e+01
3.371693514319393614e+01
2.893026543647942361e+01
1.233974227802586654e+01
2.133924984767575950e+01
2.568841411882082326e+01
1.875197456743717339e+01
1.275679427320685022e+01
2.504067363068689644e+01
1.838799918432679448e+01
6.972739925176043130e+00
2.059737618149668492e+01
1.620409711310072964e+01
3.283248887382209347e+01
1.267782542795829670e+01
2.781942507253637586e+01
1.660349434713835137e+01
1.621704825147490681e+01
1.853557194929811658e+01
2.366913805408946558e+01
1.620747895353684953e+01
1.783520770069758754e+01
2.525128888690540663e+01
1.730338355554034280e+01
1.949258069474456079e+01
2.498396422435280329e+01
8.708930338335974852e+00
2.746017383948474588e+01
7.030041495457041378e+00
2.701242640582145782e+01
1.746215891974630097e+01
1.373507133970379357e+01
1.855111318303307399e+01
2.375016421255775612e+01
1.218575366720516229e+01
2.202063567684326273e+01
2.559111620183618641e+01
1.700098569587228781e+01
2.428209278929287507e+01
1.871726860032554640e+01
2.197571106213450776e+01
2.954794203999233559e+01
1.628259723076911314e+01
2.563286528364362482e+01
1.617060386969549768e+01
3.861858614860480543e+00
6.325935472204236021e+00
1.487998119314923429e+01
2.307235628955732665e+01
2.264342503220209579e+01
1.455097376755071537e+01
2.072389729379428047e+01
2.089077567115516132e+01
9.197029844328341142e+00
1.373166799606673294e+01
2.463319950388500246e+01
1.180236909657909905e+01
2.917491549809601281e+01
2.243445322827167843e+01
1.598003324866081698e+01
1.239847586555234216e+01
1.773693259660676347e+01
9.282883355935126701e+00
1.646026374796164760e+01
2.110103302564894534e+01
1.804981100697436602e+01
2.960672932111685896e+01
1.090354293506118211e+01
2.289442820092619257e+01
1.232387790296242258e+01
2.750090878409319828e+01
1.240928355858837051e+01
1.251591940607576703e+01
2.085444666642597156e+01
1.438933203403115613e+01
1.331041203515303550e+01
1.918623670016651062e+01
1.762463879043741599e+01
1.146637980174541838e+01
4.792216326003270410e+00
2.167172005124911038e-01
2.323403438290840484e+01
9.980834016290415889e+00
1.243672757651893335e+01
2.282079079508788055e+01
2.198277182811710873e+01
2.363964245960042376e+01
2.368228363222314670e+01
2.428880514298293747e+01
1.978606526143894229e+01
1.722782251296864331e+01
1.960405411303285206e+01
1.738959038185947747e+01
2.423505714264960886e+01
1.481139402975139774e+01
1.142651602030039726e+01
9.781073754319166369e+00
1.889552377559530072e+01
1.478789023044903672e+01
2.515029072021593493e+01
1.947374519520677438e+01
8.421559097254771586e-01
2.604146186627134796e+01
1.903290299576401878e+01
2.285664643668232543e+01
1.449361743505777156e+01
1.764178529085042157e+01
1.952040332988593718e+01
2.502156825616589941e+01
2.741027632135309489e+01
1.170958080392276202e+01
1.601418980015255045e+01
1.698728498246704532e+01
1.450219290416239915e+01
8.117260098229536425e+00
8.157322508928231741e+00
1.744423104213502995e+01
2.293557387745993026e+01
8.743402773997033250e+00
1.488386978316989939e+01
2.160809174541539335e+01
2.394120913273271611e+01
1.622141506304146219e+00
2.095446334503153452e+01
1.366758817295082906e+01
2.053892857624360602e+01
2.335583298214648806e+01
1.572165130887867690e+01
1.748370858188727084e+01
7.128099225841950215e+00
1.376453790475201799e+01
7.832250360384506394e+00
1.700789063686809754e+01
9.553908286097026803e+00
1.802335200518517411e+01
1.424490582774508596e+01
1.737198194234835569e+01
9.206553810744779298e+00
1.825243446394657099e+01
1.679684175529799006e+01
7.175035908138795548e+00
1.185365461411284116e+01
8.882579944372338332e+00
1.653054066585217186e+01
1.136821704189409843e+01
1.769701677859404754e+01
6.837215432546585703e+00
9.772016039530967646e+00
1.623002156335125790e+01
1.132778505848335726e+00
2.587391598720570585e+01
1.495075667791414276e+01
6.229008865119538996e+00
1.224405208505878306e+01
6.069358942303992421e+00
1.438405710350569677e+01
1.870952816231064730e+01
8.829959131571769149e+00
2.789514783158780631e+01
6.638964579047950565e+00
2.161631732139238693e+01
1.954484632700245328e+01
1.145667253395238561e+01
5.696207624493837329e+00
7.398830989253553980e+00
8.037770335321283710e+00
1.231547442265096493e+01
2.400019015886527995e+01
1.446325142975753408e+01
9.737718389143367403e+00
1.639674677256908808e+01
2.159653796493230260e+01
2.431220031751634281e+01
1.106975308589173324e+01
2.456705455792989312e+01
8.502502606389867879e+00
2.624265677302999933e+01
1.072813530980023700e+01
2.106377335454072153e+01
-3.598903645986666788e+00
1.767450220812270345e+01
7.232486792266286102e+00
3.008248204059552222e+01
1.436795835981280334e+01
1.600840732417672996e+01
9.734823272383096082e+00
3.454276401925199735e+01
1.013192598647215448e+01
1.676745668014446977e+01
1.538721693362629139e+01
1.660305288464601858e+01
2.105793159198994857e+01
2.292353380588707523e+01
1.504307131617825632e+01
2.243204928431084255e+01
1.221464214911814850e+01
3.146555729090081854e+00
1.455822095208647227e+01
9.600550752334456206e+00
1.594846195148545576e+01
2.269721944950106263e+01
1.590085616051010220e+01
-8.527179336514763008e-01
7.211061595887699127e+00
1.560342367578454059e+01
2.465108030801009420e+01
1.829150019708833241e+01
2.154991198829414145e+01
3.946706198851472891e+00
1.340405338126558377e+01
3.256205168185047683e+00
2.531196340453256255e+01
1.583037810872424700e+01
1.535306357766602048e+01
2.146991463161936764e+01
1.238847549428555794e+01
1.288936898215943927e+01
1.546257096006641518e+01
1.923676603132287255e+01
2.456266018523794514e+01
1.001057533389487730e+01
4.397797319576540076e+00
7.377658052450925652e+00
2.233566687087650848e+01
1.444517371117636628e+01
1.626029654129428081e+01
1.961795551774501689e+01
1.395115880882505621e+01
5.000662214104636405e+00
1.182560351657103581e+01
2.277235268175122229e+01
-9.928111784306139498e-01
2.005269730316414467e+01
9.410939173059546192e+00
2.589098079126021190e+01
1.633912834093150934e+01
2.320778739836265459e+01
1.322321588182246899e+01
6.765124304437222236e+00
1.629328511503224775e+01
1.164551342981216919e+01
2.662269023212643759e+01
1.702396661794901433e+01
1.232649180362365371e+01
1.392711610414175993e+01
1.745801181697342486e+01
1.830002721101706697e+01
1.267875705799087882e+01
1.057042355456168536e+01
1.706184038636284583e+01
1.571784226640060922e+01
1.058301450783972086e+01
1.920146748482966359e+01
1.934538172231127362e+01
1.090775487327732662e+01
1.723153859003673460e+01
2.120598529348982453e+01
4.235184831539200445e+00
9.212563805803725359e+00
1.001971776259398439e+01
1.329116679619767183e+01
4.468966682831634785e+00
1.910239379434059970e+01
1.420863660558498509e+01
8.617168617800047059e+00
1.512514356555244888e+01
2.050945179851342459e+01
2.246720297066644889e+00
6.341130554067518688e+00
1.904510639506040093e+01
1.197576188894085192e+01
1.436117724014721375e+01
2.720247281622955882e+01
1.964748752860563030e+01
2.731110958410980061e+00
6.379713476772138847e+00
1.819277753822417765e+01
2.147957985685184923e+01
3.976083804391084442e+01
1.266043357914558953e+01
8.484445942758569004e+00
1.556735106661066936e+01
1.232664506624267631e+01
7.162644992408758071e+00
1.970364202904063688e+01
1.000063055553061986e+01
1.387199336203818234e+01
1.709239995371627430e+01
1.374302877454032057e+01
1.162456296563212277e+01
2.493393648639283100e+01
1.650319816643916226e+01
2.067184571659277736e+01
1.580283198841055992e+01
1.348776115808422560e+01
1.886373290281817816e+01
1.862030937335447334e+01
8.208099674991615302e+00
2.152385372830303822e+01
2.441468033905872659e+01
5.298753490496523000e+00
2.392640437108384788e+01
2.543494393317106272e+01
2.778756523464151940e+01
1.930893750565169853e+01
1.385192774053467701e+01
5.355428797310267441e+00
9.699075633143621644e+00
2.230127654315268160e+01
1.056486490622368990e+01
1.131007041562367021e+01
1.484050315414977206e+01
1.594832051640874226e+01
2.665100569838620004e+01
1.718978263348880375e+01
1.676074540053200224e+01
1.109757095732904020e+01
1.979066992309014950e+00
1.117122099133901258e+01
2.765881846086844575e+01
8.386181159303845334e+00
1.772308936862525286e+01
1.441907138352573270e+01
1.323529714474021546e+01
1.247654691513450587e+01
2.208568066232062677e+01
1.104104465948651637e+01
6.803469093837307469e+00
1.472397533934469038e+01
1.336312840179425621e+01
2.242864172314529725e+01
1.695535926185975484e+01
2.736402927606758340e+01
9.344171020300365171e+00
2.195687700154006450e+01
2.264312144164715335e+01
2.154279864739186223e+01
1.697169656357870338e+01
1.362770470254039878e+01
2.211534852854094879e+01
1.082018073525738089e+01
1.422210813960894882e+01
2.048572382604159259e+01
2.122666612708177780e+01
1.776343573204324855e+01
2.520505780121023776e+01
2.316449038591121479e+01
1.491927787517320780e+01
2.167326531556501124e+01
2.126992236255925661e+01
1.211910986888129571e+01
1.323328756688181329e+01
9.175531960524622832e+00
9.130799037861322631e+00
1.113190928908591104e+01
2.014275685447677944e+01
6.590455958876759723e+00
1.610880384505665575e+01
5.349731617640955506e+00
1.955346721562981571e+01
1.176943629297360872e+01
7.608027780075161672e+00
2.591327006181739989e+01
2.459553817473494064e+01
1.070026014680598792e+01
-4.702463016581276634e+00
9.857831828640598815e+00
1.811019455159657809e+01
1.185666714751079098e+01
1.986655733085405018e+01
1.651523404963792530e+01
2.699105442420070489e+01
1.609713282912993293e+01
1.778494340817799468e+01
4.987633479441598183e+00
2.051067415489696799e+01
2.247654786516689995e+01
1.142240470140231423e+01
1.854646830739967811e+01
1.985651899797558428e+01
1.112524660971646995e+01
2.159764794117624831e+01
5.000329958906689853e+00
2.153134049376408399e+01
2.399766622917875480e+01
1.159052789416203666e+01
2.581800684873127238e+01
1.249035072805970970e+01
1.608663379745523514e+01
1.412233483893393782e+01
2.698475463837715438e+01
1.321112152515766525e+01
2.871174918624438988e+01
9.418514688915607280e+00
7.856530318950504466e+00
2.101736056608844194e+01
9.756003851831266616e+00
1.171329795897889881e+01
1.327086661217649066e+01
1.691624423312732972e+01
7.672289312649695603e+00
2.077858094377516807e+01
1.214700316591591900e+01
1.412428792386560872e+01
1.587125493443225821e+01
2.151710833225802588e+01
3.136938785251231820e+00
1.029982136384928992e+01
2.662847322389100668e+01
1.262075065302626342e+01
1.801359234724707648e+01
2.968697050966139273e+01
1.074030640950498139e+01
1.794215833838065066e+01
5.404780834751448992e+00
1.605268980445947591e+01
2.978648852081150267e+01
1.867209705191801561e+01
8.694909115424678703e+00
6.773945759370931796e+00
1.353979496894152135e+01
1.710859381011705693e+01
1.741334180047954305e+01
1.140335977055292460e+01
1.360377048900517138e+01
1.952614324478049213e+01
1.502989533902396602e+01
1.818495425637036789e+01
1.189748469952813537e+01
2.434900271519537540e+01
2.329917801544041112e+01
2.579398554290473555e+01
7.142514893182521973e+00
8.910832900667273293e+00
1.354480029359437765e+01
2.102404946262836916e+01
1.966127313489322859e+01
2.220488102944253228e+01
1.929962076042578190e+01
3.240837908678454937e+01
7.876813862070193295e+00
2.443105381247260510e+01
1.691361631884473127e+01
2.076511218394745129e+01
7.902223044911082184e+00
1.564684926467181469e+01
1.389101946288384681e+01
2.195855545432409173e+01
9.958942136565013925e+00
2.464395218664462561e+01
5.218641739669877211e+00
-8.437754233406536741e+00
1.393954825858151025e+01
1.493793655905804485e+01
1.307099359328233845e+01
6.654115553276284345e+00
1.896155974572091907e+01
2.125937427741367003e+01
1.246333760595734930e+01
1.237240711630275314e+01
2.426522006452308489e+01
1.887709047888351677e+01
1.802885198144477386e+01
1.781536308813013392e+01
1.450309802514760804e+01
7.987775559548211390e+00
-1.460053498822787788e+00
3.670350085044660204e+00
1.791913060429787663e+01
2.743395673284616265e+01
1.091835097482395156e+01
2.206865826887516846e+01
1.627097366430541570e+01
1.701973372863284339e+01
1.147430255937867116e+01
2.537209418053016918e+01
7.525406721337020599e+00
1.679247056561400342e+01
1.798763963926730725e+01
2.661519884862434537e+01
2.721812227201145618e+01
7.707558561697481991e+00
5.446092931928959047e+00
1.473091345340273506e+01
1.883048280633050808e+01
2.994433921256023723e+01
3.255277406782496996e+01
3.974836574576776371e+01
1.189494266726521232e+01
1.491034253231781292e+01
1.608141526612585892e+01
2.497683344880062606e+01
2.250231965403307299e+01
1.226308556346523915e+01
1.904973215768339401e+01
2.882729424028822507e+01
1.073717100170944150e+01
2.752149467074600864e+01
1.348175226164188700e+01
9.969938918086171498e+00
1.982808487261731045e+01
2.470065556650192207e+01
1.655670660066824951e+01
2.893562669946523158e+01
2.214378418303865459e+01
1.673888164549843793e+01
2.835678067789829981e+01
8.961947246453476623e+00
-7.497581462616793146e+00
1.511104942012113383e+01
1.883595026130939942e+01
2.173452876318154381e+01
2.204373369384610726e+01
1.050579138607473340e+01
1.480088919731419139e+01
1.495916908415043167e+01
2.681172421130868599e+01
1.823324176066333280e+01
2.276758221933595649e+01
1.021070830214294745e+01
2.126943863210152585e+01
1.808911606889321888e+01
2.033847557320939359e+01
4.107048919866869596e+00
2.742378574982457451e+01
8.928726025984644821e+00
1.463046373980662906e+01
1.878556188830162910e+01
1.218683512697977989e+01
1.583826411055621008e+01
-1.198299936051142822e+00
1.917498792311241118e+01
1.556005693053151617e+01
2.312597576215512163e+01
2.102280933618673942e+01
5.212788688967677331e+00
2.281816878567586571e+01
7.154309205376350178e+00
4.570244489862659520e+00
2.562262394492772444e+01
2.492984384939388320e+01
1.011539397005172702e+01
3.582777589959135867e+01
2.441347420062673734e+01
6.379744962620904403e+00
2.175958214561838133e+01
8.039052496439282436e+00
1.268790086310914944e+01
1.145655229580714263e+01
1.242387538230161681e+00
1.920560825652091808e+01
1.310985275043422860e+01
8.993522364332903862e+00
9.099317243592281557e+00
6.021386295081640583e+00
9.156707937657543539e+00
1.586782944650599347e+01
1.478280130341721588e+01
1.894778175657648944e+00
1.404121476782262334e+01
7.307336816483157804e+00
2.517405132223080244e+01
2.511495078486279908e+01
1.019058219701790335e+00
8.171954014621718443e+00
2.583391149001850806e+01
5.336966284860707788e+00
1.996217888730404866e+01
1.262242654944604681e+01
1.542925186246831970e+01
4.949045890160149952e+00
1.667329224691032863e+01
1.645745413198531537e+01
1.061824229352353655e+01
2.046183825409816848e+01
2.040263499442366424e+01
2.208336348741112687e+01
6.715862605617246572e+00
1.077572020849112278e+01
2.648200799681372075e+01
2.474358677057466593e+01
2.078203265479569950e+01
1.227943965535143889e+01
8.856180119167547105e+00
2.394936688734442498e+01
6.503253484606275947e+00
2.185657652713980781e+01
1.180176745637912461e+01
1.101433396497836270e+01
2.345724603871021685e+01
9.290136981842991304e+00
-2.297245751110210676e-01
6.483664354957298315e+00
1.026610572709780911e+01
2.836212524309956251e+01
1.080675954386693149e+01
1.346787581594273320e+01
1.482667393205599637e+01
1.762189390692338975e+01
1.704945373256569496e+01
1.155373142328647873e+01
2.320495174679599870e+01
2.108191346593790882e+01
2.463994404186161802e+01
2.037374275069365837e+01
2.405305306883153094e+01
2.909092210173677984e+01
1.423816124046780374e+01
1.515386000566219593e+01
1.966716298365209070e+01
2.293458891168623381e+01
1.361218668634434437e+01
2.937873825759961477e+01
1.530973091420332821e+01
8.659668093493507968e+00
1.018056043749966477e+01
1.580235750849887211e+01
1.845475492901633174e+01
2.180468787559448174e+01
2.257614319034824746e+01
1.789936296634779467e+01
1.526412148173864125e+01
2.275224686920016381e+01
2.325583896921499161e+01
1.805791950670143819e+01
3.311634970732850292e+01
2.187598932428407750e+01
1.419932850266516766e+01
1.109262914268502698e+01
1.212641672075204724e+01
1.760180055295059276e+01
1.300607192538669210e+01
1.719381814127528685e+01
3.693607090363059342e+00
1.389582983421148299e+01
2.657644416616924588e+01
1.128730923752250703e+01
2.303820065204413936e+01
2.136717417608097946e+01
1.690705681932313098e+01
2.588535355337428712e+01
1.484753813398140210e+01
1.712104573166314481e+01
1.946253197526961998e+01
2.624584986146767562e+01
2.253504311247093739e+01
2.763661632308680538e+01
1.510847120763092732e+01
6.260423650940325047e+00
1.607533012351079549e+01
1.138219009466924092e+01
2.060926131456394472e+01
2.719821106481638395e+01
9.282833663416866443e+00
7.671169715966072999e-01
1.498147767505696493e+01
1.325864528249222474e+01
1.817442877296439008e+01
1.182958281075070772e+01
9.449357222510826659e+00
1.403411431905134066e+01
1.566167232076500682e+01
1.664630073728295656e+01
2.310948965908764308e+00
1.081881249670401246e+01
1.737779144873132964e+01
1.289127415113509301e+01
2.180959494252572028e+01
1.545411764332806115e+01
6.475343610115189108e+00
1.446420380702153352e+01
1.609331459680606713e+01
1.784092256861708847e+01
5.238031436390556905e+00
2.092397778137617337e+01
2.984419074689467521e+01
1.859488235389648025e+01
6.405181290020948381e+00
2.300683922422746264e+01
1.356389116469151190e+01
2.081222016547511089e+01
2.429628518901850498e+01
5.830119883430526784e+00
1.879767948187302551e+01
2.067934042223284052e+01
9.172819304228312376e+00
2.662154701660316647e+01
1.936213781453312777e+01
2.317126832927131375e+01
2.105524557600816138e+01
1.259161490187035781e+01
2.037181063312430496e+01
1.655128684722470211e+01
1.987276708612673559e+01
1.935919337443466759e+01
2.101407937546456139e+01
2.060463018891708487e+01
1.844214521199151591e+01
2.813758216057675554e+01
1.138707598164256751e+01
2.118733473139189982e+01
2.949596399047723594e+01
2.128786315293216092e+01
1.482887793098737461e+01
2.016958239215666282e+01
2.110041558783614590e+01
1.898933151820449439e+01
1.982109769290969581e+01
4.107000973789880049e+00
2.144469112242563114e+01
2.461452351696069485e+01
1.795230580031598322e+01
1.331357465712352450e+01
8.542124255760370488e+00
1.648085270556649817e+01
4.971929177472986794e-01
2.188541363299225395e+01
1.645954893633997074e+01
1.141704936901342649e+01
1.563977144676123032e+01
2.210961330794989266e+01
1.997685215022171690e+01
1.744197928312104295e+00
2.543552465375800153e+01
6.634812072600780652e+00
1.960901580829714419e+01
2.061439451031191084e+00
6.425152843856608342e+00
1.806286858108491344e+01
2.029035777273468000e+01
1.498461431762393659e+01
2.184655654870087460e+01
1.994492059374408655e+01
1.454322620197956439e+01
1.896226852892914394e+01
1.307517594291755358e+01
1.306859553630926030e+01
6.217842283578249862e+00
2.675284951285304658e+01
1.976904817764922484e+01
4.893298917194229603e+00
2.200335406140998629e+01
1.606117873849395039e+01
1.032288854672361822e+01
1.788112870525218057e+01
7.556309519531481556e+00
1.165809175072321580e+01
2.384072499248932786e+01
6.847524724922010364e+00
2.654760484665158771e+01
8.654168837511463153e+00
1.391728491095527431e+01
1.273891836254539101e+01
2.960338767568275387e+01
2.595687112266736563e+01
1.600272503921578959e+01
7.593622621356260538e+00
1.546582421314094802e+01
1.457272954635055839e+01
1.642788231307113023e+01
1.593501412041014476e+01
1.295209882903270682e+01
1.851196358028606426e+01
1.578632568703291383e+01
2.861511088526228264e+01
1.281408995728979505e+01
1.058203267144061499e+01
3.419324800903518735e+01
1.442115623999409024e+01
1.828035721147849557e+01
2.073921491185474508e+01
1.540592424543189054e+01
6.164069624098459599e+00
2.487175589747349846e+01
1.685813519355789936e+01
2.448042864475868186e+01
1.173667710381965890e+01
2.084156788831487006e+01
8.217730724951493926e+00
2.517770370611748376e+01
1.371439616993366428e+01
2.047333421474051107e+01
1.039429523305861380e+01
2.505852005876424471e+01
1.403231658590458153e+01
1.620021140595592612e+01
3.087119172070615747e+01
1.828076046537867683e+01
1.026082668410116838e+01
5.404339803313803259e+00
1.965881728794190053e+01
2.552283138044159472e+01
6.615356913463060096e+00
1.418421472651237991e+01
7.303384104027131229e+00
4.019424516160157168e+00
7.912914659692305008e+00
2.620267628109783686e+01
1.008271845083153551e+01
2.185275730862207411e+01
1.237087681781767401e+01
8.760153359582247390e+00
1.321323040024900308e+01
1.502576370619091506e+01
6.863600001060035538e+00
3.100271184448203599e+01
1.892073287956671379e+01
1.834413486327380838e+01
4.184022662032261053e+01
4.365162812088257738e+00
1.944702717514900314e+01
1.174286125781866019e+01
2.827392112293680526e+01
1.536379698433930230e+01
1.753448011030505427e+01
7.308979484510459201e+00
9.619081731956669046e+00
1.694785633490347720e+01
1.728613626695381811e+01
2.132288676399113569e+00
9.053477856502340160e+00
1.540934338660385094e+01
1.439355293410116587e+01
1.869507238229707013e+01
1.402970891729947311e+01
2.383162068488505270e+01
2.605894672437733561e+01
1.762883869343406218e+01
1.519846475501056204e+01
1.405354825557549248e+01
9.491606858441315353e+00
1.667982478928220758e+01
8.002302149973829160e+00
4.783402484973464652e+00
1.220138548650851362e+01
2.126257631849897223e+01
7.730714126545663589e+00
1.874342940728723761e+01
1.611254001081390186e+01
1.033540297121793117e+01
1.749074027523558073e+01
2.571575574454822544e+01
1.442331023129244727e+01
1.548403294414518427e+01
1.347694193685317998e+01
1.753057663317157733e+01
1.763226387439054577e+01
2.207972964547391115e+01
1.823471374819337854e+01
1.124411872166369619e+01
1.884492055561005230e+01
2.570873284667688807e+01
1.531584833575266202e+01
1.998039990808272393e+01
1.606845275543270191e+01
1.756011873222769282e+01
8.258392544855396977e+00
2.247723736764916680e+01
2.035619029436611527e+01
7.553959643605537622e+00
9.318401799314216305e+00
3.171610481276442073e+01
1.506592479681864916e+01
1.793682486089973338e+01
1.478621238566294949e+01
2.209126827297299656e+01
1.415725983498747098e+01
1.676236387083424972e+01
2.473090546610066554e+01
1.924288633211476451e+01
2.338953842499358871e+01
1.885294012017328669e+01
1.131365929004527970e+01
5.044502782576486766e+00
9.885672966686456675e+00
7.558501209027525647e+00
1.283438447112715153e+01
1.700292178819867672e+01
1.122562180330692172e+01
6.428721215621521878e+00
6.140828716442626956e+00
