-5.324777008579445692e+00
-1.502918569727950171e+01
-1.403856333750110252e+01
-1.878314545504991884e+01
-3.130229706335811102e+00
-2.317658024773152192e+01
-1.210844724276891782e+01
-1.683720569816746604e+01
-3.760369286778100673e+00
-1.516956321609214342e+00
-7.309450151522582928e+00
-1.458591922662444063e+01
-1.275342124171008606e+01
-1.262781687153112387e+01
-1.999242084766368066e+01
-1.740715086641102971e+00
-8.862958172209502550e+00
-1.015826455601374789e+01
-1.794640752299751796e+01
-2.722925127099561848e+01
-2.529710743694478481e+01
-3.063838215572016566e+01
-3.049730249832319373e+01
-1.842557305070192797e+01
-3.050364305518027663e+01
-3.933879477562994964e+01
-2.566647847913796454e+01
-1.355386242744013714e+01
-1.493414719699811144e+01
1.133314062623199447e+00
-1.939871240286279885e+00
-6.817645452576783782e+00
-1.905817566045283229e+01
-1.608736188414961532e+01
-7.766334115841047492e+00
-2.160495236249124673e+01
-2.028284698923766882e+01
-1.142627844392602299e+01
-2.156488096669387744e+01
1.005781961014349690e+00
-1.218860648886609965e+01
-1.449441814343458645e+01
-1.784001491519659055e+01
-1.492413986217783872e+00
-1.033632593896362550e+01
-1.395611632148386150e+01
-9.680704138020345795e+00
-2.628548213908842968e+00
-9.510423751745221921e+00
-5.728284328251859847e+00
-1.268678468477293109e+01
-1.265951894454398996e+01
-1.043088739039599488e+01
-3.960699020977884288e+00
1.171920008008427772e+00
-6.462722076078847522e+00
-1.482322281236801587e+01
-2.234905124864084769e+01
-1.557224226385130805e+01
-9.509216755964459367e+00
-8.611393559912926321e+00
-1.142351911138038645e+01
-3.603301018654960330e+00
-6.490693638355125472e+00
-1.425689415877425859e+01
-1.449567021794781851e+01
-1.775858584089084502e+01
9.863540482997734671e-02
-6.924641793035121395e+00
-3.159536798016119974e+00
-6.182178133066997816e-01
-6.839648851658608919e+00
-9.668915199699682717e+00
-1.179080024260461812e+01
-3.128826639807542165e+00
3.673520237688506995e+00
-3.068476520975748656e+01
-8.890767977704953751e+00
-7.318908327636279409e+00
8.711577481663823619e-01
-1.299181306021959870e+01
-1.373664029566256772e+01
-1.950331648942230345e+01
-8.606301884911388811e+00
-1.815396849871959262e+00
-5.338109605925524193e+00
-5.546436203181272617e+00
-1.084661728404319092e+01
-7.696885867052145613e-01
2.387252587963899941e+00
-1.128147591045720333e+01
-4.403193896424440368e+00
-9.492809330504783816e+00
-6.247496880937703168e+00
-1.592079671762218140e+01
-2.920274556323477100e+00
9.156854016035552490e+00
-4.227292404381401525e+00
-1.800756562201446798e+01
-1.148589256949176729e+01
-1.381135256369300635e+01
-1.402474643623924067e+01
-1.016794848877412960e+01
-1.051971899989354142e+01
-1.269398309289182691e+01
-7.933854993844235537e+00
-8.994438949633888569e+00
-2.115555745748172001e+01
-3.029700072564179436e+01
-1.774408461980901563e+01
-1.871463299091584531e+01
-1.106205617893235171e+01
-3.306235907235716809e+00
-2.805383593138188303e+00
6.222416787959161866e-01
-1.422581887974700976e+01
-1.468104391691274202e+01
-1.245080970113922092e+01
4.794528796797408177e-01
-2.040755907406020242e+01
-7.718048676087363447e+00
-4.082468488456456157e+00
-1.218188275683520772e+01
-1.209226791841042825e+01
-1.820816785781970282e+01
-2.020351160948420954e+01
-2.666968477430202711e+00
-8.130657305174509020e+00
2.118157857344414197e+00
-4.000788404693196298e-01
-9.209119163174960931e+00
-2.902837453856321304e+00
-5.043756026689337091e+00
-8.962358235336964185e+00
1.206427576866261120e+00
-2.491664106898781483e+00
-1.765875948415100538e+01
-1.085328691783578847e+01
-7.361191666956543145e+00
1.680184559954824408e+00
-1.197302320216356009e+01
-3.877105773201591887e+00
-1.945413457762886367e+01
-7.033757167361613938e+00
-1.817800029835890996e+01
-1.865317876476741787e+01
-5.221035357814827194e+00
-9.645513598716917159e-01
-2.134790757446847920e+01
-3.045243754992370100e+00
-1.387153320535976775e+01
-2.349177891183484235e+01
1.217046979833082787e+01
-7.167669238941542176e+00
-1.277653930512542502e+01
-1.982196624797208528e+01
-5.487111414478789584e+00
-1.471696609131467426e+01
-1.230301343725214736e+01
-7.081539199033628051e+00
-1.672174813221232625e+00
-1.934594925746186789e+01
-1.864230769212586836e+01
-1.884915515373492667e+00
1.035202855061868377e+00
-9.661227132474266455e+00
-1.765349877441764193e+01
-9.836441291050064706e+00
-1.997939355453098642e+01
-2.350207694461464314e+01
-1.330471971398314679e+01
-1.683968829812127410e+01
-1.133756831878324078e+01
1.118472692225192588e+01
-1.693502115143884623e+01
-1.317206926692438174e+01
-6.464106107913949018e+00
-1.635042531438442381e+01
-2.160047443453086657e+01
-2.315111618811782535e+01
-4.798031205738865879e+00
-1.315422722557126178e+01
-1.782587664384844572e+01
-1.789228968917851148e+01
-1.155366075932448666e+00
-8.633009422064887417e+00
-6.253739756271301076e+00
-8.155957080865078979e+00
-6.264035840801355448e+00
-1.212312013770298336e+01
-1.886957669560868567e+01
-7.345418934656350984e+00
-5.520266505565956550e+00
-1.720843680855620050e+01
-1.458636564746171871e+01
-9.834403694544619157e+00
-1.884122769084260085e+01
-1.044228198642446159e+01
-3.427756089828103825e+01
-3.177043087359946583e+01
-2.422720557690453802e+00
-1.428756179664731008e+01
-1.563559337522227111e+01
-9.842130862646286005e+00
-1.109879020320828147e+01
-1.840543862057684521e+01
-2.321864958844894034e+01
-1.221340753682663660e+01
-1.596823851591435073e+01
-1.025750586102728334e+01
-1.078051247899799137e+01
-1.071832833956410980e+01
-1.551078430538063913e+01
-1.695085066064790169e+01
-2.541467370511284685e+00
-6.360226268651885562e+00
-1.318331044694119214e+00
-7.128710660235483942e+00
-1.420258044363112049e+01
-1.152527471435273299e+01
-8.819660717763582625e+00
-1.035849457786018490e+01
-5.973728901456681228e+00
-3.717316444578003143e+00
-1.275042598945580608e+01
2.897574246121806141e+00
-5.843595766516841650e+00
-7.961300479750505588e+00
-1.707409227764642878e+01
-8.480789904280342739e+00
7.866896724911867977e+00
-8.488808665877087378e+00
-5.404895873309854437e+00
-2.101940517807609865e+01
-8.788607694413201443e+00
-5.603294635946653557e+00
-6.917218542036096096e+00
-8.806800011638912906e+00
-1.600041825348711200e+01
-3.351062577606114701e+00
-7.339594770377274813e+00
-1.359450216575181969e+01
-1.435861278478554937e+01
-6.987726004573502792e+00
-1.253376547673032348e+01
-1.533597122554138537e+01
-5.826670718552236394e+00
-2.318735490732534288e+01
-1.846924487099410328e+01
-9.490528271680702233e+00
-1.143389089164197969e+01
-7.900663881147622192e+00
6.100571761777885627e+00
-1.281286218607166916e+01
-2.092809719412500158e+00
-8.529480291590289198e+00
-1.176116637085874572e+01
-1.488308185610567591e+01
-1.251115223326453929e+01
-3.532498729571362617e+01
-9.150716315349384899e+00
-1.349397517992244389e+01
-1.609694720320310068e+01
-1.246681111109835172e+01
-8.535244798392341181e+00
-2.166521017731554366e+01
-2.208698423143667355e+01
2.771313468737588437e-01
-1.726445002884392466e+01
-4.978432893108248436e+00
-1.056904231187698429e+01
-1.767842800157102090e+01
-1.250635714647398800e+01
7.639103700123939689e+00
-4.375477769754951396e+00
-1.267004321047313908e+01
-2.254207417398622226e+01
-1.357233070678617537e+00
-1.136482216022631064e+01
8.471747108359295453e-01
4.456807642293568961e+00
-1.632129936024652750e+01
-9.527743597911822349e+00
-1.486685718383316157e+01
-1.687836213921971762e+01
-1.839300461761226302e+01
-5.856425154508386299e+00
-2.048813800738531654e+01
-1.021800248140556278e+01
-1.334553255122845883e+01
1.792859854366355421e-01
-1.241301871590962946e+01
-1.747246442668539146e+01
-1.347651088933953645e+01
-6.943164548900426780e+00
-6.251231561724523544e+00
-8.673146472998027434e+00
-1.059233212031226401e+01
-1.976645876015201964e+01
-1.145138500705382967e+01
-1.627849520108891568e+01
-8.738632114080189695e+00
-2.394152974006350121e+01
1.343701761663467664e+00
-1.541286521392289899e+01
-6.862842755656231475e+00
-2.458103950073478927e+01
-1.666560876722418527e+01
-3.182733561427212976e+00
-2.108909902439660300e+01
-1.315988710204240419e+01
-2.717947728850228373e+01
-9.790124928444384977e+00
-2.746544222842912575e+01
-1.832557059721210635e+01
-2.645156662360406585e+01
-1.685791215522954190e+01
-1.906687173175291150e+01
5.601577529852875159e+00
-3.055306507747232558e+00
-4.641013900841088002e+00
-5.610414635540792005e+00
-7.148484032662210552e+00
-6.574219304660815055e+00
-5.547839272234114105e+00
-3.557860144259734625e+00
-6.218993212284360084e+00
-2.006392754474266837e+01
-1.599437848729128575e+01
-2.611602525365151450e+01
-1.476767325434008171e+01
-1.475631301143583585e+01
-1.164087403485250150e+01
-9.703306203872259061e+00
-7.218130385301179786e+00
-9.936212193655066471e+00
-1.000271827458956864e+01
-9.148333282867710636e+00
-5.304357920359365153e+00
-9.955303651907200901e+00
-8.617413449861984986e+00
-1.371556041737288467e+01
-3.323965662602830662e+00
-1.788159763438196137e+01
-1.845391430343123318e+01
-1.869492552795666995e+01
-1.573425356517603291e+00
-2.331103733354770213e+01
-5.627057423400685821e+00
-7.225414283045637376e+00
-2.433546065163810113e+01
-8.920383130375498126e+00
-2.147460381846893540e+01
-2.165519498065060588e+01
-1.105832802505982215e+01
-9.923471153393620625e+00
-3.709393578726391638e+00
1.588259969650806624e+00
-2.978090157530914439e+00
-4.401200359796561656e+00
7.680313491258488057e-01
2.454653164610192562e+00
-6.149987369063396159e+00
-1.422028320263574130e+01
-6.635068843435817598e+00
-1.442343111759682017e+01
4.222875247718320679e+00
-5.498656978283335661e+00
-1.087899700250650881e+01
-1.142752868009455369e+01
-2.124911501355872190e+01
-1.087201194454590336e+01
-1.690183916890602234e+01
-2.151081785553841996e+01
-8.688431667914258583e+00
-4.831584937652635858e+00
-1.590109073747588297e+01
2.915760178193806951e+00
-1.675882863492742558e+01
-3.796888000205271396e+00
-7.794074892023246548e+00
-6.900387189517317665e+00
-1.469678582700439051e+01
-8.857292209465711608e+00
1.770783745854203062e-01
-1.830484979631592068e+01
-8.330354339456704338e+00
-1.071453384296295042e+01
-7.128975421078678210e+00
2.202451488639084687e+00
-1.331243596399762907e+01
-1.506699391225826901e+01
-1.097702395190142965e+01
-2.427350605237234049e+01
-5.156999395388623952e-01
1.492104668485382035e+00
-1.737965772929170782e+01
-1.358944415007786688e+01
-1.155868853488192372e+01
-2.199150308611478977e+00
-1.371626615379052794e+01
-7.309712934418882924e+00
-1.423908110922496917e+01
-2.253207426620974729e+01
-1.980681857992277628e+01
-2.655719455399562889e+00
-1.341647398616102294e+01
-7.017108133962850047e+00
-1.322046081833244102e+01
-1.156410618418766489e+01
-2.495612573668776690e+01
-2.171194762693663449e+01
-1.389664834778128011e+01
-6.067559126929467084e+00
-1.550893610943532508e+00
-1.071144297893965813e+01
5.319833298734693017e-01
-1.730705730153567856e+01
-1.368690761711046378e+01
-1.454365914768654022e+01
-2.238486205670018592e+01
-1.670465978924075046e+01
-8.166926099340315659e+00
-3.844114187317572373e+00
-9.040445961531304420e+00
-9.159869647898347012e+00
-1.113455909793918863e+01
-1.593109739262484936e+01
-1.500197464486572585e+01
-1.295638060100954192e+01
-5.036453387619900468e+00
-2.531555785227138244e+01
-1.459194786304375668e+01
7.194661477679446193e+00
-8.055487506307400736e+00
-6.053356279418238728e+00
-8.800949708370211511e-01
-1.406311615554938044e+01
-1.006930660399240196e+01
-6.299108115054352197e+00
-3.899793155642726106e+00
-8.715099246956867773e+00
-8.687986207489927892e+00
-3.102075199052734433e+00
-1.157635811782998303e+01
-6.475526574865668294e+00
-1.908096569123144093e+01
-8.168167314600879081e+00
-1.620040975070787681e+01
2.545269241433743446e+00
-5.428450389661449549e+00
-2.272320996148101813e+01
-1.923369732853612390e+01
-1.503737977114808189e+01
-1.812521231996436200e+01
-8.449454715852581899e+00
-1.485140796521289985e+01
-2.390140535588423631e+01
-4.077248793074829791e+00
-1.471159205963202510e+01
9.932050142654418323e-01
-1.150450150896330115e+01
-1.639883207464896486e+01
-1.955592463116583701e+01
-1.755498026800665912e+00
-4.241867256979986678e+00
-1.792506182387282365e+01
-7.155936714214050198e+00
-1.951665217112362427e+01
-1.662041752315791143e+01
-1.300156736088354137e+00
-1.232117995984378922e+01
-8.786114822970858995e+00
-1.445025016047294741e+01
-3.086440542063016323e+00
-1.332481560067590465e+01
1.176299169202053463e+00
-1.107786546684194207e+01
-1.264347923206922530e+01
-3.833303213861967151e-01
-1.929201223258321818e+01
-4.051206676909757221e+00
-1.382250384269130450e+01
-6.813975879793886747e+00
-9.104849669504872622e+00
-9.279475901610766186e+00
2.419033133924330059e+00
-5.742922833136773875e+00
-1.611954087070785135e+00
-1.235604396338280253e+01
-9.719315749461827636e+00
-1.365421858506050512e+01
-1.611693435458560941e+01
-1.932872355137217824e+01
-2.409497237332027453e+01
-2.249384067381956243e+01
-2.702765261634806393e+01
-2.938008443578539186e+01
-2.414807224049947365e+01
-1.700844865002484596e+01
-1.474707310897504442e+01
3.182584542323695587e+00
2.676900484090808163e+00
-1.422699586740220923e+01
-8.497074453125634363e+00
-7.577259673892868364e+00
-1.601291053310659152e+01
-1.363469029158275703e+01
-1.693874526594902363e+01
-5.321502359527414683e-01
-1.137587065288030885e+01
-2.081428422340626128e+01
-6.424739410982212462e+00
-1.676112610237507283e+01
-5.320384698737100848e+00
-1.550153849686434171e+01
1.074830568417198151e+00
-3.587848939751300748e+01
2.311678414209879406e+00
-1.411060396712696274e+01
-1.622530813629651902e+01
-8.544883950316844334e+00
-3.911751226332199849e+00
-9.946355386716149383e+00
-1.780851175680791698e+01
-3.379315212037425908e+00
-1.375588308028957840e+01
-1.638448211529552623e+01
4.953769469286214644e+00
-9.661095498790601255e+00
-1.711173441720119115e+01
-6.854623832351435908e+00
-1.600532645891466643e+01
-1.016475488636987734e+01
-1.430919012975341786e+01
-2.081858433385190210e+01
-1.667645465196495991e+01
-1.755686294632145916e+01
-1.413137007100202425e+01
-1.550375471214762513e+01
-1.460496101785584244e+01
-2.042594188181492143e+01
-1.675279276043947618e+01
-2.947186511046648150e+01
-2.176778528843807692e+01
-2.315886088905742213e+01
-6.674392548178786910e+00
-1.231775573967324533e+01
-8.736085484133539580e+00
5.214046406584600390e-01
-8.425136575858303445e+00
-1.031512941801916838e+01
-3.014502670734643175e+01
-1.978960889119341005e+01
-1.273761301703882509e+01
-1.153673971153953914e+01
-2.192550581856868064e+01
-2.426529276856206252e+01
-1.936662406178398044e+01
1.093456196828670102e+01
-1.333314318815364174e+01
-9.517289704881449097e+00
-2.174300668751133969e+01
-1.673735480007663057e+01
-1.018834179939479156e+01
-8.219785585097227454e+00
-2.148279328808894206e+01
-7.646308646877841397e+00
-3.786457934917251578e+00
-9.842985661895824023e+00
3.564893268104896151e+00
-1.237310278746959114e+01
-2.105976096280789989e+01
-1.371129959971966628e+01
-3.010688605792410044e+00
-1.211382812520980679e+01
-1.898207398603474871e+00
-1.298203591341490437e+01
-1.332527980074756613e+01
9.447299083359126826e+00
-8.520049882822064546e+00
-9.940378910969656090e-01
-8.259542073628921344e+00
-2.500858485412933874e+00
-1.694289937841486449e+01
-5.858014935107888732e+00
-1.766607680065152408e+01
-1.668624103738711995e+01
-2.670684726047440449e+00
2.996891552396419911e+00
-9.059110272820191767e+00
-4.293600955500920691e+00
-5.064637071110013267e+00
-2.265495226987046351e+01
-1.075230596641812042e+01
-1.718293524602671596e+00
-1.173218137320054666e+01
-2.367095433759166667e+01
-2.242931968585779146e+00
-1.737931782223041921e+01
-5.781586786240524134e+00
-1.761518100642942386e+01
-7.890657864616017036e+00
-1.441590026375801870e+01
-3.128983647758758480e+00
-2.710432456638145027e+00
-1.245829404659626505e+01
-1.068095502765606852e+01
-9.320568966420509582e+00
-8.077373897533533409e+00
-1.119532921348715604e+01
-2.389164370222350442e+01
-1.264651779578912283e+01
-6.914679982215247378e+00
6.472057153514484185e+00
-1.537344413581818969e+01
4.813859743811406133e-01
-2.819918313889786532e-01
-2.150942002810194253e+01
3.380674970809565139e-01
-7.233253757545838880e-01
-3.849679212062682154e+00
1.648351934466020907e+00
-1.397610790593492425e+01
-8.808979872331605065e+00
-9.550821205035049388e-01
5.924873234838798908e-01
-4.740124060038752418e+00
-1.978208845410453876e+01
-1.461703993917222988e+01
-1.473769078517723585e+01
-5.260502793197929350e+00
-1.049935759019722070e+01
-1.377393629403582054e+01
-3.099016914253147092e+01
2.494292821792939208e+00
-2.147930008471084307e+01
-1.651059929178654784e+01
-7.783210019325579765e+00
-1.827154562349568323e+01
-5.689333873985788159e+00
-1.392761859144360415e+01
-1.990387398840780975e+00
-8.756807271026218586e+00
6.079026113418848354e-01
-1.109696686034175173e+01
-1.430235667351354323e+01
-4.873706403605282844e+00
-4.561684414250478881e+00
-1.390664262363257819e+01
-1.664635497934914099e+01
-6.750606369093276271e+00
-1.512940364584889608e+01
-4.181545479283954592e-01
-4.162939578108066030e+00
-1.184145609037652491e+01
-1.909339817596514877e+01
-7.441309273324378637e+00
-4.324217279179435991e+00
-7.164373636613092344e+00
-1.271900660782370096e+01
-9.655314132475041333e+00
2.158711469033264052e+00
1.811070089903950020e+00
6.640032806659235121e-01
-8.798898190777379114e+00
-1.286508447872967054e+01
-1.048348461176199464e+01
-1.858629570675472564e+01
-1.288032796340313269e+01
7.922757791384356096e-01
-1.050949774325214037e+01
-2.803979603757255745e+00
-1.211475337726800205e+01
-1.831580211536746106e+01
-1.745554046280594207e+01
-1.983136303461139960e+01
-1.657496039788510700e+01
-1.126455500881206717e+01
-2.409695402508522477e+01
-1.587447319308991212e+01
-2.020820882247744521e+01
-9.848800326884941114e+00
-2.755673115077385660e+00
-1.668825480151951979e+01
-1.341522103366285990e+01
-9.385762625817520188e+00
-1.270000287810488260e+01
-6.430467286421801987e+00
-1.771305676231801840e+01
2.690585246862283952e+00
-6.870771089458600045e+00
-9.476722601115199041e+00
-2.915871253043351885e+01
-1.080990666043062731e+01
-9.740579548344470595e+00
-6.155113810653460860e+00
-1.022376309462754307e+01
-1.504868252834749853e+01
7.844715889591299174e+00
-1.099774699249660159e+01
-2.194588471598603974e+01
-2.721407313634865943e+01
-2.363056399741614655e+01
2.578276907526628747e+00
-3.343438138438429519e+00
-1.574240502422226484e+01
-9.635916407517200355e+00
-1.834613986495757842e+01
-1.942978546292266628e+01
-2.285931591108183625e+01
-1.753404689064892352e+01
-1.545341359920598734e+01
-2.342619810058108953e+01
-6.141200366407701949e+00
-3.316454760694782067e+00
-7.752459473118008759e+00
-2.953064738143055479e+00
-1.795815747618047453e+01
-1.378981107386226768e+01
1.090134353883627227e-01
-8.905341074559302683e+00
-2.183502343414407676e+01
-8.410238171338164648e+00
-2.334322596841634834e+01
-1.629616764716492128e+01
-1.446850805620404401e+01
-1.007094465703508490e+01
-6.658940479035592830e+00
-1.636878633521899928e+01
-3.125350400341091017e+00
-1.936964190958704535e+01
-4.177514723495320936e+00
-5.110437662170397743e+00
-1.246318812446814661e+01
-9.211684412045471504e+00
-1.090064260071699209e-01
-5.057599025310665297e+00
-1.461867606832879574e+01
-3.427465613584061543e+00
-5.695308713211588270e+00
-1.881406147708450760e+01
-1.066603609210436332e+01
-1.859586471622716886e+01
-1.203877033444821620e+01
-5.176072005237415397e+00
-4.545360558545709750e+00
-5.552016604254845333e+00
-3.082304884619162522e+00
-8.997360969207150561e+00
-1.829131154841391549e+00
-1.744935836043694621e+01
-1.309469810573820325e+01
-1.651000566192203678e+01
-1.293875349255046103e+00
-8.151877552808841187e+00
-9.389461392266269968e+00
-1.594230572178237537e+01
-1.061674085893538688e+01
-2.694645525983460743e+00
-1.334628405425632991e-01
-1.954471825133769869e+01
-1.140224833394781001e+01
-8.260792519238620457e+00
-3.311398143926282955e+00
-2.122622655942436154e+00
7.627546097276848514e+00
-1.719270714454235360e+01
-1.468686374667382211e+01
5.135794575758012570e+00
-1.464929158620439864e+01
-9.489487833477866729e+00
1.310969127029835590e+00
-4.355970557631792417e+00
-1.044677097307936720e+01
-2.249656943495836003e+00
-1.607878449527721898e+01
-1.099790901478810667e+01
-1.476110939427428548e+01
-1.381867852714066203e+01
-2.173174411257417660e+01
-1.263865784649931356e+01
-1.032591529143164166e+01
-7.988169208358371520e+00
-2.233114465011173877e+01
-1.983967888939622526e+01
-1.245320692801479368e+01
9.841303153218007083e+00
-5.714932393162882818e+00
-2.101338360706932917e+01
-2.197255405889738711e+01
-1.610051489137316594e+01
-1.488217089913494817e+01
-1.457531695253724990e+01
-1.258677690741858157e+01
-1.170728256281591939e+00
-1.607971461248799017e+01
-8.693387458365151588e+00
-1.586957509290367341e+01
-8.272946084932584654e+00
-8.216952543116519792e+00
-1.565840111533039192e+01
-1.397224144597798556e+01
-1.439675733821815129e+00
-7.999298112578870246e+00
-9.896225442165757613e+00
-3.875637269926286876e+00
-6.877616098069864847e+00
-1.045286122114490013e+00
8.105048164924923526e+00
-1.362227456050959518e+00
-1.477131596045964557e+00
-1.463386322424999264e+01
-1.111254303673287325e+01
-4.829783920485652970e+00
-1.379659885805934039e+01
-1.681199979792101828e+01
-1.256684610525886114e+01
-3.822895262122429472e+00
-3.731624428477104516e+00
-1.665729975882284464e+01
-2.154186876677091789e+01
-6.923605259560943637e+00
-6.423753705882120357e-01
-1.625551544721048458e+00
-8.924734999696028126e+00
-1.776959958946353879e+01
-8.897896589136905732e+00
-6.595989965669986077e-01
-4.624584193629004858e+00
-1.444044193966573175e+01
-1.534824555216124509e+01
-5.003514736432052246e+00
-1.381633061144863461e+01
-2.537481906769187390e+00
-6.882632748827674618e+00
-7.239849882988153240e+00
-1.847666115044563639e+01
-4.530733509427449235e+00
7.440893031432850080e+00
-8.292132348119139351e+00
-2.280131448286364559e+01
-1.195362964166348263e+01
2.807889222219870362e-01
-1.273798763611750928e+01
-1.704541456766078511e+01
9.164982730679597012e+00
-2.268032028409339773e+01
-1.125407536643787410e+01
-1.526314074823265798e+01
-1.080954611317976344e+01
-4.126054062120402932e+00
-1.450906308316501736e+01
-2.224727036987464146e+01
-9.021730189482923379e+00
-1.010696963957575178e+01
-7.545666227444257856e+00
7.013042941977985834e+00
-2.164053159531447079e+01
-1.474437935756218110e+01
-1.433804047121438430e+01
-1.477317801271884434e+01
-1.091749186460104681e+01
-9.111456104327004368e+00
-2.112183937801080447e+01
-1.352273204251062566e+01
-1.744182966407674940e+01
-5.895913983874081055e+00
-7.121911967555945466e+00
-1.372541819620693104e+00
5.027145008865716136e+00
-1.486950040618926039e+01
-1.497646865467137900e+01
-1.033132234738306465e+01
-4.153363597199856372e+00
-8.399913182042098470e+00
-1.928213830161557496e+01
-2.208391796297112819e+01
-9.374066346455748544e+00
-1.690628951501847155e+01
-6.922340649534064028e+00
-1.054967540559714223e+01
-1.069248771586448754e+01
-1.328810010579960021e+01
1.216302783057295755e+01
-1.143114681228486518e+01
-1.743470726717329455e+01
-1.845626266503316515e+00
-1.131117545711556716e+01
-1.560578160873936326e+01
2.201101816444122505e+00
-1.906335861708379298e+01
-1.410702120854342922e+01
-1.887187119111611366e+01
-9.940545465543763726e+00
-1.021911873890564948e+01
-1.034829132856830824e+01
-2.281862159844492055e+01
-1.160873593481684907e+01
-8.912518388152790294e+00
-6.498019889835362051e+00
-8.464106259662599996e+00
-1.685296035402667769e+01
-1.371403720956863026e+00
-1.062123770062873973e+01
-5.014430517651177865e+00
-7.478667439250216376e+00
-1.642521386481702450e+01
-1.331981663162314078e+01
-1.915491624004550886e+01
-1.175173454951486463e+01
-1.392342057839061908e+01
-1.073909264650434636e+01
-6.921966388213292021e+00
-1.058001459978412129e+01
-1.030584853570884718e+01
-1.337120947071895216e+01
-1.832065768701592390e+01
-1.245731327442510405e+01
-2.051928267104653969e+01
-1.268721076734094311e+01
-2.026591559746333360e+01
-4.848215048956305395e+00
-1.318972938760826707e+01
-1.186305728288370176e+01
-4.889808297531800463e+00
-1.501180574158429692e+01
-1.794376256069928388e+01
-1.349372568680702500e+01
-1.782290025036407144e+01
-1.478375140286591716e+01
-1.259040710415003161e+01
