1.960068637224116372e+01
1.037043687023326299e+01
1.255304227899409852e+01
6.009589292771167379e+00
2.471084572333644758e+01
9.273265087518396399e+00
2.123127332762227581e+01
7.394074530733476536e+00
1.805477068696119858e+01
9.310574815051978703e+00
1.228029856095598404e+01
1.388795420573258355e+01
1.954281767186941465e+00
-1.105259679690121288e+00
1.518941777421039774e+01
1.303505434651022199e+01
2.195207039409803684e+01
1.948103344567162765e+01
3.313963358894440603e+01
2.996404523451940349e+01
9.808473098129937284e+00
2.251737208202669649e+01
1.852551940146626919e+01
1.000955643464318712e+01
5.757038181210802463e+00
1.536470256691316649e+01
1.380861704943114887e+01
2.025604524527529549e+01
8.983066762244249048e+00
1.380031110606589095e+01
2.826047526877144378e+01
8.871439911913483911e+00
2.427504179237453030e+01
1.833857184904432813e+01
1.890266345274096693e+01
1.466593756839482410e+01
6.538899299936289822e+00
8.471682660083786232e+00
2.218714837361957137e+01
2.257718229633313456e+01
1.338900647218362394e+01
3.171389176747400995e+01
1.007949644084402507e+01
1.745115267421284955e+01
1.837493332240121191e+01
1.207570816230517607e+01
1.076939729308036675e+01
1.497208128070442967e+01
8.496229418620643514e+00
2.003163849590509926e+01
1.586889794604566362e+01
1.291858870082765520e+01
2.956840705071930131e+01
2.654351432467942118e+01
1.301884645854704559e+01
7.619016316572299274e+00
1.890500920294935838e+01
1.725199955760169246e+01
8.877477615138182898e+00
1.240831861810136871e+01
1.799837231283989780e+01
1.517935932492200379e+01
2.785762504324931399e+01
2.406764095153965854e+01
2.641559833239884370e+01
1.277333075076381874e+01
9.752253791734048605e+00
2.806045422115422383e+01
2.832206175471581844e+01
2.237303827623684072e+01
2.119875061482638046e+01
1.573076703613284621e+01
1.504560244981651351e+01
1.420168433355654258e+01
4.420791756431725616e+00
2.338148568950069262e+01
1.815753849635153472e+01
2.199892000135969283e+01
2.179032875626339205e+01
1.909223251847499370e+01
1.478959903124294328e+01
1.469470880278304037e+01
1.650359004269995467e+01
1.765943289444368247e+01
2.967690325708360888e+00
6.037627828526865414e+00
1.389853756158203169e+01
1.159124426025027788e+01
1.744329125993643004e+01
1.835195224928116176e+01
2.239075046746143016e+01
1.679688139948498815e+01
9.672734090607150392e+00
-7.040752325581252080e-01
1.823434420520966626e+01
5.860516352559770326e+00
2.022152512876830599e+01
2.298494518933100750e+01
3.686527099781770289e+01
1.139256928223194620e+01
1.049642707002620057e+01
9.408158132758018155e+00
2.208245814490589254e+01
3.695023251385471497e+01
2.758853510094559169e+01
1.815949048125574450e+00
1.449515178087938239e+01
6.555189686729789855e-01
1.440288002600931350e+01
5.691769522210790910e+00
2.307460944830079086e+01
2.597255675209612491e+01
1.916733175568225533e+01
1.779089413665799668e+01
9.444905988669873409e+00
1.796047808683248093e+01
6.481551879440459629e+00
1.689486058340719410e+01
1.960648138658281425e+01
2.268066199295843433e+01
1.809514139722026016e+00
1.985207112188430756e+01
9.307038304175293320e+00
1.759172467384346561e+01
-2.238966891815152849e-01
2.942701680027108324e+01
1.388763144112635928e+01
1.741443831231684669e+01
1.265564835706086910e+01
2.879543439229060198e+01
1.895086477177237327e+01
2.388069528766575900e+01
1.050224979018597082e+01
1.746961836620570807e+01
1.112757302117667280e+01
2.017697200920471801e+01
2.347427562296009285e+01
2.785148082746982823e+01
2.384983311160549135e+01
1.890311657088886932e+01
1.448793774508355625e+01
1.640564814172745400e+01
2.167930138583087540e+01
1.683354416115105323e+01
1.634678676218896953e+00
2.255703589393173303e+01
1.227598721927049041e+01
1.470206809190331398e+01
1.991678140787603013e+01
9.905948871703458281e+00
1.330565619422419843e+01
2.581828576528409513e+01
8.065352859451010659e+00
1.809407585625676518e+01
2.029843909857206086e+01
2.248528708010192645e+01
2.138693543087773463e+01
2.703182451255337071e+01
1.685177018551848960e+01
1.006194599665614930e+01
2.457153838590743078e+01
1.535710277065834362e+01
2.350263549629060122e+01
2.682976134642886734e+01
1.285839855596590553e+01
2.178640263158410306e+01
2.068225203347156338e+01
1.942145784767468797e+01
1.023538928083375765e+01
1.387919725007074589e+01
6.951689590813572295e+00
2.074055932229806842e+01
2.372463860015812998e+00
8.678032629120579600e+00
3.515221272431006128e+00
1.774265033922438306e+01
2.067661837527945323e+01
1.561057910011945182e+01
2.393366404298531336e+01
1.834803293607053121e+01
2.127988707513244293e+01
2.408669164803754370e+01
1.643417267862123055e+01
1.893344885124892585e+01
8.939832421127405837e+00
4.547162137649223723e+00
3.017464899783482224e+01
2.088605102644581279e+01
1.856598056789691498e+01
1.203975307737043465e+01
1.241532114093143946e+01
2.438811454535670009e+01
1.550410759411732897e+01
1.173483366141019246e+01
1.297858019469724411e+01
1.332976458263854624e+01
-4.504356214280107906e+00
2.789813978520051307e+01
8.487835771022076869e+00
1.142471235408459052e+01
2.835497446637631924e+00
1.392938361039176698e+01
1.296359510799628367e+01
1.969730892548662382e+01
1.231029860814018662e+00
1.995552266902444671e+01
1.427159955541338832e+01
1.966070842399174978e+01
4.618582313923056404e+00
1.357429400571291467e+01
1.030719514513521062e+01
8.769626114168389108e+00
1.273266024607656277e+01
1.976949677258697591e+01
3.106303176755024253e+01
2.239029479002707035e+01
1.363300813866908356e+01
1.601723734330862214e+01
1.451778230512057632e+01
1.066563585908464518e+01
2.132883373386540882e+01
1.324146060590855711e+01
2.394646985368077452e+01
2.226965993217132223e+01
1.756136268962308833e+01
8.107969189564130374e+00
1.174106011974410535e+01
1.383931924382956424e+01
6.822192031026190762e+00
3.426058381640645933e+01
3.935301088555647198e+00
5.631646925033393813e+00
3.237963469660908089e+01
1.315294884660815455e+01
7.662148039039777814e+00
2.711211072002973310e+01
1.701508451280822243e+01
1.949683235031054096e+01
2.096134269000189221e+01
1.419868163007281225e+01
7.966233476177109196e-01
1.688998259170209337e+01
4.135322518891953791e+00
1.210814375178236446e+01
2.058741491927243317e+01
2.271074264483080896e+01
2.263561176672353525e+01
1.493688268488782001e+01
2.151454837651891694e+01
5.961057039966632942e+00
3.607395319856621541e+00
3.943465907867846454e+00
5.300327239502422572e-01
2.247153161019341638e+01
1.654472776248968557e+01
8.996067488966161818e+00
8.139463190973984297e+00
8.590138098821569201e+00
2.011193640165993912e+01
2.415137234656376819e+01
1.077618406224216585e+01
1.609459174072074461e+01
1.676459404501051864e+01
1.486402661633461264e+01
1.892689046071252790e+01
2.832581524251060046e+01
1.256135284088773574e+01
2.118789996480313675e+01
1.598253051614778997e+01
1.134010765029420753e+01
1.758594380332454676e+01
1.418898115048807540e+01
3.206070887940916236e+01
1.079805435499174848e+01
1.699372724124928880e+01
1.862420699297835114e+01
1.939811343862709947e+01
8.605569501540955457e+00
2.586761291574575949e+01
2.030140232920910393e+01
2.782108752902662019e+01
1.852817324106331398e+01
1.391212860113833472e+01
1.485074319360777650e+01
1.319187832617780032e+01
2.182038517761117902e+01
2.116439820154320728e+01
1.989650258383253600e+01
8.047387084354028275e+00
1.989564444577882796e+01
9.803780331742160570e+00
1.498468650677881442e+01
4.285256962934212766e+00
2.021799313676964971e+01
1.601033812130279443e+01
2.657875163035977550e+01
1.681244189018458712e+01
1.536257126896764191e+01
2.615514080804508268e+01
1.452600499807326173e+01
1.555952501560864221e+01
9.276137621879740891e+00
1.965026005304881096e+01
1.725679594693113472e+01
1.298710034437185357e+01
1.752661476399008222e+01
1.389611457922362092e+01
1.976889968883398296e+00
1.727756996638470355e+01
2.244129123907057277e+01
1.367820628511148584e+01
1.662755790566605185e+01
1.933928519743636798e+01
1.873277688892137860e+01
1.864858693966989023e+01
1.748078791448017455e+01
2.793065081457958598e+01
2.088164316467609893e+01
2.037908302104877833e+01
3.353858266176615643e+00
1.219093979419278639e+01
2.398178267423757859e+01
2.435467147731669257e+01
1.001997193193042790e+01
1.000313274669005636e+01
1.213317922719497233e+01
3.396868437287963616e+00
1.595493474811093648e+01
1.057569951887248294e+01
7.655263300080321187e+00
-9.795390364114382464e-01
2.135400593543399594e+01
1.738690759223605653e+01
2.196790579819022327e+01
2.105168666304574288e+01
1.280130967640096173e+01
2.076298629826411002e+00
2.302067676755156356e+01
1.456766593025685097e+01
2.151545114974541661e+01
9.231635691577594116e+00
1.333252991054058612e+01
2.159430340880862786e+01
6.610967886347154376e+00
6.834944543731893418e+00
1.221713187424856528e+01
1.623457834606779215e+01
2.756921700402102715e+01
2.112435781619116426e+01
2.639462181978436206e+01
1.143549651337477258e+01
1.862994785933830144e+01
2.347327899635244108e+01
3.059623281130853911e+00
1.720623120459129041e+01
1.898979234130707994e+01
2.346614805968342665e+01
1.682512690116233500e+01
1.892752061968064936e+01
1.796399378778050959e+01
1.122575467803835636e+01
2.177534358368692580e+01
1.517318271853392275e+01
1.430627931202414516e+01
1.942359764356284302e+01
1.844476918476215133e+01
2.194928173413400430e+01
9.136717013425140976e+00
1.861429799003527563e+01
1.633971872987893903e+01
2.663566757982682276e+01
1.596866823507046718e+01
2.513080602292960464e+01
2.188344581489715779e+00
1.805879287187765669e+01
1.929574342207595805e+01
1.551579722525023897e+01
2.049708408440516649e+01
2.765335541651227658e+01
1.385127434746272002e+01
1.582903488631509248e+01
-1.781897473662752418e-01
1.378154998809705489e+01
1.787896273672375713e+01
5.293338576386645400e+00
1.631576569791320708e+01
1.289038589086402453e+01
1.830960505746456590e+01
1.926733488834189245e+01
1.064522376947736859e+01
1.451914124851120391e+01
2.202726011437246711e+01
2.741688029741214194e+01
1.514701738997290192e+01
1.764678079856822990e+01
7.940843837829319796e+00
3.550499946052103439e+01
7.703755238352044898e+00
8.234874179073301548e+00
7.360929846733512250e+00
8.467690285214928281e+00
2.149170398156633865e+01
2.680922264468927096e+01
2.385249182341510732e+00
1.358874939090939904e+01
1.841362301631392029e+01
2.439874791506653651e+00
6.668255114676099993e+00
1.331280607466867139e+01
1.101877994683407280e+01
3.558627660652575742e-01
1.565552591492776457e+01
2.734541792226977464e+00
1.591552467028755302e+01
3.533742847505106965e+01
8.306627795307917950e+00
9.798302594704097146e+00
1.896575343777751499e+01
2.385170754019377171e+01
5.356215394800130980e+00
2.210984419979779148e+01
1.027044495243839606e+01
3.520755228940236492e+01
1.719726807270198776e+01
2.119566051031377896e+01
1.700452457638165527e+01
2.350484840022142663e+01
1.337791367710121904e+01
5.941599434796117407e+00
1.978476927126385476e+01
2.006758833544348164e+01
2.043299523508943594e+01
1.178635886556278933e+01
2.045696067741705804e+01
1.567265375257683502e+01
-6.463847929754592769e+00
1.639712525262808640e+01
1.543156995004012799e+01
1.714574654704294687e+01
2.191417608856544064e+01
3.379202661017458809e+00
1.424260497426716654e+01
4.850905344845699574e-01
1.477551779930642795e+01
1.664204703125743379e+01
1.648208047316742864e+01
1.637031715785526842e+01
1.373312336987929427e+01
1.021019486781548835e+01
5.652451049187206422e+00
1.436828263707607789e+01
2.482012047225858709e+01
2.495309322471721458e+01
2.153999262094656331e+01
2.557149523026521365e+01
1.077663947043859594e+00
1.515187670301480694e+01
6.121708399711721427e+00
