-5.921104478739977139e+00
2.700928272803935215e-01
-7.539842209965840425e+00
-3.521181840301366606e+00
-9.664501553365781206e+00
-1.026554850262999707e+01
-1.978817311902336940e+01
4.081513253765933769e-01
-1.785932619404022148e+01
-1.773759250940227616e+01
-1.882560724221936255e+01
-1.710631585574083147e+01
5.616304583104124504e+00
-8.219421385033228944e+00
4.773912513576789252e+00
-1.318713222514074346e+01
-5.224156539984491587e+00
-6.705973794613228733e+00
-2.416356020519899062e+01
-1.667510762836944593e+01
-3.245709777296923448e+00
-8.095110767832068177e+00
-6.358685412335958631e+00
1.930861086222009249e+00
6.819856262484464082e+00
-2.110139322917245863e+01
-7.484748271423413257e+00
-5.574744067276398596e+00
3.543481889667901896e+00
-1.634675822503864140e+01
-7.770572744237597362e+00
2.899111492666435197e+00
-7.616927326237671991e+00
-1.000370137981973073e+01
-1.045959756703254584e+01
-1.591045065455438134e+01
7.146500132532096927e+00
-4.707517960296868864e+00
-1.614824125638634200e+01
-7.855118106577279491e+00
-1.599122150292635069e+01
-9.835090182898312605e+00
-5.524397477101430809e+00
-1.407198950414208127e+01
8.862435748114251055e+00
-8.400399958168790704e+00
7.683348619093905540e+00
-8.635243300286347790e+00
3.148009005510104430e+00
-9.955257854650099603e+00
-8.865476974017070688e+00
-1.085912821796217997e+01
-5.972390493927505872e+00
-1.160719457954311906e+01
4.156545910714726233e-02
-3.116199196105213787e-01
2.081877082329839368e+00
-1.450759836852455464e+00
9.073100673710996489e+00
5.631428424954521006e+00
-1.883725264570995250e+01
-2.398269109815159084e+01
-2.316983202402184361e+00
-1.007432482899626791e+01
-5.908566205497535861e+00
-4.317767043027885165e+00
-4.524877615250062490e-01
-2.079903387000112502e+01
-2.267323125190992528e+01
-1.310896153705000700e+01
-2.196606670771667780e+01
-7.154535179214889240e-01
-2.970406079184158443e+01
-1.266071365718094910e+01
-6.292285385978615864e+00
-1.147867111149383845e+01
-1.748335241161638010e+01
-1.046591245789959146e+01
-2.833332392859776405e+01
-1.463145452920356604e+01
-2.792910637756283165e+01
-2.285230709578497965e+01
-2.313711839892572186e+01
-2.117981451178519592e+01
-8.449379998922140089e+00
-1.787741999947485283e-01
-3.882369453740707854e+00
-9.073385910655275666e+00
-1.653069784180138413e+01
-5.766172655577136652e+00
-1.468672594032950940e+01
-5.314474203383355189e+00
-8.639696467174445615e+00
-1.899979677792079258e+01
1.702264328235784774e+00
-2.052409861257307000e+01
-1.265307628120112327e+01
-5.705850203286701117e+00
-2.103269222034630559e+01
-1.507934507786185918e+01
-5.136067364968511129e+00
-5.165635729163000178e+00
-2.369387055408954268e+01
-9.294928084459343154e+00
-6.627733085502242716e+00
-5.228648552465344324e+00
-1.949325013979986920e+00
4.891141381488125717e+00
-4.870022171557721435e+00
-5.464592373728891062e+00
-7.219865397594318779e+00
-9.908873852547941397e-01
2.505219437311723141e-01
-7.388708640123581972e+00
1.111385842978675953e+01
-3.876831091433061260e+00
-1.464735194746862135e+01
-7.179127946765035517e+00
-7.122082167315923584e+00
-4.653633471738061189e+00
2.903946472210023444e+00
-1.088811387755470150e+00
-1.403328933985036997e+01
-5.096539313334801591e+00
-5.940062179827094724e-01
-3.536271883270060812e+00
-1.370390788970364326e+01
-6.388341913185200838e+00
-1.071635120654363504e+00
1.708132279329277026e+00
-8.358252808411265278e+00
-1.497723025056912149e+01
-1.546754894814218062e+01
-2.914568027516253323e+00
-1.483938421181245815e+01
9.966139616526817235e+00
7.540521098832186908e+00
-6.863951078357217739e+00
-1.243281502533758953e+01
-9.077213170101032347e+00
-1.770362997408440719e+00
-1.405486571595156420e+01
5.186327369987537850e-01
-6.331281739262934138e+00
-8.164738280098930545e+00
-6.270167269083970041e+00
-2.094703602949678611e+00
-3.166039599242054692e+00
-6.970425358813059802e+00
-1.302113250330927485e+01
-5.259135851272660034e+00
-6.111237082513028440e+00
6.151697038618237912e+00
-5.910474983271328142e+00
-2.147907718677626576e+01
-1.621980319185496455e-01
-7.015025979488441976e+00
-1.234158123817852015e+01
-1.502147637109520417e+01
-1.296084855088787435e+01
-2.452275954698312432e+01
-1.288106448821157812e+01
-1.319010191566582080e+01
-7.122323765997819578e+00
-2.368034307170944430e+00
-5.197089135337648713e+00
-1.588727467652287828e+01
-1.767398592421614012e+01
-4.540113835198454240e+00
-1.289040200700830496e+01
-1.076816460932234065e+01
-7.765396023945612569e+00
2.075623803476617013e+00
-2.812580516813844156e+01
-4.522117632767205464e+00
-2.424490690952406169e+01
-1.931807405088051155e+01
-1.155417130036778417e+01
-7.614885732738372326e+00
-4.808556721828182390e+00
-1.386168815844480662e+01
-1.408578929257342338e+01
-1.959621643135236013e+00
-5.578609351230483071e+00
2.260512600326890720e+00
-7.363112019660746910e+00
-6.487462662280975678e+00
-3.880967138655122994e+00
-1.465199444146151109e+01
-8.932301258356460494e+00
7.497757534034548144e-01
-1.471146944418320857e+01
-5.104477912779927351e+00
-8.446239427578902337e+00
-7.259167177234076007e-01
1.311242919351371938e+00
1.683191712569401943e+01
-2.165238060083555638e+01
-1.014454471493905885e+01
-1.188390417701126012e+01
2.202817721408379725e+00
1.128897383761767514e+00
-9.320694364470512028e-01
-1.816895993807247578e+01
-1.583743285475610207e+01
-1.781506277912863823e+01
3.261376726918186364e+00
-7.795269902100699255e+00
-1.065423276185310897e+01
2.579342971568920007e+00
-1.837365280430914538e+01
-2.447094009264004910e+01
-1.453102407335425994e+01
-2.259175191676663985e+01
-1.702553853689852303e+01
-2.279633518040863294e+01
6.013176600896485979e-01
-1.029500691604202700e+01
-1.777379941120480566e+01
-2.480859795057496342e+01
-1.521496698065610076e+01
-1.037144613718550090e+01
-3.463783946945540038e+00
-2.020975403693623207e+01
5.051022412591663624e-01
-1.690998360122222266e-01
-1.225878942319786802e+01
-7.345674228809102146e+00
-1.775089379336904472e+01
-1.094606025905031288e+01
1.241491053662538491e+01
-1.856827365816050701e+01
-1.098269681857266278e+01
-1.018233215180357831e+01
-1.937613395858150511e+01
-2.657388502745402548e+01
1.373341715383034511e+00
-1.489757753482702185e+01
-7.398876943866696365e+00
-1.195441006359492064e+01
-2.100184462147480247e+01
-5.070811738002618085e+00
-6.675285858111038806e+00
-8.082737793748108857e+00
-1.120049660638112243e+01
-6.558258199447081438e+00
2.330983210902019209e+00
-7.074394204444715228e+00
-9.045867460921030556e+00
-1.298433624018159094e+01
-8.853158345518508554e+00
-2.401317546989143636e+01
1.400663967262730125e+00
-1.787654646655090573e+01
-2.108970786571518374e+01
-9.290177407152285127e+00
-1.934753092489791015e+01
7.440138571487068475e+00
-4.496550586778013781e+00
-1.344125322339051820e+01
-1.619902276866736202e+01
-1.749268398955256032e+01
-9.143428228505285915e-01
-1.051750193438839176e+01
-1.026779692061998617e+01
-1.813541889238142346e+01
-2.143292095395693764e+00
-9.358161612101298488e+00
-9.663832006898786631e+00
8.067871331053353856e+00
-9.716082445229858422e+00
-1.224538558036914537e+01
-1.259929463151848950e+00
-1.598497981741876117e+01
-7.324025119225581193e-01
-1.599608808142087923e+01
-1.662015630792267018e+01
-9.070472648191966414e+00
-1.547926691129090671e+01
-4.039608286160955686e+00
-1.901725958248793802e+01
-1.449335269950796601e+01
-9.917955205314825662e+00
2.648188474265964487e-01
-1.042823238906946415e+01
-1.339281836549834281e+01
-1.234392265828584812e+01
-1.654802725471766678e+01
9.766957270126638946e+00
-1.825403181845879885e+01
-1.263055533757406579e+01
-1.070575369220360074e+01
-1.177017025508907011e+01
-2.599882117556546746e+00
-3.077184515889385352e+00
-1.703447710735073883e+01
-6.569210798758717829e-01
-9.263337246847385131e+00
-7.037451144434811567e+00
-2.174089058731593127e+01
-2.967581560338550162e+01
-1.424742464367822947e+01
2.035303018682981246e-01
-1.163050968952583730e+01
-7.477777700466916144e+00
-1.071338699284666518e+01
-1.281366010028321512e+00
7.117750694105069442e+00
-1.257024398466052162e+01
-1.375853555410363072e+01
-3.099136409949932158e+01
-2.035520910130519212e+01
-1.665905376678669825e+01
-5.780329875106957616e+00
-1.711819237678432160e+01
-1.999808280390624304e+01
-1.151041572190010243e+01
-1.721948838478016341e+01
-1.067350665897957640e+01
-1.046459008567725846e+01
-8.185434162106759004e+00
-9.910269638919544377e-01
-1.825548224994571456e+01
-5.303150162628043063e+00
-1.878200689884050689e+01
3.671487713192561841e+00
-3.033411048593038117e+00
2.003121109804538946e+00
-8.807818838627483160e+00
-3.272989590835621243e+00
-5.219281075477113063e+00
-2.373309746459460712e+01
-8.388488382500256080e+00
-1.760962527614931616e+01
-1.369020378906786561e+01
-1.632039206282314581e+00
1.136573144036546523e+00
-1.726851423772484395e+01
-2.116792799134456970e+01
-1.804858913179680258e+01
7.506891362865957262e-01
-8.263926477687661531e+00
-1.551581867807129811e+01
1.188108162570603099e+01
-1.710724642897967840e+01
-9.220260820490921105e+00
-9.168292111445708770e+00
-1.124467445166334301e+01
-1.566974730575449826e+01
-9.326141767730391052e+00
-3.605971682548940294e+00
-1.366428730819588111e+01
-1.784124013564930067e+01
-1.079985152998330022e+01
-1.572477887666376262e+01
5.738200181812814549e+00
-2.375345038687083843e+01
-1.925525818123166744e+01
-7.691572593584183437e+00
-1.773634969804182049e+01
-1.219382532667242458e+01
4.884153448724447344e+00
-1.856185820499622707e+01
-1.102436419154695102e+01
-1.414342511506067979e+01
-6.317767604737412057e+00
-8.473348779993131075e+00
-2.444901989773583750e+00
-9.794522867729725135e+00
-1.033003784115076940e+01
-8.822714915403224722e-01
-1.421987035130672439e+01
-9.920571883658809043e+00
-1.885326917743728359e+01
-4.184490379078624755e-01
-1.238427664598199840e+01
-8.550804851599423273e+00
-1.021415158396150957e+01
-7.109565560953868157e+00
-8.168852395360460150e+00
6.037037230318432535e+00
6.958737957096317928e+00
-2.195614089879398989e+00
-1.423078252860855741e+01
-1.742668983329767229e+01
-5.055112360035465713e+00
3.858353881479729353e+00
-7.920014082093715047e+00
-1.307086369279825533e+01
-1.363835374422265545e+00
-1.707251903913351043e+01
-1.452230135865374905e+01
-1.177626515271212781e+01
-1.031815681373818450e+01
-2.366708967465899605e+01
7.501194151766895857e+00
-1.162639229115640660e+01
-1.714318091607353267e+00
-8.645810617401849640e+00
-1.910377701388539151e+01
-1.181279762426225943e+01
-1.034835496978988090e+01
-8.448210861086238310e-01
-7.633975208204290652e+00
-8.532139662737989738e+00
-7.922125671786417911e+00
-2.561890355316734258e+00
-3.339845553190627925e+00
-2.310031877190658633e+01
-5.182768172415094909e+00
-1.484558186882962616e+01
-2.045259219572568554e+01
-1.410306376481270263e+01
-1.526150452502204757e+01
-1.911446915251823953e+01
2.008259899336195531e+00
-2.856132771796808356e+00
-1.771454684679608249e+01
-1.588449551930850134e+00
1.320868567452748721e+00
-1.971499569327879442e+01
7.823642994800081851e-01
2.999614562488773117e+00
2.561947278541254036e+00
-1.195548649495836457e+01
-1.049497945744707295e+01
-2.626929391795792412e+01
-2.084350029029306484e+01
1.260678172169036770e+00
-2.253911559725349889e+01
-1.225587955926290817e+01
-1.847380780318970039e+01
-1.352733583034918752e+01
-1.968445834355487989e+01
-3.144086553862995004e+01
-1.880729560560521918e+01
-1.028460799378350998e+01
-1.271256318096624227e+01
-1.245196788962032031e+01
-7.670462755151660872e+00
-1.723928865071727046e+00
-4.651287941753480482e+00
-1.337135925957466043e+01
-1.614921908949324347e+01
-5.528992777936664993e+00
-4.912874292880502480e-01
-3.957672259047456009e+00
-1.381485311598891030e+01
-1.094644096705768277e+01
3.042711808372871474e+00
-2.327089698063029743e+01
-1.123220661970718481e+01
1.243953306181182938e+00
-3.565406275372254186e+00
-5.989497444942344373e+00
9.687756754895673339e+00
-2.612890576506387674e+00
3.997456721305084670e+00
