1.333178260854175790e+01
1.777995884719135233e+01
1.002609111396085950e+01
2.106071675163578050e+01
2.729211776588485350e+00
1.716610373238211196e+01
5.712866144450970296e+00
2.200559867660748381e+01
8.073073372509469436e+00
1.224733362915483781e+01
1.479786278008792522e+01
1.074308266803166134e+01
1.237526772320474322e+01
2.515839949364274730e+01
2.108212660813043726e+01
1.263605846814954248e+00
2.792364929697690457e+01
1.454917173768421890e+01
8.582508947082487794e+00
1.858532889201568850e+01
1.367797720690148822e+01
2.608790591957756533e+01
2.509367616002473511e+01
1.656551761060110550e+01
-7.841265303215863014e-01
3.146692994173236002e+00
1.753844179695482808e+01
1.465441178670221234e+01
1.095107396174795156e+01
1.587214629707515456e+01
3.406734021595397621e+00
2.826431095806283622e+01
2.075524382216601538e+01
2.011655349239723023e+01
2.232831470970622689e+01
4.338808483291558105e+00
1.970875169915262148e+01
1.952551284972570045e+01
9.242770612155268850e+00
4.898906663145282891e+00
1.945855072175866241e+01
2.750232577932486322e+01
1.425372966962822829e+01
2.195909167549016416e+01
2.516925235299337515e+01
1.938016923369556821e+01
1.442633634605502380e+01
1.883550146789529123e+01
1.264743996178164309e+01
1.510013734552252629e+01
1.199940431031691901e+01
1.657945739580773648e+01
3.371693514319393614e+01
2.893026543647942361e+01
1.233974227802586654e+01
2.133924984767575950e+01
2.568841411882082326e+01
1.875197456743717339e+01
1.275679427320685022e+01
2.504067363068689644e+01
1.838799918432679448e+01
6.972739925176043130e+00
2.059737618149668492e+01
1.620409711310072964e+01
3.283248887382209347e+01
1.267782542795829670e+01
2.781942507253637586e+01
1.660349434713835137e+01
1.621704825147490681e+01
1.853557194929811658e+01
2.366913805408946558e+01
1.620747895353684953e+01
1.783520770069758754e+01
2.525128888690540663e+01
1.730338355554034280e+01
1.949258069474456079e+01
2.498396422435280329e+01
8.708930338335974852e+00
2.746017383948474588e+01
7.030041495457041378e+00
2.701242640582145782e+01
1.746215891974630097e+01
1.373507133970379357e+01
1.855111318303307399e+01
2.375016421255775612e+01
1.218575366720516229e+01
2.202063567684326273e+01
2.559111620183618641e+01
1.700098569587228781e+01
2.428209278929287507e+01
1.871726860032554640e+01
2.197571106213450776e+01
2.954794203999233559e+01
1.628259723076911314e+01
2.563286528364362482e+01
1.617060386969549768e+01
3.861858614860480543e+00
6.325935472204236021e+00
1.487998119314923429e+01
2.307235628955732665e+01
2.264342503220209579e+01
1.455097376755071537e+01
2.072389729379428047e+01
2.089077567115516132e+01
9.197029844328341142e+00
1.373166799606673294e+01
2.463319950388500246e+01
1.180236909657909905e+01
2.917491549809601281e+01
2.243445322827167843e+01
1.598003324866081698e+01
1.239847586555234216e+01
1.773693259660676347e+01
9.282883355935126701e+00
1.646026374796164760e+01
2.110103302564894534e+01
1.804981100697436602e+01
2.960672932111685896e+01
1.090354293506118211e+01
2.289442820092619257e+01
1.232387790296242258e+01
2.750090878409319828e+01
1.240928355858837051e+01
1.251591940607576703e+01
2.085444666642597156e+01
1.438933203403115613e+01
1.331041203515303550e+01
1.918623670016651062e+01
1.762463879043741599e+01
1.146637980174541838e+01
4.792216326003270410e+00
2.167172005124911038e-01
2.323403438290840484e+01
9.980834016290415889e+00
1.243672757651893335e+01
2.282079079508788055e+01
2.198277182811710873e+01
2.363964245960042376e+01
2.368228363222314670e+01
2.428880514298293747e+01
1.978606526143894229e+01
1.722782251296864331e+01
1.960405411303285206e+01
1.738959038185947747e+01
2.423505714264960886e+01
1.481139402975139774e+01
1.142651602030039726e+01
9.781073754319166369e+00
1.889552377559530072e+01
1.478789023044903672e+01
2.515029072021593493e+01
1.947374519520677438e+01
8.421559097254771586e-01
2.604146186627134796e+01
1.903290299576401878e+01
2.285664643668232543e+01
1.449361743505777156e+01
1.764178529085042157e+01
1.952040332988593718e+01
2.502156825616589941e+01
2.741027632135309489e+01
1.170958080392276202e+01
1.601418980015255045e+01
1.698728498246704532e+01
1.450219290416239915e+01
8.117260098229536425e+00
8.157322508928231741e+00
1.744423104213502995e+01
2.293557387745993026e+01
8.743402773997033250e+00
1.488386978316989939e+01
2.160809174541539335e+01
2.394120913273271611e+01
1.622141506304146219e+00
2.095446334503153452e+01
1.366758817295082906e+01
2.053892857624360602e+01
2.335583298214648806e+01
1.572165130887867690e+01
1.748370858188727084e+01
7.128099225841950215e+00
1.376453790475201799e+01
7.832250360384506394e+00
1.700789063686809754e+01
9.553908286097026803e+00
1.802335200518517411e+01
1.424490582774508596e+01
1.737198194234835569e+01
9.206553810744779298e+00
1.825243446394657099e+01
1.679684175529799006e+01
7.175035908138795548e+00
1.185365461411284116e+01
8.882579944372338332e+00
1.653054066585217186e+01
1.136821704189409843e+01
1.769701677859404754e+01
6.837215432546585703e+00
9.772016039530967646e+00
1.623002156335125790e+01
1.132778505848335726e+00
2.587391598720570585e+01
1.495075667791414276e+01
6.229008865119538996e+00
1.224405208505878306e+01
6.069358942303992421e+00
1.438405710350569677e+01
1.870952816231064730e+01
8.829959131571769149e+00
2.789514783158780631e+01
6.638964579047950565e+00
2.161631732139238693e+01
1.954484632700245328e+01
1.145667253395238561e+01
5.696207624493837329e+00
7.398830989253553980e+00
8.037770335321283710e+00
1.231547442265096493e+01
2.400019015886527995e+01
1.446325142975753408e+01
9.737718389143367403e+00
1.639674677256908808e+01
2.159653796493230260e+01
2.431220031751634281e+01
1.106975308589173324e+01
2.456705455792989312e+01
8.502502606389867879e+00
2.624265677302999933e+01
1.072813530980023700e+01
2.106377335454072153e+01
-3.598903645986666788e+00
1.767450220812270345e+01
7.232486792266286102e+00
3.008248204059552222e+01
1.436795835981280334e+01
1.600840732417672996e+01
9.734823272383096082e+00
3.454276401925199735e+01
1.013192598647215448e+01
1.676745668014446977e+01
1.538721693362629139e+01
1.660305288464601858e+01
2.105793159198994857e+01
2.292353380588707523e+01
1.504307131617825632e+01
2.243204928431084255e+01
1.221464214911814850e+01
3.146555729090081854e+00
1.455822095208647227e+01
9.600550752334456206e+00
1.594846195148545576e+01
2.269721944950106263e+01
1.590085616051010220e+01
-8.527179336514763008e-01
7.211061595887699127e+00
1.560342367578454059e+01
2.465108030801009420e+01
1.829150019708833241e+01
2.154991198829414145e+01
3.946706198851472891e+00
1.340405338126558377e+01
3.256205168185047683e+00
2.531196340453256255e+01
1.583037810872424700e+01
1.535306357766602048e+01
2.146991463161936764e+01
1.238847549428555794e+01
1.288936898215943927e+01
1.546257096006641518e+01
1.923676603132287255e+01
2.456266018523794514e+01
1.001057533389487730e+01
4.397797319576540076e+00
7.377658052450925652e+00
2.233566687087650848e+01
1.444517371117636628e+01
1.626029654129428081e+01
1.961795551774501689e+01
1.395115880882505621e+01
5.000662214104636405e+00
1.182560351657103581e+01
2.277235268175122229e+01
-9.928111784306139498e-01
2.005269730316414467e+01
9.410939173059546192e+00
2.589098079126021190e+01
1.633912834093150934e+01
2.320778739836265459e+01
1.322321588182246899e+01
6.765124304437222236e+00
1.629328511503224775e+01
1.164551342981216919e+01
2.662269023212643759e+01
1.702396661794901433e+01
1.232649180362365371e+01
1.392711610414175993e+01
1.745801181697342486e+01
1.830002721101706697e+01
1.267875705799087882e+01
1.057042355456168536e+01
1.706184038636284583e+01
1.571784226640060922e+01
1.058301450783972086e+01
1.920146748482966359e+01
1.934538172231127362e+01
1.090775487327732662e+01
1.723153859003673460e+01
2.120598529348982453e+01
4.235184831539200445e+00
9.212563805803725359e+00
1.001971776259398439e+01
1.329116679619767183e+01
4.468966682831634785e+00
1.910239379434059970e+01
1.420863660558498509e+01
8.617168617800047059e+00
1.512514356555244888e+01
2.050945179851342459e+01
2.246720297066644889e+00
6.341130554067518688e+00
1.904510639506040093e+01
1.197576188894085192e+01
1.436117724014721375e+01
2.720247281622955882e+01
1.964748752860563030e+01
2.731110958410980061e+00
6.379713476772138847e+00
1.819277753822417765e+01
2.147957985685184923e+01
3.976083804391084442e+01
1.266043357914558953e+01
8.484445942758569004e+00
1.556735106661066936e+01
1.232664506624267631e+01
7.162644992408758071e+00
1.970364202904063688e+01
1.000063055553061986e+01
1.387199336203818234e+01
1.709239995371627430e+01
1.374302877454032057e+01
1.162456296563212277e+01
2.493393648639283100e+01
1.650319816643916226e+01
2.067184571659277736e+01
1.580283198841055992e+01
1.348776115808422560e+01
1.886373290281817816e+01
1.862030937335447334e+01
8.208099674991615302e+00
2.152385372830303822e+01
2.441468033905872659e+01
5.298753490496523000e+00
2.392640437108384788e+01
2.543494393317106272e+01
2.778756523464151940e+01
1.930893750565169853e+01
1.385192774053467701e+01
5.355428797310267441e+00
9.699075633143621644e+00
2.230127654315268160e+01
1.056486490622368990e+01
1.131007041562367021e+01
1.484050315414977206e+01
1.594832051640874226e+01
2.665100569838620004e+01
1.718978263348880375e+01
1.676074540053200224e+01
1.109757095732904020e+01
1.979066992309014950e+00
1.117122099133901258e+01
2.765881846086844575e+01
8.386181159303845334e+00
1.772308936862525286e+01
1.441907138352573270e+01
1.323529714474021546e+01
1.247654691513450587e+01
2.208568066232062677e+01
1.104104465948651637e+01
6.803469093837307469e+00
1.472397533934469038e+01
1.336312840179425621e+01
2.242864172314529725e+01
1.695535926185975484e+01
2.736402927606758340e+01
9.344171020300365171e+00
2.195687700154006450e+01
2.264312144164715335e+01
2.154279864739186223e+01
1.697169656357870338e+01
1.362770470254039878e+01
2.211534852854094879e+01
1.082018073525738089e+01
1.422210813960894882e+01
2.048572382604159259e+01
2.122666612708177780e+01
1.776343573204324855e+01
2.520505780121023776e+01
2.316449038591121479e+01
1.491927787517320780e+01
2.167326531556501124e+01
2.126992236255925661e+01
1.211910986888129571e+01
1.323328756688181329e+01
9.175531960524622832e+00
9.130799037861322631e+00
1.113190928908591104e+01
2.014275685447677944e+01
6.590455958876759723e+00
1.610880384505665575e+01
5.349731617640955506e+00
1.955346721562981571e+01
1.176943629297360872e+01
7.608027780075161672e+00
2.591327006181739989e+01
2.459553817473494064e+01
1.070026014680598792e+01
-4.702463016581276634e+00
9.857831828640598815e+00
1.811019455159657809e+01
1.185666714751079098e+01
1.986655733085405018e+01
1.651523404963792530e+01
2.699105442420070489e+01
1.609713282912993293e+01
1.778494340817799468e+01
4.987633479441598183e+00
2.051067415489696799e+01
2.247654786516689995e+01
1.142240470140231423e+01
1.854646830739967811e+01
1.985651899797558428e+01
1.112524660971646995e+01
2.159764794117624831e+01
5.000329958906689853e+00
2.153134049376408399e+01
2.399766622917875480e+01
1.159052789416203666e+01
2.581800684873127238e+01
1.249035072805970970e+01
1.608663379745523514e+01
1.412233483893393782e+01
2.698475463837715438e+01
1.321112152515766525e+01
2.871174918624438988e+01
9.418514688915607280e+00
7.856530318950504466e+00
2.101736056608844194e+01
9.756003851831266616e+00
1.171329795897889881e+01
1.327086661217649066e+01
1.691624423312732972e+01
7.672289312649695603e+00
2.077858094377516807e+01
1.214700316591591900e+01
1.412428792386560872e+01
1.587125493443225821e+01
2.151710833225802588e+01
3.136938785251231820e+00
1.029982136384928992e+01
2.662847322389100668e+01
1.262075065302626342e+01
1.801359234724707648e+01
2.968697050966139273e+01
1.074030640950498139e+01
1.794215833838065066e+01
5.404780834751448992e+00
1.605268980445947591e+01
2.978648852081150267e+01
1.867209705191801561e+01
8.694909115424678703e+00
6.773945759370931796e+00
1.353979496894152135e+01
1.710859381011705693e+01
1.741334180047954305e+01
1.140335977055292460e+01
1.360377048900517138e+01
1.952614324478049213e+01
1.502989533902396602e+01
1.818495425637036789e+01
