1.877456455210916886e+01
1.954413496171696352e+01
9.704276192373313847e+00
1.626513380254077390e+01
2.787828992602314315e+01
4.459286887505413688e+01
1.539186521550934117e+01
-8.031511889339100208e+00
1.552086940141292359e+01
5.561397535343672871e+00
1.044398511066091828e+00
1.609285861269918882e+01
1.941959114573030121e+01
2.104019220112857624e+01
1.760499314873945309e+01
1.682954495498510994e+01
2.451142497982985446e+01
1.183068751935240215e+01
1.372405372301776083e+01
1.753606272905868479e+01
1.156622166108074623e+01
1.044740798704003737e+01
1.309527757367334289e+01
1.617845603654933484e+01
3.447121522306546382e+01
2.456106331302530066e+01
1.080896872334854208e+01
2.738165504949618878e+01
8.398274997189886903e+00
8.944748998215985125e+00
8.633903977671373298e+00
2.536881302594310483e+01
9.158252447625770287e+00
1.312503111095084307e+01
2.270401072934123476e+01
2.650944393255431919e+01
2.049852581083371916e+01
2.312742238952989737e+01
1.614111702590822972e+01
1.997667144461696154e+01
1.103012109962305942e+01
1.993374658251259746e+01
1.652908942260178549e+01
2.624218852586302830e+01
1.086041658798811227e+01
2.622802514961776410e+01
1.839292372963869582e+01
1.409264535785062833e+01
1.299763415494194874e+01
1.804264044808154921e+01
1.805181094243125983e+01
1.365201293251493553e+01
2.465513216486535697e+01
1.981683222695331636e+01
2.978579103855005172e+01
1.114500062103705602e+01
2.662499229854705618e+01
8.591663445684545763e+00
8.687579639268264486e+00
1.648835371107722381e+01
2.241472628054640381e+01
1.222990122338589458e+01
9.411841709997474936e+00
1.824426865378259066e+01
2.035574172419775607e+01
1.756083534548413638e+01
1.317159061074903548e+01
1.260890385320770690e+01
1.112066686234464896e+01
1.395838180344165380e+01
1.785892232650253675e+01
1.854151678088884125e+01
1.566767236187509127e+01
8.348772699572307943e+00
1.370371320237617851e+01
2.981618477001544676e+01
1.131155161902893269e+01
1.446539925702569462e+01
1.387921794187471392e+01
1.060749898773364919e+01
7.249066600635316604e+00
1.515810177077875665e+01
1.807864223355599620e+01
2.278127972908777110e+00
5.832886381460767211e+00
1.470469389133310756e+01
1.881651174824134642e+01
1.612201926524251405e+01
1.280296824584473825e+01
1.606384237777673718e+01
1.496852762104789747e+01
2.479869692514083113e+01
1.619504292039080440e+01
1.368731154903177583e+01
1.370433813290814840e+01
2.688180189879517457e+00
2.318176098164707355e+01
1.499932253780580993e+01
1.956795761547933665e+01
1.479719989313170458e+01
1.500916690622676697e+01
1.691157442812036038e+01
1.169383937878738777e+01
1.498109407231686419e+01
1.070412184761100605e+01
5.909662539063930353e+00
-6.930558327551850084e+00
2.627370556020251513e+01
8.511356447640196166e+00
1.380659584367927550e+01
1.993028527930202642e+01
2.106753758497889351e+01
9.784081367965285381e+00
2.291717559841101348e+01
1.332779172288984171e+01
2.019140390600935575e+01
2.499706990074797375e+01
4.459429336219272955e+00
1.993825884576097707e+01
6.252844473816395521e+00
1.617264969069148606e+01
9.087742351289492149e+00
2.229860994125412788e+01
1.061348373595511418e+01
2.692901723054447416e+01
9.072139956971568608e+00
1.166598956684779864e+00
1.422808055533866423e+01
2.167132997259238891e+01
8.374288463636986535e+00
1.597350140306096478e+01
1.566038463571031514e+01
-4.783636242920863424e-02
3.148944308439261874e+01
2.213242076986606577e+01
1.283171837130757353e+01
2.268620264355951832e+01
1.382811970456816653e+01
1.883029400648875651e+01
2.080129447295565370e+01
1.264583925369404938e+01
1.679309608462192216e+01
1.802814381331699423e+01
1.256491559179568185e+01
4.353561096857475832e+00
6.197290482309128379e+00
2.629907175435251077e+01
1.523674985549803296e+01
1.522826170386025524e+01
1.347356054969513650e+01
1.956608274756375465e+01
2.576922308572984122e+01
7.976359452662393323e+00
1.391078816495823389e+01
2.390146732572562627e+01
1.611130915145652409e+01
1.134879939358003753e+01
2.320248232569637281e+01
1.871418602043510759e+01
1.020670926205292517e+01
5.814595872808993704e+00
1.176564242919761227e+01
1.921584462223118805e+01
1.187518596700348894e+01
8.419658327067281789e+00
2.187054642245590230e+01
2.707672138695896535e+01
1.722443814979557430e+01
8.343674358091959675e+00
1.416319795555712346e+01
1.271283306764118493e+00
1.959769518083827222e+01
5.822467442967663942e+00
7.763845784052946897e+00
1.382694549580943999e+01
8.679591803460795063e+00
6.188757608198599769e+00
1.293867393718717551e+01
1.113099632265530659e+01
1.044617037548957228e+01
1.655616752460710472e+01
1.657666521566921602e+01
1.915471927449269884e+01
1.108054013568725793e+01
1.329418105320637267e+01
8.880817725012903452e+00
2.377793577237717670e+01
1.957338542150880301e+01
1.491759057357266727e+01
-2.612587055116733836e+00
2.753071437738276472e+01
5.982372496448661536e+00
1.509857503143169311e+01
1.604217679624953519e+01
1.546360163843742441e+01
1.274331119444210003e+01
2.667428085330352872e+01
7.661899674966889506e+00
1.863312059625530281e+01
2.242842255031273169e+01
2.176348647777193435e+01
2.450197514810044197e+01
2.330072529972661499e+01
1.086765356825884510e+01
2.015892168272644369e+01
1.631684950584939031e+01
1.662343789920656434e+01
1.972402630803922818e+01
2.459494442107994416e+01
2.062710512076665736e+01
1.775647779554898875e+01
1.518388057181427087e+01
7.965169470872353941e+00
1.908823858450259081e+01
1.081245120097335644e+01
2.258764326910186071e+01
1.119100733395269742e+01
1.694610965711650863e+01
2.156770575535648504e+01
1.525032707527064701e+01
1.768640577028438088e+01
2.470124271609073929e+01
1.506107433470479862e+01
1.241232031878723774e+01
8.544736221504862783e+00
5.092947728191234091e+00
2.652763964178730305e+01
1.109655839745411754e+01
1.498667070597554130e+01
9.067768441859556106e+00
9.431687432016985895e+00
2.244759103064374273e+01
1.635909798903210799e+01
1.079468249016554182e+01
1.233340435626702458e+01
2.313307591651264516e+01
1.226392837783140521e+01
1.288332515887006480e+01
3.057636859370823856e+01
1.916374822803086175e+01
4.316761407622081492e+00
1.398397391592497740e+01
1.836181908251343486e+01
1.080362016980161854e+01
7.908528054218976422e+00
1.718660917720369241e+01
4.671120186456846568e+00
2.112543569299878499e+01
9.316459337735778945e+00
1.551538171402363275e+01
1.558729046365202464e+01
1.675337948800107313e+01
1.576471968695027215e+01
1.409136128044529812e+01
1.225140121602063914e+01
2.024858262417637889e+00
1.231112067105505048e+01
1.091291845529664783e+01
1.504141865679615364e+01
1.605555277966398364e+01
8.684989309856476325e+00
2.004484116667829596e+01
1.215396443471725263e+01
9.991363723564205657e+00
6.132578671145608951e+00
1.255277844343490301e+01
2.015494855190978285e+01
7.389178158830603138e+00
2.336042682737063814e+01
1.008206564341467981e+01
1.821619914524573858e+01
2.530642384247650511e+01
2.132583357957355474e+01
3.172985706333406597e+00
1.634662263590001885e+01
1.165269061244516990e+01
1.484524896067691202e+01
1.390330005770090338e+01
1.077926778651585948e+01
2.465925474737697698e+01
1.559848461476393311e+01
2.207346749425739318e+01
9.039588140563154184e+00
2.205249228530939831e+01
1.539898880273032944e+01
2.293333906103671893e+01
1.929484072925267668e+01
1.542504882546253953e+01
1.938211750389015720e+00
1.767255437799536111e+01
1.155940183668360532e+01
1.747745427343961921e+01
1.263274204120519073e+01
1.798378064991792513e+01
2.718491949905095595e+01
1.460157005126723107e+01
2.286847212513526983e+01
8.374035141138634231e+00
1.952136198441932180e+01
1.762872383181295532e+01
7.665955958721013985e+00
5.758100307725399603e+00
1.509574400687905893e+01
2.359653139026063684e+01
1.857017821846378780e+01
2.303839586808025786e+01
1.486234877967615375e+01
1.134073731959092868e+01
1.907409817820850861e+01
1.692314269648940694e+01
1.090880646536599841e+01
2.052873840682343598e+01
9.807874589628212902e+00
1.509750977968101893e+01
1.183702396667995060e+01
1.382471815000367599e+01
1.625975660381033094e+01
1.937503383699254300e+01
1.117647302003162224e+01
1.098881601841264910e+01
1.198027791081025839e+01
1.265257829181750537e+01
2.662235901543076722e+01
1.989468060906362723e+01
1.777766623805307233e+01
1.537496106217000147e+01
1.588208405602448181e+01
1.432587393883221694e+01
9.003499034837716408e+00
2.276800532482396733e+01
2.619291889211520186e+01
1.521692440898249288e+00
2.051284518790939160e+01
6.253368181242763058e+00
2.347499483601693981e+01
2.197442281843949274e+01
3.222734731262607255e+01
1.504417736800719751e+01
1.465775580659573052e+01
1.005811017212039360e+01
1.293218468243415487e+01
2.463620071655205379e+01
1.439705745882152144e+01
1.601136394504715810e+01
2.114651038596736043e+01
2.030337038769413027e+01
1.869962457414813173e+01
5.957456123656868385e+00
1.316972695131575222e+01
1.413435326649363333e+01
1.775919592281036330e+01
9.500147890801926565e+00
9.528234578797849963e+00
2.419872855707991022e+01
1.111947593885808772e+01
1.840823028426618180e+01
2.017452676419963353e+01
6.851213566094571661e+00
1.357917583780546522e+01
2.188097854764487948e+01
1.602827464345843822e+01
1.189913967292302743e+01
1.706126587558233609e+01
2.286843707998556852e+01
1.908510810329363494e+01
4.421002508290911237e+00
2.793484280413971987e+01
2.334680401223470625e+01
1.752191750747988408e+01
1.190330783239811296e+01
1.217312214891191502e+01
4.789034978050807467e+00
1.609758304739922607e+01
2.085676470652283854e+01
1.377198532729696012e+01
1.948300165132697970e+01
1.533039956102318513e+01
1.941942560103082371e+01
7.376593035969293055e+00
1.001397531012294451e+01
9.188797249555790358e+00
1.856251305557272246e+01
8.523198183680776197e+00
1.223525904252359453e+01
7.730850053181981707e+00
1.528882765555708545e+01
1.450098216580981614e+01
1.301427629738532232e+01
1.300963231005779619e+01
1.795276360480593780e+01
1.401862745514996789e+01
3.050898903375639293e+01
2.780397938520004431e+01
1.548970694581450402e+01
1.766092484747305491e+01
1.242909999447351765e+01
1.475709545100446007e+01
2.103757120262222458e+01
2.478014666393278986e+01
1.426488182578749786e+01
1.904670085905423349e+01
1.843484108278602207e+01
1.063069620947683802e+01
1.138392966033163844e+01
7.788349538296344576e+00
2.283552755962973890e+01
8.068991179701839656e+00
1.377435813481163507e+01
2.353213476623430012e+01
2.070250476490165426e+01
1.328878422432333650e+01
1.496285408200145639e+01
9.177212564257800409e+00
7.471860224011322771e+00
1.951845470043888753e+01
2.085737291907172164e+01
1.021125607254727186e+01
2.712104877198058261e+00
1.608684985351260366e+01
1.648515523736435284e+01
1.873787522058451316e+01
4.182802101204529777e+00
1.815889123700321051e+01
1.908628951757555114e+01
2.508336167171583497e+01
3.779697544424720945e+00
3.240689820812546884e+01
2.775730925678272598e+01
9.554811209818851125e+00
1.184243335854556278e+01
1.994423937148960135e+01
3.665088758094408661e+01
1.236383409991114490e+01
1.651131499860376550e+01
2.125314061012610978e+01
2.444012430398031199e+01
1.209035301228912829e+01
2.478998625953396129e+01
2.052939810398657983e+01
1.203199918212591513e+01
2.346939200136657888e+01
1.289975833326703025e+01
1.329893292365960633e+01
1.824402380031801130e+01
1.230648309066503998e+01
1.218080462760993754e+01
1.473716746003663047e+01
2.541747224023900742e+01
1.680771161352751619e+01
2.060296828798401236e+01
6.953626839649160729e+00
2.507122367095512772e+01
1.521946916325128996e+01
2.626753540031970857e+01
1.619943296322780668e+01
2.106172006796251139e+01
2.518544639282438879e+01
1.879220784634277663e+01
1.854676583037072390e+01
2.253701749444410751e+01
2.200671594521848817e+01
2.422402028000795582e+01
2.290773892608896745e+00
1.582794475615452257e+01
1.744922271231962441e+01
2.414814146302877873e+01
2.252735875490179041e+01
1.701464101815973606e+01
1.348853237955358964e+01
1.580680127311984506e+01
3.345617016626271578e+01
2.134708357759752317e+01
1.687868404433831415e+01
2.229648850545730454e+01
7.784349987596698384e+00
2.239768095662895320e+01
1.498017558709936736e+01
2.011623586996957158e+01
1.791116824314143230e+01
1.840622251164252532e+01
7.368122528975632690e+00
1.951545443681975200e+01
1.277974592646768315e+01
2.297667106701064199e+01
2.323616309786505241e+01
1.835580124680347325e+01
2.492330846125562971e+01
2.127804196212711929e+01
2.207583184289470779e+01
1.935634658011997544e+01
1.676673775936687605e+01
2.332309545173433207e+01
1.695518673318042602e+01
2.127635197521713906e+01
2.137388547860294352e+01
8.914433077592434529e+00
-3.320953333472800750e+00
1.688295546263327651e+01
1.058140480028154684e+01
9.483350219725494412e+00
2.172201497295858985e+01
1.979068270189270606e+01
1.873392212308054638e+01
2.563919580947392518e+01
1.516737685529686530e+01
2.755544039369039666e+01
3.187611458079612703e+01
6.479032659282452755e+00
1.439767260382706127e+01
1.648065913790372861e+01
7.824753235243505856e+00
1.192893703034872033e+01
3.531786057633335218e+01
1.862568748839818511e+01
2.384312987323735911e+01
2.840137927013623198e+01
4.559127690018868861e+00
2.385433436872489210e+00
1.234711200251082630e+01
3.682557093142264648e+00
2.705067962664708148e+01
1.910251314190503535e+01
1.202403916496534464e+01
2.858865577231372157e+01
2.359169483489704788e+01
2.123473300546316267e+01
1.652096934603555667e+01
3.915096302419684093e+00
1.242851034968430213e+01
1.996961485208551323e+01
2.319249000908401115e+01
2.345606321543732520e+01
2.600749874697172004e+01
1.256250419363790627e+01
2.200844399728828904e+01
1.325588907448171483e+01
1.462726630085394675e+01
2.660950302321603544e+01
1.366337617467006282e+01
1.562200659585309381e+01
1.260900099605065350e+01
6.678279593340434417e+00
1.841101054557572780e+01
2.358877016675751292e+01
1.390846921732988051e+01
1.299339610695942326e+01
9.811686656760087999e+00
1.443162450979154698e+01
1.274083191202316812e+01
1.452279295208920473e+01
4.610335740297060170e+00
1.916044131435121756e+01
2.139745123108035330e+01
1.422178709927858620e+01
5.752543196752370136e+00
1.721787605245516772e+01
3.939932340670452504e+00
1.721470779517294147e+01
5.521629467210445341e+00
8.051318531650068167e+00
1.676483939216755914e+01
5.489420845191048670e+00
2.184551669788159245e+01
6.373644128047146751e+00
2.943718536718472478e+01
1.570011647762233054e+01
1.461516131987046663e+01
5.649251759645053994e+00
2.282729108520170769e+01
1.187607397690040045e+01
1.517474272452069783e+01
1.602553816873053449e+01
2.411877044892074196e+01
1.443746869074547590e+01
2.537373488154521795e+01
1.223752055654115622e+01
2.711435290095219841e+01
1.398448304222569050e+01
2.303485844585389941e+01
2.359430023503018958e+01
2.562070804664007539e+01
1.958669205202789954e+01
1.779912771551833828e+01
1.577473578296786627e+01
1.200809425848855483e+01
1.387298735117924764e+01
1.273893281200749072e+01
1.309375533760388066e+01
2.076751878123511119e+01
3.061105765909839249e+01
1.974459244460424401e+01
1.681516356345716190e+01
2.177417869615020152e+01
2.117315917194234487e+01
2.081948443987396757e+01
1.586310311786239424e+01
2.352294838546121980e+01
2.339703681627918286e+01
1.252583243612534147e+01
2.797972074479240945e+01
2.490936276421498974e+01
8.141945305465426941e+00
1.439563877940705083e+01
3.857800914750498578e+00
2.468828857892505368e+01
1.691568431044231602e+01
1.799685392274852092e+01
2.559202610278430257e+01
2.451743495693405350e+01
1.341031814734175498e+01
1.367005055551474868e+01
1.311521739192387770e+01
2.271341722184320844e+01
5.979468042698172781e+00
1.441178599836665342e+01
1.106389217460429109e+01
1.544540681172495056e+01
1.348576426219926816e+01
2.232970951293000184e+01
7.235520769778972294e+00
1.059226753047173020e+01
1.198897204632559976e+01
2.458707774798322987e+01
1.949255523346266017e+01
7.423985843502066473e+00
1.448481423000662005e+01
1.567165855712842415e+01
1.802420049184978978e+01
-1.270175684197511146e+00
1.543583350722850867e+01
1.350657394500736075e+01
1.696308563977207484e+01
1.814031909720844027e+01
8.946747573533784248e+00
1.365717171464353896e+01
6.018355509545386894e+00
1.038998165448408884e+01
4.536802975868425847e+00
1.596940390224386874e+01
8.547013081768355391e+00
3.209381125379482569e+01
2.253526880138441157e+01
2.421863641128264533e+01
-1.454820066829768166e+00
2.285919661737572284e+01
1.272670767179342022e+01
3.284950354713785003e+01
1.543788260585071725e+01
2.314221507886833251e+01
1.300276501141195240e+01
5.472841887969863706e+00
2.645689533669568050e+01
2.349642870592415989e+01
1.408377431360715093e+01
1.439178178922662710e+01
4.219874171479986558e+00
9.705435663382971256e+00
3.815065402006844408e+01
1.722350491598520250e+01
2.110893872651886483e+01
1.318663132720595854e+01
1.399292354231069169e+01
2.385305453649040430e+01
2.415082251369882727e+01
3.228640957277846013e+01
5.094890348375628264e+00
1.959708922077552984e+01
1.872018686802681486e+01
1.389877828615658473e+01
1.668308303467340181e+01
1.764553642301861203e+01
9.942069569382198324e+00
1.938112264098708692e+01
1.435066922629410158e+01
1.206508614322802941e+01
1.453354370582626132e+01
1.546103941068643906e+01
1.948864787120434272e+01
2.410861370685192639e+01
8.233373973824370751e+00
1.092796829476601772e+01
1.614184745570354096e+01
1.472848047980046715e+01
2.462115634803836883e+00
8.729019712822960742e+00
1.530202557422350651e+01
6.519954354945440400e+00
2.918709487965750782e+01
9.395819860507856447e+00
1.122223063620559458e+01
1.666951465979266800e+01
2.202795678436218907e+01
2.063129497813186219e+01
1.774406897306904796e+01
1.588620274236770058e+01
1.211901635478677974e+01
1.085674018080445080e+01
-1.047609758161314630e+00
9.090565968559758403e+00
2.015945809270023403e+01
2.085414350283023310e+01
2.192710320678590818e+01
2.742352931358237811e+01
2.013267257776993802e+01
1.164866043591477762e+01
1.840301576675317818e+01
2.407734088390866134e+01
2.373998440571043744e+01
6.234335884226936741e+00
7.542639737289960067e+00
1.520349871109173989e+01
1.851015197368167264e+01
1.602694323671256882e+01
8.793010552677273495e+00
2.778387987468519782e+00
2.587282099727431728e+01
1.803506003930068857e+01
2.331025792309553424e+01
2.031395199442064836e+01
3.006255657973073880e+01
1.486062548161513064e+01
1.558407123248628068e+01
2.194198748326414972e+01
1.611877113165260766e+01
1.796066175245559293e+01
1.169536895821826761e+01
4.348327523730873168e+00
2.335575407210545507e+01
1.063258849665193395e+01
1.152743145371391620e+01
1.530914138499556998e+01
2.709361947437888318e+01
1.118500188085263858e+01
5.619769847838782084e+00
1.978286780355466590e+01
2.436286344553579397e+00
1.307003700857913486e+01
2.693384530727258408e+01
9.388846128566363802e+00
2.900358945656373777e+01
-1.820675434496735079e+00
5.628306994683910602e+00
1.669216741181756447e+00
1.529108868149096168e+01
1.417194437204589974e+01
2.509236942803124748e+01
1.336081820222962335e+01
1.786000349606684523e+01
3.465210221415173919e+01
1.213996682268822269e+01
2.831893568806128769e+01
1.516651266997830305e+01
1.558989727883279386e+01
2.601269067695384507e+01
1.352295495606058751e+01
4.958825437172706074e+00
4.851909609265575796e+00
5.782482487124951831e+00
1.058034814413659319e+00
1.543659908570661798e+01
2.183521655014393303e+01
2.095878757041825224e+01
2.577537314689971026e+01
8.889399832633287701e+00
1.515069387894007491e+01
2.699422588451080429e+01
1.541476001824548803e+01
2.165162160649465761e+01
7.050747758641293217e+00
2.415964131257271674e+01
2.211665606623665070e+01
1.598910390622410205e+01
6.264335269518042537e+00
1.717463891523936326e+01
2.291782281488318063e+01
1.388228712904619044e+01
2.393795181534106575e+01
1.486952602443506066e+01
1.637631774265500439e+01
1.816114153218736504e+01
3.943377564697831872e+01
1.627011131470882788e+01
1.236604787826148311e+01
2.921433945451354930e-01
1.199150532508200229e+01
1.561868358726883343e+01
1.530158763200634553e+01
2.087092018098752533e+01
2.197149908367605775e+01
2.295820207075643538e+01
1.022206448378307186e+01
1.629607447230014827e+01
2.020917452630451550e+01
2.420055998196809810e+01
2.374087262823346123e+01
3.025847766551606810e+01
1.138635074385031487e+01
1.614587301268143449e+01
1.752253435442968055e+01
2.537834028598659586e+01
-4.792834903464893159e-01
2.381770984046642070e+01
2.068291784659284360e+01
1.258243259577422180e+01
1.911589266876116255e+01
1.748057207466074203e+01
1.909928633721025193e+01
1.273291426504066237e+01
1.694393118850211977e+01
2.062446532486918471e+01
2.035128943249542033e+01
1.685752553351196070e+01
1.424030037345984567e+01
7.429681813019499259e+00
2.150238407597711898e+01
1.829535234992691528e+01
1.057108591004914899e+01
2.344802657798408063e+01
1.096767309475981733e+01
2.183095122937853461e+01
4.831430040652961111e+00
1.349707418820594285e+01
1.786722077477012505e+01
6.935280475237945552e+00
1.618042514196096704e+01
2.307336504898181317e+01
1.207000947769766697e+01
3.392794069292918380e+01
1.741197655631171415e+01
1.117867909093867240e+01
2.440790848301224258e+01
1.542395314519151839e+01
6.898286991292536641e+00
1.942412969576601256e+01
9.290412913328125910e+00
2.099267107446401326e+01
8.016030832183460575e+00
1.618319653918698009e+01
4.505839521491793676e+00
1.942773598752491893e+01
1.578086735101342697e+01
1.077445826759328895e+01
1.778647896527292005e+01
2.344656404760699786e+01
1.989288850826621058e+01
2.682543364837477640e+01
1.156571784981582596e+01
1.382137140144730836e+01
1.259680472363123727e+01
1.399212548283764335e+01
9.371072264621190584e+00
1.056480807787831111e+01
1.164072836033096081e+01
1.198987883141714406e+01
2.329062027813208147e+01
2.094001224187763199e+01
2.289825504467732031e+01
2.343417951963699863e+01
1.151523951162563719e+01
2.798053310747684463e+01
1.076057412054534268e+01
1.906215031175680252e+01
8.573638652273345429e+00
2.689261542744921485e+01
1.115912537503326973e+01
1.955740638115671004e+01
1.627476579868357476e+01
1.726330046635696647e+01
1.807403414462374514e+01
2.610864356568689004e+01
2.068187029469245886e+01
9.032973381899296328e+00
1.934736364008774956e+01
2.365037505205755508e+01
1.836215451466857473e+01
1.088465808691857717e+01
2.059512817036989674e+01
2.079899274590813008e+01
2.118772887901877766e+01
1.252744376721119579e+01
1.385782877113558698e+01
2.294886546801073024e+01
3.434454834768035880e+01
1.455244254265524262e+01
2.176660739143368772e+01
1.168351819806048297e+01
1.524179760069378631e+01
1.183087068586216617e+01
2.019892356387591548e+01
1.019496552742778306e+01
2.231964802251709301e+01
1.682240585544312239e+01
1.053705610563081052e+01
2.036951848107896978e+01
9.031102291284113903e+00
1.774692916673526355e+01
1.196110021303215376e+01
1.190246358911493019e+01
-7.764555420986454237e-01
3.235258473629043863e+01
1.852340296725303403e+01
1.021570886849900717e+01
1.756633904219253850e+01
1.638669748624447209e+01
2.504057256002373322e+01
6.416450485842617013e+00
1.714181243878580574e+01
1.864168966554112217e+01
1.245115617479817161e+01
1.114779446712884692e+01
1.037727470467413582e+01
2.054514691752811473e+01
8.448994722627105602e-01
6.165305931361501735e+00
1.878526830360340227e+01
1.824509275421371512e+01
8.930960046580921130e+00
9.220514516283614626e+00
2.409001790162916024e+01
9.779959013681093438e+00
1.973174727817895757e+01
2.261347136109201017e+01
1.849886192505983473e+01
2.138097724737852445e+01
1.472788502383328080e+01
2.354193963257728939e+01
8.519855756051143203e+00
1.693782449535353862e+01
2.178529931770191297e+01
6.059559819036451245e+00
-4.722178986272794532e+00
3.049957976834591022e+00
7.981822809714216760e+00
1.199263527255422446e+01
1.604873946443066757e+01
2.120914335656863159e+01
1.985127999283950828e+01
2.160372592173341388e+01
-4.536576832584131580e+00
1.404983878167860212e+01
8.699479969990193240e+00
1.103850147821108862e+01
2.846036565271997176e+01
1.593003955901258450e+01
9.270201925994768999e+00
3.021329736524248233e+01
3.587398846474002312e+00
1.622278994962134391e+01
1.394637258531541590e+01
