-1.153846043729910775e+01
-1.932645943679428058e+01
-8.675505480739786890e+00
-1.913502850451746440e+01
-1.571194911012219109e+01
-7.845367623731689832e+00
-3.751923711744623802e+00
1.247915395942249006e+01
-1.584985564599382712e+01
-3.290861652981504903e-01
2.031293141355308762e+01
-1.420721146796796575e+01
-3.082348322195940682e+00
-1.759301009817318118e+01
-2.687795869535931104e+01
-6.615103384124523700e+00
-9.140637806591485059e+00
6.957172039511746675e+00
-1.644938097571977664e+01
-1.640534663592643483e+01
-1.367151063623286689e+01
-1.137694820265522822e+01
-2.516594171134120472e+01
-6.789106460533915310e+00
-1.921673459839486497e+01
-1.950859244939503867e+01
-1.415805792949551289e+01
-1.012121486622564248e+01
-1.202198143032978805e+01
1.114271427130262282e+01
1.631173501296927952e+01
-1.445071140952802580e+01
-8.361302904708907136e+00
-1.737231601521753532e+01
1.007769055410904002e+00
-1.300686072235042445e+01
-2.756017099905378132e+00
-6.921395957045575642e+00
-6.610915906447260681e+00
-6.372223237944581342e+00
-2.175593025070511999e+00
-2.629030437449259239e+00
-9.872051137094388196e+00
-1.085519697103212877e+01
-7.905867515147505742e+00
-8.896352447238626837e+00
-1.477894677026581860e+01
-1.781369443591611912e+01
-1.992186225480584483e+01
-3.154098892527201770e-02
-3.928239253113858354e+00
2.950284731973766839e-01
-3.276136300625495323e+00
-1.509098407732946612e+01
-8.192555764431077137e+00
-6.249807268079322853e+00
-1.791768678600220710e+01
-6.627705677346114044e-01
-6.433746656918657436e+00
-1.189058869723447742e+01
-7.351197760111062962e+00
3.340096138481442267e+00
-1.503206779973947960e+01
-5.187858908974931182e+00
-1.793316571208161747e+01
-7.545786005778438721e+00
-3.792539229431383774e+00
-8.033870025512442226e+00
-1.369559201852074182e+01
-2.303700139218037179e+00
-2.020948887521254278e+01
-2.363999072105920618e+01
-8.692183769432475060e+00
-6.773169279090140549e+00
-1.563232077767214889e+01
-1.140588987032704438e+01
-2.037712474284447239e+00
-1.669664509406342745e+01
-2.182129997087007212e+01
-5.812965357217791507e+00
-5.459762647501619881e+00
-2.244505365859680523e+00
-2.067029478930408004e+00
-1.239034506193358709e+01
-1.742988498409458487e+01
-1.033122247654422665e+01
-3.517465045259157819e+00
-5.989103123877725920e+00
-4.651419528022387340e+00
-1.657522407228188399e+01
-2.247765749312139860e+01
-4.858589352171989617e+00
-1.507361436654618103e+01
-1.164463163241747168e+01
-1.873834775566734834e+01
-8.721875879247235730e+00
-1.055398270417975937e+01
-1.282313576519666753e+01
-1.948481833144214193e+01
-1.119138616427284205e+01
-2.058981737854129790e+01
-2.357247977836604491e+01
-1.717900136532708188e+01
-1.924372254891783030e+01
-1.324088371611803439e+01
-1.094496726961016009e+01
-1.793435671094655959e+00
-1.745575416765026944e+01
-1.099096942093694906e+00
-1.207997332899680032e+01
-1.718043993639963674e+01
-3.067557800638836341e+01
-1.264932193843540631e+01
-1.030886876300996846e+01
-8.093926493295711566e+00
-1.927231618133068025e+01
-1.544666825931624032e+01
-6.383364303672280471e+00
-2.248150722765903708e+01
-3.799417388425737840e+00
-5.011951808580576539e+00
-6.670727357017497638e+00
-2.505386374431267882e+00
-2.230476083091598127e+01
-2.584896992750842060e+00
-4.628613644661243143e+00
-1.456988396032684818e+01
-1.601282643005674799e+01
-1.467931289006286022e+01
-1.532534012414868130e+01
-7.082195305465859292e+00
8.445267630283979088e-01
-1.324354295341498755e+01
-2.370650869309122299e+01
-1.814963241962001916e+01
-4.180932636122477675e+00
-1.159448354170289974e+01
-8.423300539951242172e+00
-1.999220375141587169e+01
-1.283868279048226668e+01
-1.779569492293140343e+01
-1.552614968540677864e+01
-2.185572792522603436e+01
-1.287402692136571147e+01
-6.945224242065293652e+00
-1.891051597742068680e+01
-7.367885959518204686e+00
-2.045539797581994890e+01
-1.487577327565216478e+01
-1.292089861678795160e+01
-1.398291121801005943e+01
-4.778656942435105748e+00
-5.757851881548816664e+00
-2.417257482599778484e+01
-8.309505226093804708e+00
-1.840689403712079297e+01
-6.853767352019701775e+00
-2.320015991329270832e+00
1.610105994807625507e+00
-1.702017586428783602e+01
-7.423850522996076506e+00
-1.442266790636286089e+01
-1.563120653521377790e+01
-5.327166359513796579e+00
-2.062318008915465839e+01
-1.728412837280079373e+01
-1.367725652704675099e+01
-2.842128823300100748e+00
9.665169823081640743e-01
-1.156039525939800683e+01
-1.840116919934447992e+01
-9.412564280941481343e+00
-1.417723681589961870e+01
-1.997103463715387761e+01
-8.670296101087402008e+00
-1.512275630387928516e+01
-1.711300430715112952e+01
-9.210692276436603265e+00
-1.093072608022676206e+01
-1.095296245933187151e+01
-9.377095571941509888e+00
1.165219299568647671e+00
-1.061006704980518123e+01
-1.634520326344130581e+01
-1.220468838292229918e+01
-1.415546101865402306e+01
-7.005160590359665207e+00
-9.001398786793203044e+00
-1.513722260474798986e+01
9.424695814509092884e+00
-4.000673672122118774e+00
-1.043729115645399474e+01
-1.872552331036015971e+01
-1.755607712110791852e+01
1.191648574749564204e+00
-1.101779178621663391e+01
-1.951553250226970704e+01
-9.388223289654391124e+00
-5.672535680089424659e+00
-1.243046246570726510e+01
6.951553450198417750e-01
-6.359358202496892432e+00
-4.808531059435480870e+00
-2.395414233250723157e+01
-4.551562784147677121e+00
-1.471772295371678752e+00
-1.437784839001349724e+01
-1.986827515259723498e+01
-1.776089297977667059e+01
-1.843881414826469722e+00
-1.512072882267290197e+01
-1.730786313608295757e+01
-2.575929761824994557e+00
-1.141561571612032822e+01
-2.464836389751681622e+00
-1.368608323600474819e+01
-1.865792430316770378e+01
-9.172998868300766162e+00
-1.187825457662474093e+01
-2.043977944670528757e+01
-8.814940627156744313e+00
-9.945798205137307946e+00
-6.875358068067967565e+00
-1.449514792236816163e+01
-2.595367836874655154e+01
-1.594050891901038369e+01
-7.993508205157382918e+00
2.800925659963127146e+00
-7.668286246630657388e+00
-1.222812387574346360e+01
-1.169634074245524857e+01
-6.207327646328252513e+00
-1.591988719585583567e+01
-1.986937223901217919e+01
-1.260029070213192881e+00
-1.481394277285900785e+01
-1.845171850424884497e+01
-6.809564050940750235e+00
-7.654745217749081121e+00
-8.598238477639029043e+00
-5.565662685766554318e+00
7.597214222732446842e-01
-7.383828275981301204e-01
-1.349749754475182328e+01
-1.503304512902596457e+01
-5.181408011825595850e+00
-1.951725909008499116e+01
-1.044565969251208060e+01
-1.506239349104995995e+01
-6.879159880780164826e+00
-1.767992695291046346e+01
-1.561230356303340727e+01
-7.839417194113025289e+00
-1.825183477559940570e+01
-5.181174623921222633e+00
-1.687945796091693751e+01
-1.509226255870800060e+01
-2.986448928739406483e+01
-3.649261451452957772e+00
-2.157056939196674250e+01
-7.686566461330343714e+00
-4.864757290061575645e+00
-9.286952677545727397e+00
-7.902635610382915843e+00
-1.593418965553678390e+01
-1.140989888766341664e+00
-1.815894664674726755e+01
5.321551021064948372e+00
-2.158716151153723217e+01
-3.313707664914772977e+00
-1.469522422221712077e+01
-4.914986013613528826e+00
-5.463458589161689360e+00
2.204043755317826481e+00
-2.882276700495424393e+01
-1.062453975352742930e+01
-7.197015992747239466e+00
-2.172513730434167201e+01
-1.880384906182395355e+01
-1.823038680348933838e+01
-2.047525154421106208e+01
-2.313673669138822220e+01
-1.801807245840720384e+00
-1.627962005593641948e+01
-1.017797610150992682e+01
-1.034688280490054524e+01
-1.126589986138326083e+01
-1.061366265349738569e+01
-1.850258600256512409e+01
-1.000864544218298136e+01
-2.512650111562687982e+01
-1.284215351857666576e+01
-1.175070985965194836e+01
-2.076009932860554841e+01
-1.149950661795782025e+01
-1.855577072623751178e+01
-1.112605301900370591e+01
-4.709507098906627220e+00
-2.723497954781640829e+01
-5.286733968091951397e+00
-8.351360876542827327e+00
-7.773593269143816542e+00
-1.400080948417466686e+01
-1.151381014115642643e+01
-6.879777140396939217e+00
-9.765629658061058649e+00
-6.402353661864353285e+00
2.664857236884699887e+00
-1.972355523565096291e+01
-1.948412450191368350e+01
-7.692008671820602217e+00
1.234121983507876052e+00
-2.536619700487577234e+00
-1.406257361515525872e+01
-1.199338358021630313e+01
-2.317948180902044442e+01
-1.355341529992647054e+01
-1.621251628661558186e+01
-1.252537761271938166e+01
-7.083418771350935117e+00
-1.263880352140061802e+01
-1.240295333439078718e+01
-1.267687663556129962e+01
-5.669854602872874239e+00
-2.051672650361358308e+01
-1.323915706897977884e+01
-4.565803304291378595e+00
-1.075906130810420791e+01
-1.200508774787222421e+01
-3.271817777284098838e+00
-1.309158897410834754e+01
1.172944712432411052e-02
-4.297519443883118129e+00
-6.004084832977937936e+00
-1.170005260810398795e+01
-1.646959679745491201e+01
-7.225736274167417150e+00
-1.755745440119382295e+01
-5.614986947243167492e+00
-1.386698338437290090e+01
-1.077535058787182720e+01
-1.487682543918685951e+01
-5.055155915254275101e+00
4.677052305989278125e+00
-2.073412490402174058e+01
-1.768324187894828015e+01
-7.950052381116563538e+00
-2.329436091164052414e+01
-1.335248482431828165e+01
-3.861526215491068115e+00
-1.070873601594142599e+01
-1.813019878225607329e+01
-7.580688104497383506e+00
-9.865752770241257963e+00
-1.538420939600197812e+01
-1.967717688209660309e+01
-7.721173182404569957e+00
-5.160101123464684747e+00
-1.121773141325110146e+01
-1.039787008078965869e+01
3.730327107569110012e+00
-1.540018615257228873e+01
-6.493418240492275118e+00
-1.168977956469439050e+01
-1.364313872119703319e+01
2.937139283950230606e+00
-2.153890300022892745e+01
-7.867307167546329083e+00
-1.816972913451222382e+01
-5.080404208059874804e+00
5.043067832891154012e+00
8.542017406422957038e-01
-1.748815398170999913e+01
-1.242566875328779474e+01
-5.738499993285117284e+00
-1.510720275381839883e+01
-9.606825898206807324e+00
-7.347026261777841682e+00
-1.937079048777822265e+01
-1.851872920085597229e+00
-1.605987930109279205e+01
-9.268517897853271847e+00
-1.837190301505495427e+01
-3.244638598494276494e+00
-6.092107417041077611e+00
1.538687993834642498e+00
-2.067546471336910940e+01
-5.003353581853815513e+00
-2.143664464764702871e+01
-4.958497907860106579e+00
-1.971058754346424280e+01
-9.455835236159003898e+00
-8.274135934934705006e+00
-7.142745488816430566e+00
-1.381982586189482731e+01
-1.861086372547941892e+01
-8.292766045760757265e+00
-5.503292025346610217e+00
-1.685848176335682069e+00
-1.371109405114478363e+01
-4.746923761099594685e+00
-1.390941733764262267e+01
-1.629988725628292912e+01
7.323917741765910705e+00
-4.746208613202895776e-01
-3.197205499447591137e+00
-1.312438796325554335e+01
-3.676075964602162571e+00
2.692228382875654802e+00
-1.066629195558334686e+01
-9.571486468148989957e+00
-7.678492681691906796e+00
-1.242171139320920759e+01
-2.343975383835669390e+00
-1.011093074518906576e+01
-1.719950272550863701e+01
-1.618826541434874855e+01
1.185238160417615916e+01
-1.422161504185287129e+01
-1.184653406955328592e+01
-1.306721549408830185e+01
-1.882299825334310128e+01
-5.774565355943465761e+00
-6.029656088342861153e+00
-1.000264378762642536e+01
-1.162183175060799556e+01
-1.065361058306093867e+01
-9.370547605185066686e+00
-2.669868585166355501e+00
-1.079640891976507078e+01
-5.526398090416492437e+00
-1.941647705824451009e+01
-1.559390683554595114e+01
-1.283681205867286224e+01
-1.301927964809112837e+01
-1.794389737219110259e+01
-7.502738064429948395e+00
-4.798384059925055567e+00
-1.620951819975122987e+01
-9.074772105759109309e+00
-8.347484416344585156e+00
-1.269500951397692745e+01
-3.302310384005366473e+00
-1.481225251860662695e+01
-3.404046902023083021e+00
4.673575868060709126e+00
-1.220404743132365866e+01
-1.121841451430942982e+01
-1.412469824242108984e+01
-4.417421113277839595e+00
2.983964695846623272e+00
6.505454997157002595e+00
-1.360824544007058989e+00
-1.003046000301330309e+01
-1.728789381497250588e+00
-2.124170653573838763e+01
-4.072711770592619018e+00
-1.734621066534690215e+01
-7.767213939320498639e+00
-2.536240297577447222e+01
-1.785503598455595409e+01
-1.365117646039908550e+01
1.395816310985077280e+01
-4.649811305488668722e+00
-1.023878076000627857e+00
-1.514299296359912717e+01
-8.827773710537996976e+00
-8.129797353325756148e-01
-1.322144511982064330e+01
-5.017744308105136497e+00
-8.297425373506300161e+00
-9.381477615354924637e+00
2.181897429075235095e+00
-1.351195128179496407e+01
-7.454949256485406295e+00
-7.512157594721131204e+00
-2.132310829598776536e+01
-1.457897338973343437e+01
-7.508517608191993986e+00
-6.729984755776854399e-01
1.439197563184052342e+00
-1.671665812557660047e+01
1.931455017984404776e-01
-7.322558427742464460e+00
-1.520987670952493431e+00
-1.659969044173450925e+01
-4.657547672031554953e+00
5.633289271422185607e+00
-3.907772146125324753e+00
-1.608113973868610458e+01
-1.404803285451255590e+01
-1.934940977705505816e+01
-1.110059340485983626e+01
-7.878857567860393374e+00
-2.262915508352449478e+00
-2.854502601079923352e+01
3.264815411930840128e+00
-8.425886103246142511e+00
9.163285566135868976e+00
1.168666374414470965e+00
-1.069686751951590509e+01
-1.470639786021391160e+01
-9.908213529693028931e+00
-2.616978887400574649e+01
-2.096332283759662118e+01
-1.541023985894992165e+01
-2.473441585550797583e+01
-1.837461251865211409e+01
-1.320703866817110850e+01
-2.023118518449805947e+01
-2.359011284592963875e+01
-1.593494760183887138e+01
-4.743341396786789232e+00
-1.736909015059514161e+01
-1.086655380860334219e+01
-1.051868245595794349e+01
-1.565698412307266096e+01
-4.822942905091707644e+00
-7.611763959588515149e+00
-6.579748552893519786e+00
-8.342664460082147571e+00
-3.745919120323719653e+00
-1.260001144766789594e+00
-5.523869382042050802e+00
-1.620677603131554179e+00
-1.384796742141649872e+01
-1.097630083404607149e+01
4.500904496364313445e+00
-1.787856945200614689e+01
2.654484538874669397e+00
-1.042239901404639113e+01
-1.770121962575530006e+00
-6.459374304886011942e-02
-1.309848657160468122e+01
-1.507331973390284929e+01
-1.191268201552134087e+01
-1.389093508600706173e+01
-6.912844170079608830e+00
-1.617126826996488376e+01
-1.544432094968252045e+01
-3.332507654299618594e+00
1.766798913501062884e+00
-1.077813422276373956e+01
-1.390839196404390066e+01
-2.414896478471800378e+01
-1.331117272191690404e+00
-9.404317567241008646e+00
-8.584498208437366884e+00
-2.166677519049130751e+00
-2.527572266161826064e+01
-1.728744676941626324e+01
-1.711878900972962469e+01
-1.304609671390397807e+01
-7.243637766382519771e+00
-9.502294269266783999e+00
-2.546033442024403826e+01
-9.469929887735986540e+00
-1.837191439390319658e+01
-9.817887516911227408e+00
-1.260036947498274174e+01
-6.608601789907865509e+00
-2.443292906511274509e+00
1.823351350581774000e+00
-2.107865438738996033e+01
-1.249154478770689991e+01
-1.147709625847615200e+01
-1.700734765056046172e+01
-1.318236848045340537e+01
-5.110657570334041111e+00
-8.291059922117398173e+00
-1.788701146706276290e+01
-4.226391687720976620e+00
-4.546099716703821514e+00
-7.265905783451103161e+00
-1.781122783757564321e+01
-4.981008280978443281e+00
-6.032063393547460350e+00
-1.024705042403438426e+01
-1.621063640607435730e+01
2.158485859649630356e+00
-5.557164701114402305e+00
-1.302908620305404952e+01
-1.554481245804566925e+00
-1.274871771445950230e+01
-1.532299740000510724e+00
-1.030747837927999910e+01
-6.201225804879925363e+00
-1.336429455985884829e+01
-1.951557057189162947e+01
-4.803599791888288451e+00
-3.323522713130742545e+00
-1.284170201255217592e+01
-3.597637073315979706e+00
-7.251897377226441677e+00
-1.156798406531382284e+01
2.277694871501509510e+00
-9.138356914730479730e+00
-1.517867355257899931e+01
-5.818255231753454382e+00
-5.946922376277939293e+00
-1.174279694859890810e+01
-6.781815501457685968e+00
-7.092324319067657257e+00
1.853783549847776158e-01
4.111688505984346875e+00
-6.219750826468469995e+00
-2.768419535647026919e+00
-8.970626722817740983e+00
-1.086091338058250244e+01
-7.700693728088481294e+00
-9.354656538496030294e+00
-9.900707073586005436e+00
-1.047361075744322534e+01
-9.575502078235047065e+00
-1.148463564653280855e+01
-5.434971761387899392e+00
-1.026356047411698569e+01
-5.662307684173470079e+00
-1.149035567186272999e+01
-1.173394692314445820e+01
-2.076302288110304062e+01
-2.448815315406501725e+01
-7.959392971058932176e+00
-5.947709036341549904e+00
-2.426254084428470037e+01
-8.686716727591203835e+00
-1.244161698281884298e+01
-1.998180445655944482e+01
1.521969718965195284e+00
-1.307608024274406944e+01
-1.116471380109607026e+01
-2.059545437032107884e+01
-2.046714803729973653e+01
-6.453529647584161921e+00
-1.131497218948427985e+01
-2.303884845137686455e+01
-1.222912177715500093e+01
-3.126533575867924242e+00
-1.478731253934743961e+01
-1.074457914837086037e+01
-5.633928392641010419e+00
-2.519193529580111601e+01
-5.530625957201735332e+00
1.220520821804429090e+01
-2.662884331295946083e+01
-1.480706566183097550e+01
-1.094455042781459042e+01
-7.443846152581244269e+00
-1.028301040943486555e+01
-1.586539931515748947e+01
-5.736297863257632912e+00
-2.041147547874220436e+01
-7.535401118559505562e+00
-7.268302508355432678e+00
-1.198627424757435733e+01
-1.941457623722854464e+00
-8.836055167216684936e+00
-1.220780975992778394e+01
-2.492304593679148184e+01
-2.125490429081521881e+01
-9.722368534361422121e+00
-4.164154695813053308e+00
-1.582493372431028433e+01
-2.250449552399918218e+01
-1.198370109766943870e+01
5.841387525671194680e+00
-2.077558420151757446e+01
-2.216326242282832482e+00
-1.249217780115532150e+01
-1.199809337649730878e+01
-2.366899646873822860e+01
-1.207968614185384126e+01
-1.239900176802484566e+01
-1.436552579810208385e+01
-1.355876330459742007e+01
-8.961619033038459747e+00
-8.633301911618602276e+00
-1.784143175069272047e+01
-2.307951648100488740e+01
-1.477082675033938131e+01
-1.835959279308430325e+01
1.373684621024608532e+00
-1.882099241753167007e+00
-3.047598497644969484e+00
-4.778910574340343942e+00
-1.097778236030316634e+01
-2.717771045931982599e+00
-1.513442977759439145e+01
-5.316243174980101571e+00
-9.119155607080202230e+00
-9.039241640129105804e+00
-1.740938900906468234e+01
-2.945992897254299692e+00
-5.941978973144756537e+00
-5.105125969970771393e+00
-1.650363181004166790e+00
2.150387170214571597e-01
-8.009101079951321367e+00
-1.890215940249396454e+01
-7.684253825895552836e-01
-6.620099883952534014e+00
-2.526947341758703658e+01
-1.667831730561024983e+01
-1.447405434194477891e+01
1.162252127083732489e+00
-6.222552999490432057e+00
-8.586110671530661875e+00
-1.665128985932142314e+01
1.401303889509506462e-01
-5.534734247781614158e+00
-2.316705123686686818e+01
-5.568971423427015566e+00
-7.059277160494914938e+00
5.591547952148800960e-01
-5.721067577336896193e+00
-7.992096134492840065e+00
-5.150956310405476302e+00
-1.605177237489058939e+01
4.956680020064808900e+00
-9.702814148732542776e+00
-1.429255258158239883e+01
-1.028668627157276205e+01
-7.114516705225639726e-01
-1.654044376814182726e+01
-1.728698481607364101e+01
-1.346096746758827578e+01
-8.030865189530473458e+00
-8.834355111065150368e+00
-1.339011681263414744e+01
-1.344405802310366482e+01
-6.326790332138855888e+00
-9.291418466184950375e+00
-7.517201012496784074e+00
-1.365785274324626641e+01
-9.427113376495086072e+00
2.810414481333367576e+00
-1.022735442248378490e+01
-7.921153630453432015e+00
9.581102256432373565e+00
-1.722581252677429120e+00
1.636150597546196650e+01
-2.355641355923336278e+01
-8.637674409384658247e+00
-2.333953035068934412e+01
-5.095046108111233707e+00
-5.239926986491724392e+00
-3.182034969371841271e+00
-6.341745596511486838e+00
-1.863856998451493041e+01
-1.791678954928370615e+01
-1.409466531837227876e+01
-2.366215507922407824e+01
-8.705454647399719192e+00
-3.992943966842645409e+00
-2.406978952307638053e+01
-9.161253579745562092e+00
-1.070050039218423876e+01
6.874253660032735525e+00
-1.378942639429848782e+01
-6.858511877278942848e+00
-6.424964755003927053e+00
-1.516683533289732111e+01
-2.799006322746788555e+01
-2.111281200203916342e+01
-1.517310401351655003e+01
-2.782885316118770902e+01
-9.613602374029028397e+00
-6.207909580823226747e+00
5.635426455405095680e+00
-1.784427099059787736e+01
-8.335780016704148920e+00
-1.134665111315516128e+01
-4.139430444101947160e+00
-5.763826259554647891e+00
-1.228923888546707133e+01
-1.384166180092462639e+01
-1.348751215448342577e+01
-1.531817717874351104e+01
-5.247812121384598072e+00
-2.897661699301698945e+01
-1.492738824719120316e+01
-1.880653177589263692e+01
-4.503996853920995136e-01
5.405182661351219053e+00
-1.176260097108826130e+01
-1.451317127240865545e+01
-1.357423961380519017e+00
-1.928337548626222997e+01
-2.692504793542381947e+01
-1.584905745116311948e+01
-1.324471231985438635e+01
-5.876477371455408161e+00
4.681841815621510250e-01
-1.651619618168869863e+01
-1.307274791238786804e+01
-7.171075504074465812e+00
-2.096692025619229582e+01
-1.240950157632340733e+01
-1.745344914700481809e+01
-1.242300235817556597e+01
-2.062385408424331956e+01
-1.502413423764095057e+01
-4.419679558536444119e+00
-1.014120625195330661e+01
-6.350395327858649352e+00
-5.568451810382384792e+00
-8.875359494309464026e+00
-1.032039627303322504e+01
-2.193702790824124804e+01
-8.750193971872064935e+00
-7.881422745233663818e+00
-9.369833771205165363e+00
-1.049122988353539654e+01
-1.399911868459574293e+01
-1.567512986442550016e+01
3.669322103571388993e+00
-2.583485166564216229e+01
-1.489988795789356857e+01
-2.241937482135966775e+00
-9.450204572737945341e+00
-1.082368566839758728e+01
-1.483285087780278388e+01
-1.429632128613454256e+01
-6.702115497043891423e+00
-1.321059073118003369e+01
-1.235844871326260375e+01
-1.424635268874231997e+01
4.349568895892730325e-02
-1.757130449145464013e+01
-1.429981756820778571e+01
-1.772821337527162200e+01
-6.380971316467281440e+00
-9.792116887860331076e+00
-1.374639871912066269e+01
-4.004669619622205801e+00
-1.164223027486340811e+01
-1.097919601525487110e+01
-8.935238385422749730e+00
6.706501853376295230e+00
-1.006422810528624723e+01
-1.140229782520734148e+01
-6.378195359960614041e+00
-4.539642582662509085e+00
-4.417304065138324631e+00
-3.035908132661145942e+01
-7.344822435000239125e+00
3.980853265160675392e-01
-4.535396734320514156e+00
-1.424054292367992502e+01
5.040262109566469917e+00
-2.494642450856535731e+01
-1.625939750250110194e+01
8.271360316113629096e+00
-8.072495602852100660e+00
-3.936326787732852495e+00
-1.541307406675642255e+01
-5.504501577011211566e+00
-9.236599204798906726e+00
-4.175445739494747954e+00
-1.768441173782545661e+01
-7.492357136556904607e+00
-1.162209129450862122e+01
-2.159504042081636044e+00
-1.711180197554820381e+01
-7.789174476609261433e+00
-1.040515293427944243e+00
-5.805366558563974877e+00
-9.567158402109669169e+00
-7.003790795053163265e+00
-1.265137671961758770e+01
-8.466873867964707756e+00
-1.227569117039053026e+01
-6.941135727814668144e+00
-4.648850131575301248e+00
-3.713433096613954376e+00
-2.015749571703932475e+01
-8.250543791520627224e+00
-1.981155791260148646e+01
-1.249881618634566394e+01
-1.938855157195334300e+01
-5.677875307504137936e+00
-2.210840900629006001e+01
-2.804256189948034717e+00
-6.472875968718298623e+00
-7.200076232039009483e+00
-1.274301623306757847e+01
-1.320453674296052782e+01
-1.789730931017246007e+01
-1.670430386849436388e+01
-1.756261103588100525e+01
-1.793048235532606327e+01
-2.211362703929675888e+01
-8.548952223913204307e-01
-1.490741416081090165e+01
1.583083354302345924e-01
-8.786556039202963575e+00
-8.719936672399470012e+00
-1.112119441093905436e+01
-3.981185677348292984e+00
-1.464302799239438002e+01
-2.310595447388081425e+00
-2.497047134377035604e+01
-2.711094658616386255e+01
-1.293926890796771545e+01
-9.923979952832951312e+00
-1.401132749870426153e+01
-1.995205305718624800e+01
-1.327244128734558615e+01
-1.048944308553141980e+01
-2.012991606904439834e+01
-2.165759454919727034e+01
4.454742847245341864e+00
-2.095539877373326476e+01
3.630847148540638614e+00
-7.479846943774276724e+00
-2.486138256221789788e+01
-1.393673298577019182e+01
-6.272790936776885928e+00
-1.530102579716223943e+01
-3.680044340702778527e+00
-8.500598580893267808e+00
-1.368406709076404582e+01
-1.525616679017288391e+01
-1.537590051697112870e+01
-2.029369144436910233e+01
-7.231586446863829565e+00
-1.333260180370653813e+01
-2.047209384038410462e+01
1.070734837090483893e+00
-1.558168316572508161e+01
-1.948600354345018104e+00
-1.817277298168632171e+01
-1.009885371022203060e+01
-1.690553106581232612e+01
-1.414406610317654156e+01
-1.842677495166488200e+01
-2.144981192778497814e+01
-9.550951872234449525e+00
-8.998185615088686973e+00
-1.168315979451850239e+01
-1.063236619426248808e+01
-8.888856769924871060e+00
-2.180120470520247977e+01
-4.157196769541158687e+00
2.282901295483881654e+00
-1.847673669407210184e+01
-4.115365889436333191e+00
-1.457455316975736537e+01
-6.760662030241391562e+00
