2.575359272586849602e-01
4.554234322533261548e-01
1.905112336278540763e-01
5.961717771984578751e-02
6.845089210321885220e-01
4.900003199398823561e-01
3.554423327012963263e-01
1.359113710876360126e-01
5.583826717195586875e-01
3.824103906812630349e-01
2.958954585050571628e-01
3.602144734620733035e-01
3.149201285423725571e-01
2.613569532230562431e-01
6.700410987166697252e-01
1.149027148176784557e-01
3.472871831720807934e-01
1.310063163941694586e-01
1.212761820783011091e+00
2.163614205961562897e-01
5.759358695904235326e-01
3.084232846333168077e-01
4.371515045952584222e-01
4.040815793428225167e-01
3.141096317503211943e-01
1.395653682057899359e-01
3.345586043889022254e-01
4.556316502504421107e-01
6.743603607411087220e-01
3.554462256508232332e-01
4.615214098097064621e-01
5.271965648555684281e-01
2.027456333779686926e-01
4.664979264231908784e-01
6.602941306748100203e-01
7.099444069489131426e-01
2.433834885600332509e-01
1.519542948930356907e-01
4.968441937715430412e-01
3.237898134440949649e-01
4.656619615146891933e-01
1.856073989788621370e-01
4.180358833120853546e-01
4.304188145377430552e-01
2.723257371095989532e-01
2.359593237263986065e-01
5.249164849433257674e-01
1.562771835260496345e-01
3.897448445229224623e-01
4.292462174608640546e-01
3.740644531758504643e-01
6.499881947677273175e-02
5.816372982581528017e-01
1.150667530926732379e-01
3.887218665972997367e-01
3.377450934811286887e-01
4.778193782591795835e-01
3.082723584368239900e-01
6.357954978908831878e-01
4.498257382776238433e-01
1.078943118022465814e-01
2.666779100865752650e-01
1.367163094420503211e-01
7.427616625424143804e-02
5.823721624908183570e-01
1.344172208553306713e-01
8.368806735979608113e-01
8.010083510723358113e-01
7.922689921283543324e-02
3.136855893724672661e-01
3.792943247116134509e-01
5.787663511536470518e-01
4.773665537527390645e-01
2.380234781964359891e-01
1.083574900082731940e+00
9.577114759123395160e-01
1.162346957217073928e+00
3.340102480122169037e+00
2.602870003612662853e-01
5.745707015288885611e-01
3.467060772727759144e-01
2.921617957334037285e-01
6.874389685907185132e-01
8.969565945416149155e-01
3.405126232510964357e-01
4.746679372571308564e-01
9.101887301330510716e-02
1.745707475957539445e-01
2.568202405021051682e-01
4.394596765452710718e-01
1.695956380658202034e-01
6.293866461098902576e-01
1.335531005828778373e-01
3.127918874074619437e-01
3.098322212582274582e-01
5.215899316502595751e-01
5.644749253916364617e-01
7.885366898966565952e-01
7.302723170860177249e-03
6.712068327519081778e-01
1.539762642190578568e-01
1.834382450669087561e-01
3.360039225868965973e-01
5.922052922613645354e-01
4.841880618485727705e-01
6.690491744041209277e-01
5.245620269671544822e-01
5.096722475802150099e-01
2.527049938813524799e-01
6.056850904961260662e-01
4.525549950378235931e-01
2.270055756830174909e-01
3.933803988305084043e-01
4.930670350402563407e-01
3.488790759494336258e-01
7.666685481211395203e-02
1.509072177467849218e-01
2.944562517355907572e-01
1.634840419740445916e-01
2.701390032309369249e-01
2.242573885465392047e-01
2.430559520463653755e-01
6.789442017379195837e-01
5.325656831492543430e-01
1.454802800224181958e-01
7.678026689399496396e-01
4.249844316559620028e-01
6.109673228259007161e-01
5.596944950174856936e-01
5.667040630928787959e-01
8.131517387286928411e-01
5.259181832483140751e-01
6.301295025468212074e-01
3.570937275202473726e-01
4.344403004016999525e-01
5.373877726086647710e-01
2.679890046500531531e-01
1.649010060822426182e-01
4.447033655621592252e-01
7.388218642252492030e-01
7.874881241862961012e-01
3.284061555614133932e-01
3.082439957635599304e-01
3.273646022973404346e-01
4.528568716334884781e-01
3.605526755857755249e-03
5.298702188076072073e-01
4.118077662248574300e-01
4.882065224432315942e-01
4.055029290498730066e-01
4.823718200300430858e-01
4.045674937760272982e-01
2.646867268517619221e-01
6.314445333164815377e-01
4.192361048861901751e-01
2.751994486896109926e-01
5.175897158367332995e-01
4.937301273008207203e-01
1.831319755455150522e-01
3.444292939746630422e-01
1.019984634603823409e-01
1.314224261677284511e-01
3.027960712622480566e-01
7.422921689619592367e-02
1.565660235370142372e-01
3.190516240260539704e-01
4.387224709115707943e-01
1.892507480365553385e-01
4.593540330086835488e-01
1.766165871056666892e-01
3.687604025731283097e-01
4.616266464238165113e-01
6.999239667537995313e-01
1.910987253586038659e-01
2.888676448662227392e-01
3.709946344118482120e-01
3.293457945484447036e-01
1.098431259998332715e-01
7.174754035305420941e-02
2.015580972393256065e-01
2.166880058198731793e-02
4.718420149858943979e-01
3.806373655825973645e-01
9.355685136861670304e-02
3.508345952315338190e-01
2.667383030608620476e-01
4.425878355355684635e-01
7.425467845330607775e-01
5.551463783997939716e-01
3.160684126901650015e-01
7.872974022579177777e-01
3.194526883533520545e-01
8.101530915846715253e-01
1.072046071139316714e+00
3.757043835578997848e-02
3.470414385359862353e-01
9.762752846112447702e-02
1.650549800404226275e-01
3.904556985698122151e-01
1.462603295211260535e-01
1.367685435156745233e-01
3.534312987528727135e-01
4.654192534965539418e-01
4.232080881436816600e-01
2.009363496933336268e-01
2.769823077219214502e-01
3.387046225645081177e-01
2.066127411189213059e-01
1.361542315169897155e-01
2.972597022409178766e-02
6.251051594364182007e-02
1.952958720535519499e-01
5.758981041084572094e-01
1.088163994445801724e-01
4.267600491472272606e-01
8.934129671191866073e-01
1.047021517282466174e+00
1.337085666990319055e+00
2.048071937317540170e-01
2.988240483232592615e-01
3.792218773490219630e-01
2.912513158672414004e-02
7.614169428369260695e-01
6.993892752924074641e-01
2.426587983765366163e-01
2.652888571013804486e-01
3.488355944207304216e-01
4.302739902329605348e-01
1.883826247697330536e-01
8.078026249399351821e-02
2.427443496733382722e-01
4.374276482459235615e-01
5.821705893989450598e-01
2.144763982453515572e-01
3.162935054812520130e-01
5.650125553113126697e-01
4.031582512380661454e-01
4.079446500188493308e-01
5.350542240977851360e-01
1.213706859248814274e-01
1.098328026492606746e+00
2.703783174823011226e-01
4.468642624506529715e-01
4.126862591639524624e-01
8.784225826987386576e-02
3.193077949477170496e-01
4.141229325405822448e-01
1.823473351487560346e-01
3.348663299406517413e-01
7.848538990506620516e-01
2.918794789330164674e-01
3.098952701296621703e-01
5.807955403393247895e-01
4.465220851024245263e-01
7.160472072462760462e-02
4.212402383483693780e-01
1.654784566773192522e-01
8.321141475770670037e-02
1.909963884668682277e-01
3.860612692908621524e-01
3.414464046357379989e-01
6.089029642159452527e-01
6.208947220521370269e-01
3.114264889378490775e-01
3.072958184773361690e-01
1.504662745730002416e-01
7.254317436706174682e-01
6.213950282476327081e-01
7.025050928199912947e-01
1.924978948844617010e-01
6.800767362436463959e-01
4.384806277140395614e-01
1.321884520599163337e-01
3.788345801299110027e-01
5.221813129269461395e-01
1.942256860076847502e-01
3.461666853474619776e-01
2.835570569200266400e-01
3.455816657714398943e-01
2.475252165775499447e-01
3.859006893866211985e-01
6.872440899419166582e-01
2.154423818775333122e-01
5.374242543121112714e-01
3.648356857494169936e-01
7.788909480977554978e-01
7.962040810444951378e-01
7.033598764221480337e-01
5.071168304637183599e-01
4.563023725239294670e-01
3.499177617139502816e-01
4.552410962148184526e-01
2.654447657124250903e-01
2.117065578538448456e-01
1.370278951468510975e-01
8.217862858936565706e-02
1.493595467218155282e+00
2.278418917491681003e-02
1.530264711344837547e-01
1.436380041023853082e-01
3.087192939774066058e-01
2.524138359334042736e-01
4.024920897732336966e-01
3.808683088692812468e-01
2.966041641525842820e-01
1.000522568831496567e-01
6.460157083311443005e-01
9.203911443273761483e-02
3.310629544721604423e-01
1.962807167721393742e-01
4.265435528412687693e-01
2.517221618083093082e-01
5.575102734132041382e-01
2.968392670174684334e-01
3.172934195233693133e-01
3.716456701242910610e-01
4.255367641390860323e-01
6.362369656700126441e-01
3.929209785578184344e-01
2.822479837546403858e-01
4.987118480599630477e-01
5.029327548334319165e-01
7.607826102714695393e-01
4.682904787283976300e-01
1.793137505446683409e-03
2.417534366935588375e-01
7.000229682269929476e-01
4.505104601595132929e-01
7.884074826580158568e-01
3.002816145197095832e-01
6.071388221044146105e-01
8.138241474379739326e-01
7.844260926374488907e-01
5.181657139630185815e-01
1.017184522006449932e+00
2.306028588534210499e-01
2.132961712028051959e-01
1.188995654358190879e-01
6.898551979834049996e-01
3.725106389448518129e-02
1.660793978106552826e-01
1.345839913527898113e-01
3.973277213547102837e-01
2.998352918905380221e-02
4.958593137000638085e-01
6.912276892215547530e-01
1.345395796557333767e-01
3.788149886577922287e-01
3.147987980461932067e-01
2.878175406210690124e-01
1.271372603872596985e-01
2.452300482266128456e-01
9.733413558267287047e-02
7.410562214235209000e-01
2.656359904245086390e-01
3.290247302472677493e-01
4.949394130634863220e-01
1.152286180419613143e-01
4.244788345605791657e-01
4.640129154799733091e-01
1.971556353798657457e-01
3.713458295436403156e-02
4.937021880433269949e-01
1.460370835839444326e-01
3.747278979215581951e-01
4.965908035987084412e-01
2.444269388272540811e-01
8.471365470489086724e-02
4.367271584259285744e-01
1.080020936261092690e-01
1.749280803388256547e-02
1.290314860329495050e-01
3.416815358631725696e-01
3.520788711513482272e-01
3.886442853679312193e-01
4.676940028842729857e-01
6.170813280157728675e-01
9.925811199613589209e-02
3.575803476375422063e-01
5.510115317571382398e-01
4.901334139745413543e-01
4.737510089434287530e-01
4.518757144698082318e-01
4.014849050696439048e-01
1.741670979376112316e-01
4.665277471409375876e-01
8.682861964454579029e-01
5.719308752768629267e-01
1.127573904679325667e-01
8.297794948007199967e-01
6.328277163719131515e-01
2.336015139673704721e-01
8.136818123017054427e-01
8.324450097027797923e-01
8.863334771539245205e-01
8.864649759351230784e-01
4.228844085994921675e-01
3.746614330288905448e-01
4.933855620546075821e-02
3.374134749685694934e-01
5.732875457278678866e-01
3.298554441378464541e-01
2.671989652376099422e-01
1.840999571068182794e+00
3.468874865132208218e-01
2.061037537122205332e-01
4.690083261474725651e-01
4.137781963402453189e-01
1.027794709775223109e-01
3.245629944357042440e-02
6.862448815524253565e-01
1.054233165201956118e-01
2.326227915525554690e-01
5.195859701012929266e-01
5.791847658066799909e-01
5.804433508453210599e-01
3.829580827424308165e-01
2.100219193501100534e-01
3.751639804883147300e-01
2.691915707124331592e-01
4.103204080507722451e-01
2.604200778818137052e-01
4.555818855303416792e-01
6.709499292920669822e-01
2.432430223815182369e-01
4.206286852652996733e-01
5.771940880694131915e-01
2.682825840294775221e-01
5.101143904129072926e-01
6.781618329310232784e-01
5.013338566348805037e-01
3.771558043719809850e-01
2.806011430333170686e-01
4.636464744747375577e-01
1.419232261838816178e-01
3.334261945732544530e-01
3.637568283236541355e-01
7.117828621264488120e-02
5.426161251149307363e-01
7.905618896445095745e-01
3.949258306474926483e-01
4.318101258245444773e-01
1.811172185727409970e-02
2.223872017818034619e-01
1.754388811138516413e-01
4.060444044082360260e-01
3.222457778492784919e-01
9.239528968449889357e-01
3.014543864669506634e-01
4.966350072491017009e-01
3.686572050182809202e-01
1.773764691401435167e-01
2.216082478775051323e-01
1.413135424022685216e+00
4.258559130791024772e-01
1.636230001552590463e-01
3.741562789033346381e-01
2.544181729022566008e-01
1.190722358058282193e+00
1.193829429552764276e+00
3.617544524440762799e-01
3.485977993250077844e-01
1.401307363313605059e+00
1.398950298980723705e-01
4.645500987804515036e-01
4.912737333149811425e-01
2.492873362885774102e-01
2.462368535339583553e-01
6.760658245618720308e-01
6.397085308245247237e-01
2.073655077635608024e-01
4.301937555401132429e-01
1.636143570835625061e-01
4.016767178571979957e-01
2.032609657260046609e-01
1.164638974047561421e-01
9.683205860518638852e-01
5.580078951085045702e-01
3.858443215364394940e-01
3.302970703879289371e-01
4.226867792364120691e-01
6.075724954297632152e-01
3.976708519437262002e-01
4.978593103076966453e-01
5.795445307343349839e-02
2.341955425421940462e-01
3.422291681451702372e-01
2.814349568186411688e-01
4.072063834754561795e-01
2.090955510807199769e-01
5.988997226546446395e-01
2.395588857257824056e-01
6.282365729729043613e-01
2.871402469884875019e-01
8.798857192441155162e-01
1.719438879418098365e+00
3.005932585994427475e-01
1.929222341019270204e-01
3.984377355978830360e-01
3.613451003271624939e-01
8.861768719999424393e-01
4.386648490960046720e-01
1.286667605649156054e-01
8.598919975518648506e-01
2.664583574750189476e-01
9.070648364819898779e-01
2.334470701999367404e-01
5.399856003362362156e-01
2.834226329563757085e-01
7.512810842137801481e-01
1.039157174627672875e-01
2.557609555232298049e-01
4.008381239127667417e-01
4.633229061078393829e-01
2.939473050950486277e-02
1.037293738973206869e+00
1.059401893985003479e-01
3.922276662046237372e-01
1.304393442470252185e-01
2.947796036672946096e-01
2.152439573841475329e-01
6.203215203466717204e-02
2.254337699308517073e-01
6.360408640981647654e-02
3.891551334391166739e-01
1.863762318945146323e-01
1.099676726700903606e-01
5.900801815182581123e-02
4.461942875961693034e-01
3.990711700854127075e-01
4.189703658553481369e-01
3.314030563579344890e-01
5.442496265477302780e-02
4.138320329985541446e-01
2.859379993902095296e-01
6.734492632647690047e-02
9.422713320692911454e-01
5.623174949737487216e-01
9.594660656556841527e-02
1.465437752764261192e-01
3.722814738538978152e-01
4.620873794493545739e-01
8.560521122835230701e-01
2.943509543703705655e-01
4.130903102087253309e-01
3.021932575156763834e-01
4.685307692064542007e-01
4.246209732585874419e-01
2.720346577205100536e-01
2.300789652726859535e-01
1.649632138625996974e-02
1.924969048511714076e-01
4.070512811812024845e-01
5.752468800867016618e-01
5.328209207205468756e-01
2.235697685912770849e-01
1.057205612379673310e-01
3.760032276448370681e-01
4.008011990998666119e-01
2.957835945501520736e-01
9.559020210387746408e-01
7.456687556241494708e-01
3.830513813569915160e-01
4.452270181454740655e-02
3.289546646122128992e-01
3.478132487134975685e-03
2.685001987268110790e-01
1.574254723634155584e-01
3.283262746470842486e-01
2.408529495191372993e-01
3.572878369185266689e-01
6.385221789753123267e-02
7.067798819357647977e-01
2.948625614176317300e-01
3.004682736509226570e-01
4.882178321190994152e-01
9.215955984072901619e-02
7.540654531957773354e-01
2.597974227602343200e-01
6.907714272665749222e-02
9.446056536640379253e-01
9.279954675200517977e-01
3.643744103766457521e-01
6.624160772971537936e-02
1.688613509410463454e-01
1.409351924839497283e-01
1.995319852965166951e-01
3.572828472828813440e-01
5.099155607927831069e-01
3.962991026705139364e-01
4.180165749381035134e-01
5.654610598088823936e-01
3.731726129463951436e-01
2.326400025085818557e-01
1.679390648272532094e-01
2.469565569580835229e-01
6.247549877327179813e-01
3.219796348194864377e-01
6.589514432387411080e-01
4.603361053572602862e-02
4.693623436422699746e-01
1.668583369577884834e-01
2.243992228505308217e-01
1.509865004500651753e-01
5.314029540149154407e-01
2.281744452220008934e-01
3.043013809313732110e-01
1.134049613129502587e+00
1.073145351829925209e+00
8.330278838396475427e-01
2.300744769866945871e-01
1.889820761678345229e-01
3.050595066808637901e-01
1.642947993974711585e-01
5.638790307427851145e-01
6.592274173809195004e-01
4.273626216315060677e-01
7.290579897223951056e-01
4.311498244690835091e-01
5.935664859726170750e-01
3.191761755660344480e-01
2.296910045113101720e-02
2.149821244283858790e-01
6.283617384764080827e-01
1.874578466723286208e-01
3.234530247233835532e-01
1.147461173954332336e+00
4.642945416054015118e-01
1.195113027269480675e-02
7.007845179157417004e-01
9.055507167256473533e-01
9.500540475056097334e-01
4.941053296082784652e-01
3.719669256994103668e-01
5.133129734816979095e-01
7.588387913810176189e-01
3.589772494451284879e-01
3.832130859451648441e-01
4.212740783805413725e-01
1.979480683503910265e-01
3.095032845463711046e-01
2.848243140746158919e-01
6.213367265432130360e-01
3.153853659382260255e-01
1.752174051441132419e-01
1.953016810977680762e-01
1.913502399608429938e-01
1.048966828122087080e-01
1.655646352044241043e-01
2.121839007027023494e-01
6.524154931163480553e-01
3.661760867303973099e-01
2.240345204550741598e-01
3.535978787242557986e-01
6.037167929868920702e-01
3.943352850167717860e-01
7.168648823985681595e-01
1.736699599526595195e-01
2.811788207098151471e-01
3.013287644503011564e-01
1.813810630338966168e-01
3.261984388544736380e-01
3.968814660812436945e-01
4.080397162916720166e-01
5.818523766758936233e-01
5.733324920869610208e-01
1.116057113766519282e-01
8.825089959883454516e-02
3.299743577553113094e-01
4.846692658030961609e-01
3.864626533962217114e-01
2.512891184727790161e-01
5.820755160575911136e-01
1.238275694146720590e-01
3.178473071061997945e-01
1.087756157292660841e-01
3.054307739030747912e-02
2.136957715147180248e-01
1.118948792722114921e-01
5.921154590709652027e-02
6.529801907476954215e-01
2.938198552256461871e-01
6.970467272034605033e-01
6.512566149585969910e-01
3.331829890196472133e-01
4.158516953914500047e-01
7.172452156153622527e-01
8.999161432337015043e-01
3.381534281237972839e-01
2.902125125007814499e-01
4.140458922490580784e-01
3.222049091333076265e-02
2.432596731878569063e-01
5.677121187483694653e-01
2.757662860775287328e-01
5.070683925471195508e-01
7.071700743407286494e-01
4.788752060717341719e-01
3.290244053133093982e-01
8.204115900415764884e-01
9.886495071250321620e-02
4.656906380503948450e-01
3.111641106143628321e-01
1.049471186197623584e-01
6.936151407533241997e-02
3.862275767246297065e-01
9.880645155728286222e-02
1.526809984671413933e-01
2.789898698967182011e-01
2.416193285182010320e-01
2.295610883435703908e-01
5.033376658546689919e-02
1.781959761338891002e-01
2.455097636613814138e-01
4.150093266904907319e-01
3.335822572461462077e-01
3.984996851045365385e-01
6.526954648859001340e-01
6.424598214711383370e-01
1.099545178703088544e+00
2.216410294544006454e-01
6.487730025021315461e-01
4.877386387792187472e-01
6.389967072147501037e-01
4.320167526599862362e-01
3.841928823432397833e-01
1.990411504082165439e-01
1.221354598279903031e-01
2.146267340565472248e-01
7.321766527615097830e-02
6.403705893273579086e-01
2.113248514171527093e-01
5.277219988318782029e-01
4.103969095894113295e-01
4.114863456973871236e-01
2.332582475296792468e-01
8.680527019403739830e-01
3.089284084632178129e-02
3.725048243075971266e-01
2.000000476870232302e-01
1.853546398020884389e-01
1.478487089962698953e-01
4.509433506990822571e-01
5.231283755484338049e-02
5.607278876439566462e-01
5.648857098931017173e-01
4.929263026510588563e-01
4.092443347024126155e-01
7.068052999059794284e-02
1.433335024281417180e-01
2.787184970049104704e-01
8.623764647466454492e-02
7.303554458484434742e-01
6.466355321270064183e-01
1.774645937576101173e-01
7.690473378687927575e-01
3.737243791503687129e-01
5.334147611771304920e-01
9.000129208875765618e-01
9.665275833196601551e-01
2.412341700255855592e-01
1.144400330840416313e-01
3.488029481504067997e-01
6.926381902595095397e-02
1.216764450621703707e-02
5.926958389660857973e-01
3.530857737318460199e-01
9.974050061883282803e-02
5.619408719773335559e-01
6.325744893083361520e-01
3.538075207540587463e-01
4.081904920885349175e-01
5.046404983549191980e-01
7.540977940866433471e-01
4.025459131839111415e-01
2.389487278557749228e-01
5.425966263498874786e-01
4.806654214336078534e-01
2.524602241020683091e-01
2.510838614029397564e-01
1.317541982871569262e-01
1.121429903944072687e-01
5.830423588458291118e-01
4.833187000076046014e-02
6.576765670717622525e-01
1.884360437202177163e-01
1.149924791582956629e-01
2.286671030136715743e-01
2.267117558116258091e-01
1.800098692337190331e-02
2.547059523109286849e-01
6.437715019718287524e-01
1.383082935726425988e-01
6.744037867882759496e-01
6.434033660596000237e-01
4.088387905397927180e-01
4.549505374975267302e-01
6.475734397086053695e-01
6.612278234043846847e-01
9.960350966488854541e-01
1.154528659031559962e-01
5.919150034402294036e-01
5.552923297065616159e-01
3.292304572328890178e-01
8.462639631735102697e-01
6.340647891372694356e-02
1.216439900725560380e-01
2.327119304865650218e-01
2.118421600948315608e-01
8.591165407316754543e-02
2.441773199101388292e-01
5.226690500559949548e-01
1.653073721846280097e+00
1.559381055932904436e+00
4.827455508823421670e-01
4.778480992933404892e-01
5.516840512131396812e-01
4.464991785922687306e-01
3.719890451740595627e-01
3.926639957578123563e-01
1.106007108275941925e-01
2.699556033683723211e-01
3.917593735725791865e-02
2.463055141818709659e-01
2.227283006579975355e-01
6.810192027504731183e-01
5.491868760805906913e-01
7.498527301839292836e-01
3.496160428749495730e-01
5.290344626106009418e-01
1.859492739920178828e-01
2.152958073527396210e-01
2.394914711611393077e-01
1.749844216047477807e-01
2.872129677613366461e-01
2.495676322318338691e-01
2.074959011001904496e-01
5.251260659704046763e-01
2.911039602615873578e-01
3.482179755241014418e-01
3.877075258868394325e-01
1.195682518882930923e-01
9.613267642392345214e-02
7.948452480682780541e-01
3.741600625126887958e-01
7.233605904749029758e-01
3.592369736558121973e-01
2.987101344406312142e-01
1.011487855254666474e-01
6.308068180227812682e-01
1.421466291022877027e+00
5.834787682346228577e-01
6.261064186325485670e-01
3.497310147702576422e-01
3.444304910605383574e-01
3.133749000199996249e-01
4.590400811521496149e-01
3.266978381950193522e-01
3.797816748343025295e-01
3.953890730462190084e-01
2.581400259245924533e-01
6.289716707262945627e-01
4.779899896431471507e-01
2.072358257952948701e-01
5.138419465834108690e-01
2.928140133917468413e-01
3.315013788192094357e-01
3.819713678565349324e-02
2.922108228344514891e-01
3.008284469454944321e-01
3.021048857850253122e-01
4.021134694531775522e-01
1.849402236389104393e-01
3.064705684101044492e-01
1.420971708257819932e-01
4.001342314571034731e-01
2.933684086514756761e-01
4.494504193823117832e-01
4.345680262905588509e-01
4.705351793087893530e-01
3.673394284060549908e-01
2.643668762966058794e-01
5.484360718868552115e-02
7.321063577934541211e-01
3.043839618436225067e-02
3.835495934142131857e-01
1.771547969891935637e-01
3.294674510163803083e-01
3.674515174377084303e-01
8.477932651969597444e-01
3.743795872350864640e-01
1.050133803528007226e+00
1.716813855386671028e-01
7.495404447230716305e-02
3.483467206931007976e-01
4.169857280441746639e-01
1.206499492178142868e-01
2.760580989310456590e-01
2.147723812561086465e-01
2.254301110061723845e-01
4.216155077393867190e-01
2.814432912333908465e-01
9.558551286086588994e-02
2.349896809120964880e-01
1.261654539493763716e+00
7.285442097611265488e-01
7.176407372563708975e-01
3.555035981314826343e-01
1.468080659337125116e-01
7.436271263823804878e-01
7.102539035375573517e-01
4.428706497906030604e-02
5.926474119302422849e-01
2.593048197022533863e-01
2.284518845801105369e-01
8.595072341087246492e-01
4.466047134215012648e-01
3.105777053453374625e-01
1.127880971938372140e-01
1.092886811406725278e-01
2.382758199297605184e-01
6.213106757645434630e-01
2.036942434061231877e-01
1.332963840002304168e-01
4.093541011963106602e-01
3.859205066476134038e-01
3.111712034416733164e-01
4.962954303498866571e-01
2.965057596921246708e-01
2.056313824204941410e-01
1.199527822159420110e+00
8.178257066647920404e-01
9.405263553198937032e-01
4.184240299313936040e-01
4.751887578416396501e-02
3.743709555539508349e-01
6.039073463061666036e-01
1.067491670498087020e+00
3.781228170635376196e-01
7.088439384299750623e-01
1.111052967755843945e-01
1.578060147971066252e-01
1.722551275129995396e-01
4.923438098009407793e-01
6.337280257956084961e-01
6.509116527930533525e-02
3.486783001174116881e-01
3.862938595440129075e-01
9.605296553856700059e-02
3.234431367458808215e-01
2.743387953648073752e-01
3.662453998368146446e-01
3.310885796882643423e-02
1.451380411646964463e-01
3.710685921459018211e-01
4.762925073433281198e-01
4.600226048990819216e-01
6.375182752289701993e-01
2.251181947650347237e-01
4.570628815463085304e-01
5.460179797690175585e-01
4.098071628408573308e-01
1.291955545007650308e+00
8.147708773655739645e-01
4.028468344624992481e-01
4.749538349062543130e-02
8.074735743890579798e-01
7.082352186973581709e-01
4.536306638259141044e-01
2.205861127347278905e-01
2.894412701079154826e-01
2.520833600838074950e-01
1.293401061399956087e-01
1.707558749194722919e-02
6.343603924365063262e-01
2.582394211755509317e-01
5.005876211097760597e-01
1.925336263310804541e-01
1.557656822083898218e-01
3.319494043946908945e-01
3.224028238621053921e-01
3.313947144159065661e-01
2.350733020623234359e-02
6.770855841930122354e-01
1.162835912361445401e-01
3.564828832052065466e-01
3.843723363068693999e-01
4.280388957066301736e-01
3.006535966403198201e-01
3.662121076894882948e-02
1.437942446593756807e-01
1.510733856870024594e-01
1.826467660346954847e-01
2.792372841513424686e-01
7.298463012929419513e-02
3.264035089825660929e-01
2.920923381987778830e-02
5.142149158565972877e-01
9.230014913544527799e-02
4.401384166010209320e-01
7.267014987529231418e-02
2.876120527038870597e-02
8.475492390206516846e-02
2.267293392609429081e-01
3.880248308425046644e-02
3.589871636854350956e-01
3.948297110778033470e-01
3.259990344126262318e-01
8.152260555384767127e-01
5.344425602868700942e-01
2.703292025675324006e-01
7.115630874640614945e-01
6.032762615925529870e-01
1.477160579478387359e-01
4.084258083224401314e-01
3.278210543046300995e-01
4.715467110420198255e-02
2.932257054986682210e-01
2.382893309129387738e-01
1.918543717240456525e-01
3.008874302871614170e-01
3.658479917686752181e-01
5.517101038506800892e-01
4.262655477056722098e-01
6.169668628136704136e-01
4.201518147657433699e-01
8.516714963323828574e-03
2.420146764462905997e-01
2.362308062290345567e-01
6.661289494154803807e-03
1.565610976240946473e-01
2.861429494759713810e-02
5.304917280743871588e-01
1.218032556865549371e-01
1.020350305447986550e+00
6.210982006998645444e-01
2.113214369174483964e-01
2.942580945304461570e-01
3.883256345826442968e-01
1.363964243067485593e-01
5.963539321141486660e-01
5.560519343208188137e-02
1.384916625924724531e+00
2.071417468180416499e+00
8.517307463351352359e-01
7.261755762177298790e-01
5.975408961963404875e-02
2.822638497716363770e-01
4.371631511856470809e-01
6.007804007625211495e-01
3.914356209673208742e-01
1.994704507178801656e-01
2.584827892505857719e-02
3.112226209939443489e-02
1.737624062765515121e-01
7.367425822167376070e-01
2.038390438969454044e-01
6.711634538462969424e-01
5.925760019797663425e-01
8.621994542915129012e-01
3.474946412698252662e-01
1.056507455170694332e-01
7.898165872951642408e-01
5.305373981750989287e-01
1.803695754245734362e+00
1.148257405922630259e-01
6.346678170914822337e-01
5.058724320254013307e-01
1.113655147957989117e-02
5.236157924708564337e-01
3.633251140374247345e-01
2.094894219024508869e-02
2.559866347380959639e-01
4.713143537082023493e-01
4.560123736528300387e-01
8.815434113408236738e-02
1.499982702436074844e-01
8.123901047740508807e-02
1.070036066420958942e+00
6.441948685915516171e-01
2.818806009355610542e-01
4.379036876776555287e-01
5.195789551666818440e-01
2.938110514837569132e-01
1.705042801125005170e-01
3.556358678493318770e-01
1.822838359330567204e-01
5.082756608770743201e-01
1.540944948483904675e-01
3.463173465644277527e-01
1.810160251987419922e-01
1.689048994185829156e-01
5.639345278040805987e-01
5.930758511390318843e-02
1.276450128540468076e-01
3.112064375369271718e-01
2.213348238723537031e-01
1.931181466339077779e-01
5.049163410325856471e-01
6.574412658876213067e-01
2.454585591750008400e-01
2.497560088399993494e-01
1.220913628225976655e-01
4.383072698783525567e-01
4.905922451632659387e-01
4.275720370677624227e-01
3.085952750392109700e-01
2.197542500420383849e-01
5.002656887543247555e-01
4.525780817588488381e-01
4.197286816754858263e-01
4.672813869608440918e-01
4.634575403038428409e-01
3.156756768662255519e-01
7.309837492805515424e-02
4.605590256827455931e-01
4.650827303388813116e-01
2.037456554488163707e-01
2.788661171624217186e-02
8.621061480342832040e-01
4.805622242403444905e-02
1.742943156535644300e-01
1.656978125582260764e-01
2.024106991605039152e-01
4.239252076060912727e-02
9.074811290909373315e-03
5.166969177120278589e-01
6.130953874462095055e-01
5.351664690555978376e-01
3.641724701322095886e-02
3.294982291006322561e-01
5.021662181259084479e-01
4.067260859319102861e-01
1.516774135158174552e-01
3.446251240939117166e-01
2.384432061000088532e-01
2.664489158558036586e-01
7.089734888864920315e-01
5.742509841066889553e-01
1.691379684475929901e-01
1.903396348160774909e-01
7.678628470421354768e-01
2.198580598366550731e-01
1.669385038396287158e-01
8.715711604023350378e-02
1.826818667198992427e-02
4.497592383049577869e-01
2.099407424364872210e-01
8.995184316793113088e-02
1.284358142534709757e-01
5.038188314227955988e-01
3.689048226067839775e-01
3.698145185939595292e-01
2.729580741398548449e-01
7.091463065686929301e-01
8.265212002009655334e-01
5.103920997479767241e-01
7.090458531924000996e-01
1.479488713495207719e+00
8.977316725118166252e-01
1.096054071919423167e+00
2.060200467169251703e-01
4.510052252239927784e-01
7.371385622582462549e-01
1.668598571608908010e-01
4.096731382745561478e-01
8.734770603141696343e-02
2.035526422982500694e-01
4.100532754226959842e-02
5.798824872373968820e-01
2.412470916998394818e-02
3.622071380971447763e-01
1.249959597248357507e-01
3.464420635208300125e-01
4.623735853504550852e-01
2.794611862923011558e-01
5.898762779929879185e-01
2.078824463562997105e-01
2.739111058715055780e-01
3.947490943230540505e-01
4.399366117336510618e-01
1.079718178071706003e+00
2.985354117770744331e-01
5.241940786370912209e-01
1.885192984758667922e-01
5.262117855418673162e-01
5.395405676559640318e-01
3.886558980191758828e-01
5.703836124083160319e-01
9.151730451351499651e-01
3.381933068143371801e-01
4.936824159209018403e-01
5.621612638524907668e-01
2.724260873237537850e-01
1.324766790958524509e-01
4.789618797707128617e-01
5.146759989795257617e-01
4.899004626451927691e-02
1.425316257360897121e-01
3.891683697263792485e-01
1.617291110443441760e-02
8.904966534707382808e-02
9.960053270715935048e-01
4.517969394070133760e-01
2.012891708866078599e-01
2.749361104866819283e-01
8.877371610173605265e-02
3.209765656401011857e-01
2.248960037457835848e-01
2.477051275859374624e-01
2.935102787121535162e-01
2.051323098592288882e-02
3.625749134660854467e-01
5.506385638133494131e-01
1.690501160316520701e-01
1.126689296260389023e-01
9.818718458701549689e-01
4.502653315003105061e-01
1.404769713401935183e-01
8.878367479018228758e-01
2.631662183273696387e-01
4.285642298921042426e-01
5.083218603661742163e-01
1.336297167151385135e-01
1.136982768600646732e-01
3.666413792707656216e-01
4.935323748043449199e-01
3.008243187162246701e-01
2.128872293714222930e-01
1.822464407815257426e-01
6.666931660477350974e-01
2.048511444048223273e-01
2.138601311534888694e-01
6.766776538779861738e-02
7.540264570049952653e-01
3.491357449273158053e-01
2.197310824353841952e-01
1.751944449449047703e-01
1.179496240810300745e-01
3.395552627070514973e-01
3.138332589996588595e-01
1.705499909645284973e-01
5.457443425827175620e-02
5.203396301258175205e-01
4.863631854116269859e-01
2.659056483950225647e-01
9.336587693964539802e-01
4.713496197655239195e-01
4.534114304465394762e-01
1.070084880103705061e+00
3.518349282254831789e-01
1.855800458523115259e-01
1.608020038746088565e-01
3.529732435204580715e-02
1.815450790566117134e-01
2.300395119613637684e-01
6.416354918805289298e-01
1.980812070575640182e-01
3.544516025443799068e-01
6.305446350501706654e-01
3.043825246196108503e-01
1.843140351632068796e-01
1.028377964035379621e-01
4.035860563537252976e-01
1.652694285009832786e-01
4.223733791113602476e-01
4.521606146585623043e-02
2.857790463534825021e-01
1.314371611970441001e-01
3.487464835847420286e-01
1.766641040904915610e-02
1.718299819623986258e-01
9.429657752003077487e-02
4.058373460617853978e-01
9.202106225898243341e-02
2.478792948826464282e-01
2.370589256941182943e-01
2.060200437815178087e-01
7.328357486885040961e-01
5.291127013256682332e-01
1.807870148287757384e-01
5.952967173904102349e-01
2.953656600527028164e-01
5.558502755729919503e-02
6.627311133528401843e-01
9.283722978206315757e-01
6.487699295648281517e-01
8.966084756915100318e-01
4.290846555451848232e-01
6.174280289660814131e-02
5.393981220659718190e-01
5.093895451910935845e-01
2.408371012209245543e-01
2.744883051205480595e-01
2.531501835034388748e-01
1.508406555764286727e-01
4.311355650638873382e-01
8.170795402967899468e-02
5.066299976137613736e-01
4.081572894829322840e-01
3.827721744995079001e-01
2.824222463983681597e-01
7.333108893661992589e-01
1.062153754919562682e-01
8.786182215776779936e-01
4.303789681942295914e-02
5.033027038023675237e-01
3.353803690338761356e-01
2.802390544744949863e-01
4.338400336714355321e-01
3.988235424967074283e-01
3.444184847289965545e-01
2.396931976122218533e-01
2.042791530774603348e-01
5.198149488072777435e-01
4.648386096520171762e-01
4.115371903695959066e-01
5.670418918109362272e-01
5.775478468334662718e-01
7.522772451629736734e-01
6.834165491113300961e-01
4.267651171108396424e-01
4.706732127583134195e-01
4.305056769648321624e-01
5.659905181204304414e-01
1.243710874597540927e+00
2.245560594993188663e-01
1.885738273498683282e-01
7.286062050028464521e-01
7.286433345259599736e-01
1.496268783879490250e-01
2.928092200537174006e-01
4.959824075103566043e-01
1.784151836782200407e-01
8.553837231409880948e-01
4.688462787790955710e-01
8.389848606926590679e-03
2.997377681743437772e-01
1.867326498151161973e-01
3.231692191984537610e-01
2.429691819378248518e-01
1.231724554716019659e-01
3.054007732150167964e-01
1.458086646232252814e-01
6.536606740225106016e-01
3.719237637255004003e-01
3.856461444391656723e-01
2.232162561828575642e-01
6.171140512598570771e-01
2.749451685824376157e-01
7.260683485782999658e-02
3.223863171821265139e-01
7.126542457974207601e-01
6.611256811933103883e-01
4.081770150991535506e-01
6.593070714993155557e-01
4.563541757830484324e-01
2.553076364279389110e-01
9.140441621283612594e-01
5.394927661338555502e-01
3.594218477991794614e-01
4.926315828721719026e-01
1.266181881544544030e+00
1.352405987959451217e+00
1.580257839137798881e-01
2.053138646770867604e-01
6.762678968350893660e-01
2.170769715516600862e-01
3.955777845055361008e-01
2.090255255014296376e-01
1.919807749279156983e+00
5.161994093907734671e-01
3.439746461217069173e-01
5.394221865917495640e-01
3.839884103886614386e-01
5.593429253171043891e-01
3.690368287105002532e-01
4.506508305665251624e-01
3.012084124991014078e-01
1.521454118638076725e-01
7.325339702758439930e-01
4.201281311494583504e-01
1.869106286761403612e-01
2.159861202107661027e-01
3.099061138842474916e-01
3.400360515484093793e-01
2.554828526056234228e-01
1.394235930807763146e-01
6.670961509085471253e-01
8.991669361428325513e-02
4.406561400343513846e-01
1.096707574238783428e-01
2.705900984292076705e-01
5.726745450820864836e-01
2.895413728071800086e-01
3.090475569584774651e-01
6.562450059451244710e-01
3.585601289086678412e-01
1.942480918993703953e-01
2.116393446593443362e-01
5.339138560725975591e-01
3.742886911163288421e-01
4.400862884719350387e-01
4.443540991975434840e-01
4.922931741321474042e-01
6.620769550793110803e-01
3.222446919682629973e-01
1.475396460207626936e-01
2.689605339403465245e-01
3.514967027986025672e-01
5.100113967809312143e-01
9.206006233118190218e-01
2.138098320858858037e-01
7.249842031579141199e-01
2.986783117901353202e-01
5.021477359183855738e-01
4.202478760673928893e-01
5.722369051490986402e-01
2.534180950159694579e-01
4.532185122599788896e-01
6.530707922287213307e-01
2.404919380158352660e-01
4.469751605190115940e-01
5.245092053612625538e-01
3.881034408047498996e-01
3.947459193653796161e-01
2.964230672480242523e-01
1.746645487976675737e-01
3.013670956644284304e-01
1.170197844870964482e-01
1.453741249814174685e-01
1.474211946026652287e-01
3.127584863583967034e-01
2.664346932961569880e-01
1.630206703983222427e-01
3.372741569024519936e-01
2.989808115601348959e-01
2.524116553271475993e-01
2.905784412535463712e-01
2.409584207074173812e-01
1.307965181123694753e-01
3.639553882773493565e-01
5.669247661155459861e-01
7.549443394322732370e-01
1.954462377808910412e-01
3.678348454986733462e-01
2.686802453092785314e-01
1.432448445880961929e-01
2.507767077681334889e-01
3.612232394242911870e-01
5.218473035718876885e-01
7.241541103145857639e-01
5.944084676310339432e-01
3.679983905904280483e-01
4.715320530008968447e-01
8.571306162501582948e-01
5.815724095128844695e-01
5.515663918794067033e-01
1.123614743929570059e+00
7.337583854091463964e-01
3.765799554346395128e-01
3.657070537773560170e-01
2.972077420639107626e-01
3.960102700065545878e-01
4.169803505197429705e-01
1.788275890476145047e-01
3.658918816641678062e-01
2.378858859478706622e-01
2.092053681944427979e-01
2.872774690756045857e-01
7.529860507567280870e-01
1.041651981330337318e+00
1.882747310822059650e-01
3.423398929425371384e-01
4.779015475283291958e-01
6.420790955922521803e-01
2.890176016597978403e-01
2.274394905740814155e-01
1.141659324827275501e+00
5.508638426026354340e-01
8.240557037006396301e-01
3.416692026178742569e-01
4.271519457940135545e-01
2.881855811358693398e-01
3.227016507129174538e-01
1.713274947534800252e-01
1.200181471850262777e-01
5.866809390142992964e-01
6.254764838751581957e-01
4.112462480387588104e-01
2.309557216758441056e-01
2.874992527952242583e-01
2.821713114632819486e-01
4.418759602016698596e-01
7.855441640504990941e-01
5.617288988098425584e-01
3.704208794205736122e-01
3.642061616985405870e-01
7.332123081151582789e-02
7.271034954348102319e-01
1.934785186350411745e-01
1.638560815501611256e-01
6.092220112012118882e-01
2.345656174878062994e-01
7.386301908558851048e-02
3.206981623189314456e-01
5.910236982854287779e-01
9.141194425987437810e-01
4.646177080581690988e-01
5.407522101383415158e-01
1.565141286673778498e-01
2.697022657211346486e-01
2.120050964735027688e-01
4.891528301399936662e-01
7.275626565380375332e-01
3.267338959675973320e-01
2.815323599087690143e-01
1.946100867352273667e-01
5.692383098001034814e-01
4.309207514657260041e-01
8.387504076280238863e-01
8.978142862946122404e-01
3.780512453415728613e-01
4.450983797913288798e-01
5.364593610082080133e-01
5.224374676343679358e-01
4.243000896617349915e-01
4.576557474496633082e-01
4.563082009546330364e-01
4.439843358169046073e-01
3.330832887286914734e-01
3.183930270140303276e-01
7.957325793157837834e-01
7.875757217256975640e-01
5.194192218372419845e-01
1.917907954323738728e-01
4.672495604369394928e-01
3.972556731254555107e-01
1.826600988471257792e-01
1.361890161804655552e-01
4.307352214892062325e-01
4.622058797908951133e-01
9.913178402729446725e-01
1.032771467445442237e+00
4.497627388548715022e-01
2.398577842165775242e-01
3.251808457924628692e-01
3.260036328891073309e-01
2.033303133301842813e-01
2.785681535753926075e-01
6.259799858461038147e-01
5.535296371603436461e-01
1.244498753761590637e-01
4.438282399251024524e-01
5.303273674309127994e-01
5.057978373250027193e-01
7.784854173920776610e-01
1.605315946075842604e-01
3.016655238289425167e-01
4.431950042913367360e-01
1.442092628623834472e-01
5.197509947184751622e-02
4.054159845337131363e-01
2.642832572464349217e-01
8.606307261001805431e-01
7.966299772641974863e-01
9.970835583702356564e-01
7.723480983731170202e-01
4.110708947661860235e-01
3.274105888723717883e-01
1.562624759872909830e-01
3.169739078906144147e-01
5.627699017823234451e-01
7.486065870444272852e-01
2.860601125973999403e-01
2.600773041800810148e-01
4.532994359212823565e-01
4.709415779903787236e-01
3.307753919317457103e-01
4.342728867259730841e-01
5.362286630540804566e-01
2.120059893282435215e-01
2.083841419051552235e-01
2.550359582490258625e-01
3.744939110712421915e-01
5.949289944575576056e-02
1.880581893494990553e-01
1.875947384387750549e-01
8.027141169236454710e-01
1.845487010378574766e-01
1.916149485838676003e-01
2.441074577235097520e-01
1.005261743540437208e-01
1.800898374811585323e-01
1.784883968625374795e-01
2.585522839839910492e-01
5.137672741560287415e-01
5.909652165215451697e-02
2.510137636800954253e-01
2.048499714922703274e-01
3.126598727954727486e-01
3.439763682989236959e-01
4.646063241049130377e-01
3.411618830262663771e-01
2.941937629562707546e-01
9.119320097863212182e-02
2.825474250522664321e-01
2.114035654451834265e-02
7.755798715835252044e-02
2.340544508472957586e-01
1.222592134113233753e+00
2.019892763037758332e-01
1.667985844961160646e-01
1.526086294681935573e+00
1.562237663400414256e-01
4.670938408769190753e-01
1.258711523417522515e-01
2.822316464758211629e-01
6.001946349302721417e-01
4.393810920678140053e-01
4.047225079250916790e-01
6.739412778209886712e-01
1.751815501544305986e-01
4.319767990870346241e-01
3.489421678109608238e-01
3.257988811503930160e-01
2.100564238994888644e-01
2.657987113372047294e-01
3.083470730488819811e-01
2.541238492261245208e-01
3.730951115965432385e-01
8.078793779192221247e-02
4.626097862092501400e-01
1.527357271605464528e-01
2.637128354986634227e-01
2.637293868436755284e-01
4.588999279566920997e-01
8.192847120187178867e-01
1.367161459079052344e-01
5.230553403549542679e-01
3.063542221641273877e-01
1.927966898264956430e-01
2.115770324521203116e-01
2.057300449310771329e-01
7.196444149100004184e-01
6.642856157775843540e-02
1.567417829133223584e-01
2.639057205627694525e-01
4.895812531463293316e-01
2.242162475874771854e-02
1.506497893745658012e-01
4.035833990019317974e-01
3.075385837252144761e-01
1.602901356903206273e-02
3.351199501082909871e-01
2.551362263266961361e-01
1.237234298970486951e-01
3.252376170624329821e-01
9.779288514757193684e-02
3.085835793266618679e-02
3.282248551967959505e-01
3.755742808507689379e-01
2.061560393597436924e-01
4.973032019294827411e-01
5.170276549777422792e-01
3.278190202440987022e-01
3.892885368277137492e-01
2.718621717125054849e-01
1.493756861602306418e-01
3.275071659021046022e-01
3.458148253603421929e-01
4.040308169832450558e-01
6.349729862409417835e-01
3.176857719255790080e-01
6.930681343522683280e-01
2.717844297352728367e-01
3.896846650101697951e-01
1.855650556066313905e-01
5.075880015056173367e-01
7.528685948422898511e-01
9.931174013915722298e-02
4.637116049835741105e-01
7.755115036206300383e-02
2.114224404386879641e-01
3.114040053119954687e-01
4.752519661867923295e-01
1.744793715059297923e-01
4.046918702812150048e-01
3.315973104458359577e-01
1.062265332602481960e-01
5.808172109810134653e-01
9.909748062592518281e-01
4.361695420667503764e-02
3.586605568736121463e-01
2.402649425986754794e-01
3.340876140197858724e-01
1.230180863136630109e-01
9.761777117776286594e-02
6.264123321231302999e-01
1.993865639005645563e-01
4.633365839950780163e-02
3.010777402357320831e-01
2.072841314609050467e-01
3.518615049907917181e-01
3.016861857228001487e-01
2.146936208948226066e-01
3.804255867382172474e-01
1.029771444204936708e-02
8.403395566301782860e-02
1.443483289697922722e-01
1.589929155543809147e-01
5.360022489008955948e-02
1.096319357741293854e-01
3.007952255163248156e-01
2.713113305260091423e-01
2.191172023044110906e-01
7.047164758294713338e-02
3.733091947216112816e-01
5.748751629399643237e-01
2.329435274908356057e-01
9.793967497285988033e-02
2.605963907597962925e-01
4.872861644105468959e-01
7.276949880046311714e-01
7.780681904368236257e-02
4.447807201165823177e-01
5.945890296251726825e-02
2.213693258545946230e-01
8.099769159606703406e-01
3.661747095511604932e-01
4.573448794323120015e-01
3.230569542125213967e-01
3.482394840854141638e-01
2.469807695438830941e-01
1.403052817396971963e-01
1.266636165291452898e-01
1.752450570799458374e-01
2.674129352355119060e-01
1.571107879088341486e-01
2.249372641898748637e-01
4.912374365710274748e-01
5.366809015396885318e-02
3.105100484762966517e-01
4.281009284836777007e-01
1.646791464936691596e-01
1.682051304733938046e-01
3.909124240500893438e-02
4.184782211031799481e-01
5.535684361887566185e-01
7.266262692133999002e-01
1.868182510241025995e-01
3.381206521558507427e-01
3.958254898535766564e-02
3.171470970990250549e-01
3.475955054377985465e-01
4.664164351569256572e-01
1.200572782934078209e+00
2.049178053324847704e-01
2.350305933333367014e-01
1.408837020183885402e-01
7.357488661387254769e-01
7.862666797798678608e-01
4.059428774674597173e-01
2.121358523560389064e-01
3.730973667225478962e-01
1.021237019057283923e+00
1.260784461198341810e-01
1.489426886991966903e-01
4.133899679052003839e-01
8.302918007570597725e-02
1.745462367013163596e-01
2.347528659099149539e-01
7.328207642189761284e-01
2.727296966420871271e-01
4.079718541912043528e-01
1.900954452832464003e-01
5.803347633781789083e-01
1.247256900854351452e-01
1.919393584296026356e-01
5.765680017835737858e-02
1.392140489820072602e-01
3.781300785772883088e-01
2.532274310411918861e-01
4.645026650719039640e-01
4.470657857701039184e-01
4.074920106843835654e-01
1.396420430022245751e-01
3.224339325381821442e-01
1.030363460518885610e+00
1.153015256130583560e-01
2.803235728054115361e-01
2.672701647485708487e-01
6.402644436760361601e-02
6.181088194825071769e-01
9.964320571863375386e-01
1.643539675448777160e-01
2.034098354192945268e-01
3.860269328372134545e-01
1.327571477072859052e+00
5.461563437430361212e-01
3.348920898868530949e-01
2.005127320475683927e-01
4.413706427288719980e-01
3.131326040639879071e-01
5.002773859806357581e-01
1.019631887173129359e+00
4.602432935431419181e-01
3.066921859752863022e-01
4.694563693649864700e-01
5.728294692338885274e-02
3.048290774773437795e-01
4.508261832206938990e-01
8.164588551350371315e-02
2.835372152919806710e-01
1.176641237388838801e-01
3.277510492294753441e-01
4.462781668033852789e-01
4.505544680525218615e-01
1.604094337007288817e-01
2.399533848841259309e-01
4.695845633906264860e-02
4.460582723026908225e-02
1.316352735572113852e-01
2.408573130761126890e-01
4.100612853379677070e-01
3.838701813775461380e-01
4.656297428620774226e-01
3.168668620720064416e-02
4.849946916628798399e-01
2.622198670987208602e-01
4.302879764543973140e-01
5.620944262674636427e-01
7.062575432649307317e-01
6.336785950304814063e-01
1.106513540935768036e+00
2.764034525253224461e-01
5.256350935629260784e-02
2.142553094531122748e-01
3.502684708939949876e-01
7.762307464166420257e-01
1.100318709946169315e+00
3.939862132582045984e-01
5.529095145170648262e-01
3.819148300478064639e-01
2.691963413683284845e-01
4.830952318646516974e-01
1.304184166460067296e-01
2.797332475437360744e-01
3.242518224881605349e-01
1.030133579525170789e-01
4.683027725678552966e-01
7.873505824224951155e-01
4.383901876591214108e-01
1.774562318833086128e-01
2.650735750793725698e-01
3.267661036220968762e-02
7.505844077226203614e-02
5.865414763773261347e-02
3.979401513177367455e-01
1.948854045539169244e-01
4.784894249997962978e-01
2.347785159354671969e-01
1.447991270524189855e-01
2.127458546940629858e-01
4.554252403671916749e-01
1.340336158057719551e+00
6.969975587379295678e-02
1.979452751794115173e-01
3.578851673243574893e-01
5.182104361803883119e-01
5.319895517173511834e-01
7.300776757268163664e-01
1.078002867681892712e-01
4.662454515982396575e-01
5.674645145038280658e-01
1.077651548081258182e-01
4.983521349504119735e-01
1.270776564808927256e-01
2.589756837303280324e-01
5.094023899139579203e-01
4.238431739766347350e-01
1.116759971624328163e-01
8.005754459088997022e-02
1.165964558102201981e-01
2.023416526084897415e-01
1.798831158575313893e-01
9.944216404654659947e-02
5.168752293046279256e-01
2.935408396457909741e-01
3.004569655461155619e-01
7.788598439460267531e-02
3.213861695938396990e-01
3.060859887225828579e-01
9.436487137846567841e-02
4.555593050375865427e-02
4.624313417557913974e-02
8.753732593012704122e-01
2.195932521832857642e-01
1.672014256638256480e-01
1.242510759425337757e-01
5.110252760595124233e-01
3.983061807630179640e-02
4.098499751589305129e-01
3.514233333065638343e-01
7.523954469697911041e-01
6.657753540535888970e-01
3.355010072669301624e-01
2.303765861695642458e-01
5.771813845534502496e-01
1.462701896227103782e-01
2.975493144120384126e-01
4.417257725424613146e-01
5.153512503566025638e-01
2.420327085945969126e-01
1.625890211242339567e-01
4.384068756410439138e-01
2.094475100126953204e-01
4.576352317458168284e-01
4.342190097093148737e-01
3.136768533999482189e-01
1.044902018811375705e-01
2.854905004407599645e-01
1.509372649308348691e-01
2.926155847770769425e-01
3.743285104246193429e-01
1.389819663856638188e-01
1.450384815615325951e-01
2.839040582293107517e-01
4.852935118480846688e-01
3.123591809693156973e-01
7.574864387563697843e-01
4.520332919439330466e-01
2.591824793077590061e-01
1.913312879514915410e-01
4.130399811438125734e-01
7.441658762592679999e-01
4.309979593559851163e-01
8.970595047145106804e-01
5.808865270074836662e-02
5.698096727648811477e-01
3.175614874608184146e-01
5.256002303196207759e-01
2.342303959805322189e-01
3.074240162761240347e-01
1.589206834945912084e-01
2.055595261202810276e-01
4.522354657968926661e-01
5.297992353293724532e-01
2.583077360441597969e-01
3.706194271584488109e-01
5.580958335739421017e-01
2.773493013789077866e-01
1.338269800973681534e-01
4.787318611157462267e-01
2.934631421372479454e-01
2.861172353943515767e-01
8.646156054477013853e-02
1.764539543824064360e-01
6.618953444384086948e-01
3.942740540184831444e-01
1.224512614534223193e-01
1.844426601125301324e-01
3.912009633317690693e-01
9.243156954364702138e-02
4.370605109283757228e-01
6.087626235023884114e-01
1.324747185090250079e-01
1.884071330724505777e-01
7.247118753676157210e-02
2.032189247750963990e-01
8.883143291794464158e-01
1.498304426728455319e+00
4.357463891690934732e-01
2.958073116798331514e-01
2.432267512190546266e-01
3.037621458013061160e-01
6.361225551869716943e-01
2.016587045080203699e-01
1.062671542128148100e-01
6.857513842203661891e-01
9.459228487586280876e-01
1.152798089547234284e+00
5.953390834134171250e-01
1.167216715359261914e-01
1.129571876639622108e+00
1.227700046820761726e+00
1.586491430722821172e-01
5.009875593853834186e-01
2.436492603809835567e-01
6.498736040933847935e-01
5.735716964121418959e-01
3.184190026356759629e-01
2.566425236906171858e-01
5.295364088653691237e-01
2.880652622661558637e-01
9.481949641970362219e-02
2.852175989204594475e-01
8.445175273477642519e-02
4.501957386903470693e-01
4.975770353338777180e-02
6.103454592412160817e-01
1.946239453479789994e-01
2.908120515032875386e-01
8.298633972175923912e-01
2.512056565645728878e-01
2.362820855860888192e-01
5.889509992849694120e-01
6.336265687152252690e-01
5.528486795484748306e-01
1.755978500349510141e-01
1.569030485933215202e-01
2.781443001325464293e-01
6.362164303796739029e-01
9.440918362683485832e-01
3.194296079740979732e-01
4.226945833163145982e-01
9.474025592915930050e-02
4.185854936739880627e-01
2.837004771806205250e-01
1.637898966236930320e-01
3.191693527724820956e-01
3.826191104612859939e-01
1.719416037219143323e-01
1.788065974011420478e-01
4.909764929558393942e-01
4.357146506838327493e-01
3.871877858735058853e-01
8.692195648955011178e-01
2.645133946180712736e-01
1.052637703521379503e-01
6.601486867844246209e-01
4.682913548841974860e-01
4.939228912544951777e-01
1.467101820738055673e-01
3.096031436541918924e-01
4.829666874389973441e-01
4.621708563078732318e-02
4.936334046805623821e-01
4.648546461464916346e-01
3.473643553517933857e-01
1.145258455241198042e-01
3.291452303630806320e-01
6.462871572194576197e-01
5.680070085927567680e-01
3.442807538846280324e-01
4.124426041748500138e-01
7.802848470070665454e-02
5.277735066901829697e-01
5.357910543296240391e-01
1.139843522535843451e-01
4.441845638252918116e-01
3.208306759602318481e-01
2.723250514650750742e-01
6.646974368078218953e-01
8.134945749601568687e-02
1.953369256837207968e-01
5.817650050222465952e-01
6.065200918970897748e-01
3.804660422511771389e-01
3.511241522897254330e-01
6.009708092666948831e-01
6.071251792736221953e-01
8.501500021014152253e-01
3.492547768271958009e-01
4.794062034786795157e-01
3.482162573465543143e-01
2.771134428839233665e-01
3.937968508698064252e-01
6.259012580235321366e-01
4.258446860281915880e-01
8.011618349973265163e-01
3.913692509666881758e-01
1.316252144872949392e+00
1.906228829750552078e+00
1.777943171791208088e-01
4.372753467412107686e-01
8.436583882505802601e-01
1.007434777963396311e+00
1.657451853856433399e-01
3.447079584284066800e-01
4.083525352391442764e-01
4.088364851193225236e-01
4.523547188095348726e-01
1.609204502464995912e-01
9.444339505631224596e-02
4.789479906550050403e-01
2.583954101878430665e-01
6.574147847836213643e-01
1.384099505974298039e-01
1.181178143516778828e-01
1.136174515683015668e-01
5.032551234046392929e-01
8.014526388883321806e-01
5.686233043021530209e-01
4.550078629446378531e-01
3.162236107693652265e-01
2.840962092746641271e-02
6.976108298459519075e-01
1.947406748839569657e-01
1.171262939222000865e-01
3.963171224251982316e-01
1.349809161477681825e-02
2.828861749454877339e-01
4.744406806344441674e-01
8.628706541964744625e-01
3.837403046526444150e-01
5.925510905592438204e-01
4.897020352165972201e-01
4.284894049363218715e-01
3.594854542109897633e-01
2.831251896250989164e-01
8.200558969007347709e-01
2.651083262895534975e-01
3.076924894505691510e-01
4.857514316864404158e-01
2.637312662120700479e-01
3.910533790103131180e-01
2.906206871555510607e-01
2.708269947791032695e-01
2.520667484044019080e-01
4.703815401420017861e-01
6.735950602382534402e-01
3.402208144762705611e-01
9.399060230473839372e-02
2.138806286257868283e-01
5.098379533703280286e-02
3.574222335860280930e-01
7.022433109162270481e-01
4.180060808338451617e-01
9.284753331887946048e-02
3.726603651058789102e-01
2.387268441182763268e-02
4.769451820214033466e-01
3.681764712107364335e-01
1.477540305480135707e+00
2.027801754816488167e+00
1.434116663673888348e-01
2.561053680593581294e-01
5.250479360239422855e-01
3.802793146147273595e-01
2.754518195597766561e-01
3.945786980828221158e-02
2.489717347430729089e-01
2.442046352185327507e-01
6.227182007166677247e-01
5.611165859913647136e-01
7.345661979803054520e-02
2.088898831823367552e-01
4.953937678147648377e-02
4.603010903369549878e-01
8.223386685300297649e-02
4.024650535998106071e-01
2.236816531890594151e-01
4.163479195074308858e-01
4.329724429777996320e-01
4.167792797527556381e-01
2.568057948791289680e-01
1.079502839485626531e-01
1.501713166093140428e-01
3.064385950778811818e-01
4.182746768412667904e-01
3.412015352434927262e-01
3.066501526531525967e-01
1.891519585702582662e-01
1.995164039195550798e-01
1.176263209561373285e-01
2.701893298399376531e-01
6.912940308782026255e-01
3.953253062528774842e-01
9.143204793897924398e-02
6.831795819667232372e-01
5.212112307576420855e-01
2.350442370705014758e-02
3.454377448599773581e-01
1.955996887466480982e-01
2.173447883661651647e-01
9.871225268156691435e-02
5.400886112597241134e-02
2.200439258829541000e-01
2.018687269739630474e-01
7.248684232848822129e-01
9.648428915600933964e-01
4.642128173433163196e-01
7.038630710556760262e-01
5.372475480191559738e-01
2.833347467927810337e-01
3.269742972656578539e-01
1.689328785354088647e-01
3.119145251245844519e-01
1.125440421331979968e+00
4.294605111449445456e-01
4.434871623856443956e-01
3.911548895587840247e-01
4.505784752358474310e-01
7.752390580572189605e-02
1.277986510240760459e-02
5.195131923012070718e-01
8.480100408261673772e-01
4.515842271956982956e-01
3.646987257971858742e-01
1.173907678182399134e-01
8.225087440825126772e-02
8.842612930531288384e-01
2.769062927814084363e-01
2.541224574192169627e-01
1.324794067861054525e-01
1.182586336174775016e-01
1.972958094703543552e-01
5.050018303559830057e-01
6.488418158970454819e-01
3.548738578224562845e-01
1.305510459282578917e-01
7.577276413201385064e-02
8.330288497743134624e-01
1.577041680004899193e-01
1.846267722863220995e-01
2.347683200778313273e-01
4.105693154450949511e-01
6.588256721261389615e-01
5.371834879082862946e-01
1.571492258803796893e-01
4.770139902575895041e-01
4.425309512289896108e-01
4.545819480383300748e-02
2.950992870340756191e-01
1.515498610249867706e-01
5.386936276446800953e-01
1.773858165817997767e-01
2.890409423762211327e-01
3.718571350399793030e-01
2.979067630474417361e-01
2.280823503372754468e-01
4.523928057079431020e-01
3.506695894875793695e-01
2.739635401461246733e-01
2.601681864997189009e-01
6.869820735085602204e-01
3.297234004676804497e-01
7.643698089332155998e-01
9.103587897368075055e-01
1.163573034909759912e-01
2.678588677559023412e-01
2.139558394909890637e-01
4.964022789293652260e-01
1.139379700935852918e-01
2.332773513926008901e-01
1.706318483121272989e-01
9.042868342177247387e-02
1.629654796157840868e-01
4.516990258013602877e-01
3.442314555548310895e-01
8.547380401388059157e-02
4.566691807966645755e-01
3.689705097320530869e-01
1.287257395191439002e-01
4.526497429710411025e-01
3.914360372786165887e-01
5.754438031210001858e-01
4.804703204593722132e-01
1.663741634344229892e-01
5.302543262177512595e-01
4.094898275470109650e-01
3.782244738834284470e-01
4.856134120561420714e-02
5.656395065155069846e-01
8.410917693145311125e-01
2.538455797876825737e-01
4.506897770544947002e-01
7.420628816916254866e-01
3.711594925739848394e-01
6.352112867299167798e-01
3.928466442900474531e-02
8.188992664654263232e-01
3.643249395579574168e-01
1.014676055005291344e-01
4.091200094418152022e-01
3.780481658619141982e-01
1.520955964361365986e-01
2.677456379959108901e-01
1.079046593969215651e-01
1.186074502847946598e-02
2.947137568206510960e-01
9.292029907606714767e-01
8.200706901917308167e-02
6.946925535720817335e-02
2.758423392008516051e-01
5.200606357896089271e-01
1.939149507474665912e-01
2.520127184718276570e-01
6.406912564633941987e-01
1.336242033519790817e-01
3.674021376283062024e-01
4.103930143002364472e-01
3.696306745423252882e-02
4.144023953145828942e-01
4.744922773191941334e-01
4.220772770228774229e-02
9.264995655862846846e-02
8.815685710885219351e-01
7.833896604192086555e-01
2.942683382930506020e-01
5.865852817192962476e-01
1.200732518791819553e-01
2.236512941368900553e-01
6.553790056250876628e-01
9.939474965666938999e-02
5.342892868969753573e-02
1.387861604770452562e-01
6.691071336659305535e-01
1.904022839407921996e-01
1.686265991262661801e-01
2.592070678040989118e-01
2.943676764070051743e-01
5.012307135984889195e-01
1.485002476588141440e-01
3.371608915843165022e-01
4.331575955829800040e-02
2.101416085875888740e-01
2.667933631910041625e-01
5.930408370411155428e-01
2.231739542035685586e-01
2.315226925932656055e-01
2.196905964691597268e-01
6.765440998154566010e-01
1.455639975941877218e+00
3.517516757089485524e-01
1.974459235491868303e-01
3.285101886989367226e-01
1.547345773273454961e-01
2.213289864709673260e-01
2.775763627822023238e-01
4.185958337573540966e-01
3.949440629750660681e-01
4.341814074559609271e-02
7.368082726970235363e-01
1.380661209764731279e+00
4.772865757056933556e-02
6.266086314007602853e-01
4.745841930635253392e-01
5.037877305713308607e-01
1.759998472904105160e-01
4.674314679673428063e-01
1.804359969016843257e-01
1.761458992752409913e-01
4.072459562292830570e-01
4.006635823664833063e-01
1.052707123133294065e+00
1.075496108854339328e+00
5.623927546156909374e-01
6.356923351714048875e-01
2.747735542003986731e-01
2.324812368285104902e-01
3.475085874426943611e-01
5.218617893814465197e-02
1.134233280955201817e+00
1.276208847861875384e+00
2.936134479871219671e-01
1.997657487818492450e-01
7.265226105614221996e-01
6.326225442816593159e-01
9.518529112933620251e-01
5.017957905334820001e-01
7.079044043844511247e-01
1.128047857121789038e-01
2.959310418806363439e-03
3.140381074477543444e-01
2.491891506176980298e-01
4.605692356283182520e-01
2.717884924530816759e-01
6.358661486223339265e-01
2.461809534645288677e-01
3.629152546717319683e-01
7.414831927570483261e-01
4.299831715096997242e-01
2.726213405549760549e-01
2.299351255578861997e-01
9.656648024507721861e-02
1.706057042694676118e-01
7.163542437215886238e-01
5.748967897195148558e-01
6.505471479862340312e-01
2.666121772886237418e-01
8.217888357208326111e-01
4.622683601287303490e-01
3.808475808089497039e-01
2.412595272570426941e-01
3.616276231775156780e-01
3.366245509699624661e-01
1.440149993291072184e-01
4.289409264782538811e-01
3.652690390612330917e-01
4.119584001058643197e-01
3.523089793466847586e-01
2.535687794369073655e-01
3.086558635617555058e-01
6.063553019547185396e-02
6.632704281980488226e-01
7.367085560245809628e-01
6.856725212754014587e-01
9.377029007693139517e-01
2.532501453455749951e-01
4.193014968044165847e-01
6.439247671776622273e-01
1.043910246906280204e+00
4.531550546476869057e-01
1.254471521133649903e-01
3.329933895368716867e-01
1.616678221122192505e-01
1.113976720059006859e-01
4.649347115581547452e-01
3.468957155831282058e-01
2.492433672384105903e-01
5.072724380752026141e-01
7.401756466997266859e-02
3.023055528072866871e-02
4.381086690276506102e-02
2.977139777364793405e-01
5.783279283738216314e-01
3.365102495570612695e-02
2.873868723619867893e-01
4.403818295535692484e-01
3.063825195531356127e-01
1.228091369903974717e-01
4.226399173637575002e-01
2.236789223775541846e-01
4.290228054961119364e-01
5.530218262406557672e-01
4.506193530337132547e-01
2.054969820064062869e-01
6.613406380135828933e-01
2.043172831474981133e-01
1.870071117353294121e-01
6.599586626948900081e-01
2.648847555999060965e-01
6.397252065491463302e-01
5.034466219802419262e-01
6.758468790910086843e-02
3.921735817762103116e-01
1.010661036773005117e-01
1.520336050127754079e-01
5.067408548649204869e-01
1.682692443619545619e-01
1.160504353404491762e-01
2.176484051789574214e-01
9.323091731535041449e-01
1.042098892527804743e+00
2.413129983781839294e-01
3.979345191784465774e-01
4.492186827719401032e-01
1.869422595061071835e-01
8.219863397141198291e-01
5.561145172625460154e-01
3.391588665711940398e-01
1.756866342233558975e-01
9.957771308884520722e-02
2.727427811826973469e-01
5.252610006403872767e-01
1.702674306026637774e-01
1.288868004762372399e-01
5.217135943194923797e-01
5.619408206138027939e-01
3.291569548512819909e-01
7.719485413943144581e-01
3.771416495144009340e-01
2.916245316795674780e-01
7.201367843825458304e-02
2.557800521523743154e-01
3.737662060368622807e-01
3.634060277036320619e-01
5.197265321432876783e-01
4.388082432074604244e-01
2.808785718876413151e-01
3.185771366858324294e-01
2.574050533155746723e-01
4.775625053963805100e-01
2.314738691562406026e-01
1.125953151262568008e+00
6.060721209484858374e-01
6.361899044457417496e-01
4.952353147159900271e-01
2.197868935475962571e-01
7.458057767774336488e-01
5.219729815287721397e-01
3.244664867553936904e-01
6.373438062535332627e-01
2.947629028252974140e-02
4.982244993184827692e-02
3.297488460556624035e-01
2.906108638807550215e-01
1.560248690923651260e-01
4.391293971175180832e-01
5.938314649296987380e-01
3.144283067134709952e-01
1.859981678417679529e-01
1.254340170029460411e-01
1.561943232390593794e-01
4.600334904363000410e-01
5.601135984202663121e-01
4.731093596304403737e-01
3.121033231983301737e-01
3.754272560131831082e-01
4.869008580969371724e-01
1.195472066614301221e-01
2.968962918476811819e-01
2.425882499347129517e-01
1.643056955768997796e-01
1.017439093294443708e+00
8.637920857494781890e-01
7.419824151920505484e-01
6.243196478960679752e-01
1.099289874093009739e-01
4.046752442660342397e-01
4.151875178479834672e-01
3.512457345858116531e-02
2.136326706507675477e-01
6.042306645110526730e-01
2.339660817134746329e-01
1.911901238181184515e-01
1.076082320814144427e-01
3.216185759515097220e-01
6.510295322805550455e-01
4.390811623896354043e-01
6.947929813193096105e-02
2.401966005450631714e-01
5.521303715565555326e-01
4.027722240912596230e-01
5.439972952530645056e-01
3.338776408969257870e-01
4.152658276345654875e-01
5.975378707458204319e-01
1.904144391743285980e-01
3.640176801800668605e-01
5.486823391756025931e-02
4.605581956409404709e-01
2.833944805643635045e-01
2.803447005031945438e-01
6.305914230062583670e-01
7.279068174310704409e-01
3.637336619455047160e-01
1.698371384972520715e-01
1.468542145585511327e-01
3.282285915979070712e-01
3.389567066762432246e-01
5.786080463740753688e-01
7.746595363561183945e-01
2.364321822644959437e-01
1.335604116512545403e-01
1.675684498171809977e-01
1.485127366908769175e-01
3.884273037609599633e-01
2.937244904647001720e-01
3.005918420871074304e-01
1.212794330478174643e-01
2.360293782813640828e-01
3.737732043969166362e-01
1.424106431214552937e-01
2.571839335067055421e-01
4.575513999267885046e-01
1.093341025883200340e-01
1.606366112779711586e-01
1.864148048986010719e-01
4.406316466389117448e-01
5.383936736877957818e-01
5.463773543036297697e-01
8.019407616354939927e-01
8.829022189392350395e-01
3.589812772807310925e-01
3.659555442291290844e-02
2.341363068465451003e-01
4.036245432183631077e-01
2.399808490160517671e-01
6.289035555331768945e-01
6.353213897626897033e-01
2.797621228754005873e-01
2.973191332433076095e-01
7.402696166396127708e-01
2.659540066108504464e-01
7.255964779952507326e-01
5.112443832086209783e-01
2.835420090787903469e-01
3.201443257820914545e-01
1.657926664436757888e-02
2.841265191108133803e-01
3.766894609267479321e-01
2.624323387299482557e-01
1.579692720033532005e-01
1.829987476405092184e-01
4.960387179059262408e-01
5.177835318134839104e-01
3.417614172008930917e-01
9.311010744849751442e-02
3.498052856662627885e-01
7.004684098337955467e-01
3.551714718094952650e-01
6.116414879331339982e-01
4.384366786891519263e-01
3.309085706552936657e-01
3.660702340892182938e-01
3.303523990168251157e-01
5.427442690084277599e-02
1.709018233996435210e-01
7.029532102312092967e-02
3.836114749485238784e-01
4.733352430376661646e-01
1.104159802997514706e-01
4.351023684024879490e-01
5.747608722843649404e-02
3.942431747150907939e-01
1.591788016282141283e-01
3.122242558127206746e-01
1.055487322735399580e+00
9.300380927464639569e-02
1.134482003233279052e-01
3.995175153773828369e-01
5.026384776305081736e-01
3.614946944882920232e-01
6.220134745932540676e-01
4.530120221070643716e-01
3.461005327806147558e-01
4.282058308221271536e-01
4.904006295682395433e-01
8.613212549684962083e-02
2.081092915376500652e-01
1.332682642767628878e-01
1.506505347232892089e-01
2.215629187414335788e-01
1.180162824448550252e+00
7.309010641476205716e-01
1.887601076750127504e-01
2.513162405419251400e-01
2.465080027079832037e-01
1.418956596873575393e-01
2.062697822503377909e-01
1.206209335173859948e-01
2.751428611248326050e-01
2.139980511243048944e-01
8.993535832784334272e-02
5.569725443967453726e-01
3.583274300211711783e-01
1.632870746307417409e-01
4.250813765376573738e-01
6.614742216097078131e-01
5.474521579564015639e-01
2.501865933539696440e-01
1.169067821490042541e-01
6.157247893194814914e-01
3.183850887952601183e-01
3.644086363796139594e-01
1.135771596638836672e-01
3.923129315567924214e-01
4.268612034195271576e-01
4.934925955909270634e-01
1.214254162816958693e-01
1.768225726055525915e-01
1.174942937317807967e+00
1.195368713993676169e+00
4.667252407489563826e-01
4.167865675153846761e-01
4.269131976662461914e-01
3.731748383935393210e-01
4.568422219470684720e-01
4.874864495197459568e-01
2.914069354791903321e-01
2.134125338949882378e-01
2.257937301503643301e-01
2.979013910471137727e-01
1.533352082159022967e-01
3.854158063561008984e-01
2.695170672884050767e-01
2.038922899991649773e-01
5.398718988651686201e-01
4.787703151381607070e-01
3.808855842905538580e-01
3.768405542115561557e-01
1.082210327420679574e+00
1.129119738117908556e+00
2.913346502304804408e-01
4.249063024485786461e-02
6.471600261712920910e-01
5.026278470890490624e-01
3.385152877143595695e-01
2.139823838344243334e-01
4.977345168673583675e-01
4.299752879083743040e-01
3.810947961637877190e-01
6.242263385336486170e-01
4.706647916621041761e-01
2.732293735245451272e-01
9.260287240616509041e-02
7.488567192578530207e-01
9.285395145510512149e-01
1.704239348319645520e-01
7.980588503701505076e-02
2.592543724813972106e-01
5.475662889349356410e-01
6.386905100370972310e-02
3.402130403261517944e-01
2.904462422202881422e-01
6.079188136825079171e-03
1.890249389781836487e-01
6.873820154447750630e-01
3.933801860199190314e-01
4.192356522898595395e-01
3.013268724692974021e-01
2.546612528030953726e-01
2.752968438636832493e-01
2.495655561138509226e-01
3.251694642431388615e-01
1.831156003692634704e-01
3.468773139370872616e-01
4.060362113449723642e-01
2.853721674491288551e-01
3.092448844136539421e-01
2.788546333387820764e-01
4.564166027567331807e-01
1.668920221634567769e-01
2.983271485022597203e-01
2.048029836582818952e-01
2.664201486264785590e-01
1.566365004835859054e-01
1.183383707102224847e+00
5.876567920380328103e-02
3.907651764823177332e-01
3.202373045066769786e-01
9.807306459141457503e-03
5.625941748396120490e-01
1.491899536984863384e-01
1.886989919615905120e-01
4.193657056592646759e-01
3.980910281925155170e-01
3.196176419420129200e-01
2.983959075062865285e-01
5.792962062827916592e-01
1.460257457485462762e+00
7.569803051898698065e-01
6.009530012058430515e-01
8.598780890528764376e-01
6.390476994211022888e-01
2.474893349708474355e-01
6.102554698776515574e-01
5.639234241580100282e-02
2.059511537873984777e-01
1.379134609991802540e-01
4.129952222279791307e-01
3.082439796176393298e-01
8.169395662708073269e-02
2.609955105479204729e-01
3.578822952013666070e-01
1.339517963361962771e-01
4.603070307102887226e-01
2.301592101946001168e-01
1.490949208248981972e-01
7.625567447278417399e-01
7.303308074043536324e-01
1.211261021663692983e+00
2.496770579047079552e-01
3.210918641166690124e-01
1.591899386461475829e-01
2.348385540463085175e-01
2.011450778843987958e-02
2.609208548416442897e-01
8.195721378293945314e-01
1.672003017920476176e-01
6.091305677846667876e-01
2.985100132847542942e-01
7.777298165741237945e-02
1.256168595268922217e-01
5.710885351587379200e-01
1.356347560367133220e-01
4.860398476486152419e-01
2.482449522379713003e-01
3.176205002846653191e-01
1.188086702861292365e-01
2.966166120307260901e-01
1.944645010667416241e-01
3.571827934384381731e-01
3.310586063415484337e-01
6.771387814098200897e-01
3.251999400066705737e-01
3.514271777760769044e-01
3.716005105504784356e-01
3.298010202793921763e-01
1.299161822283219359e-01
7.576308039914374237e-02
3.670449739513766407e-01
4.206153071374851282e-01
2.072239847771374377e-01
3.199602102850583885e-01
4.476152103171674446e-01
5.048180388220666615e-01
2.308715915932020857e-01
3.916845366313997379e-01
1.357729668705300319e-01
4.080372993768794920e-01
2.814677553826023804e-01
1.609361853196688841e-01
1.106643796804740038e-01
2.511352024470867028e-01
5.860781571657521782e-01
3.919891166202622013e-01
1.078889614507373834e-01
3.387749758321240701e-01
3.530069401217864750e-02
5.712585224277663132e-01
3.875165774857090573e-01
1.536570174559505342e-01
7.971236361059759190e-01
7.035954594488018632e-01
2.492969286447923594e-01
3.438694860403233022e-01
3.523534580392708171e-01
7.607161254464880340e-01
3.708565284549245611e-01
3.770488786599944797e-01
5.321400798032991375e-01
1.050158635195744955e-01
4.802167973579578031e-01
1.499893938793635528e-01
2.512879939791119455e-01
8.472407646123822356e-02
2.988019534977592317e-01
4.704526424871950940e-01
3.427627494014424681e-01
1.312263227670103616e+00
6.336276180319898588e-01
3.314531175062771506e-01
1.170014229476470657e-01
7.757032045719607360e-01
2.870427828434808926e-01
8.155517154469059671e-01
1.135805349150723897e-01
8.200751261263106162e-02
3.999741547150446608e-01
7.672295542624553155e-01
7.985061615091701981e-01
9.281715752310620848e-01
1.977903706063803002e-01
1.059155907898908372e-01
2.684263905973213737e-01
5.900230998099132984e-01
1.206714709736350227e-01
1.532192920614125209e-01
4.800635461032195517e-01
2.711305558633593793e-01
8.560938599544265504e-03
4.351920994892958250e-01
2.500018703260882269e-01
2.097159469794707964e-01
5.829288818929676680e-02
2.191982720251058059e-01
4.260454253395558055e-01
1.697868662692642722e-02
4.921876733168340512e-01
7.778877189499768807e-01
4.229576667409891133e-01
6.778688714060731035e-01
3.643537631206245631e-01
4.043205051838008046e-01
3.632809952136382692e-01
5.047319404026996414e-01
1.619256841682707448e-01
1.350756080662441627e-01
2.696985453815900491e-01
5.321819519416151056e-01
2.715801877399584563e-01
4.749076848983712629e-01
5.445855390503715476e-01
5.743058777170505502e-01
4.545171584311673979e-02
1.301840773201375957e-02
8.683704187672628416e-01
8.619735850797755061e-01
3.516375141579650143e-01
3.607477686076268619e-01
1.256620946149157314e+00
2.170329145818875594e-01
2.077744391377462363e-01
1.287022106577341007e-01
6.931416161963641076e-02
4.069902201144819376e-01
3.634536784705988954e-01
2.061614930308914295e-01
4.899296165603665987e-01
3.694258393171778732e-01
2.518701977595290131e-01
2.002562403352776965e-01
2.980402340265768113e-01
6.676410139080133366e-01
2.128198317102313886e-01
9.646946350694736438e-02
5.323020442143564512e-01
5.757972891599687504e-01
1.342378095301090257e-01
5.725729516482872539e-01
1.487783961828491874e-01
5.021889949947536680e-01
3.316149771243750433e-01
5.963654988961346604e-01
3.341992210991642231e-01
1.868469872736599480e-01
2.395978913565233459e-01
2.089273960426232465e-02
4.082409358826265544e-01
2.961799395038178240e-01
4.526232694646779575e-01
4.128126230078023040e-01
2.776889414037290171e-01
1.582854479637527401e-01
2.000897960744570103e-01
2.520487451692324243e-01
1.210860912336934186e-01
1.264377461717178242e-01
2.044819361139539604e-02
3.097807981836960267e-01
1.365587549424087110e-01
1.586601817048584329e-01
1.300870776840912513e-01
3.347438148405221803e-01
3.335186494430988358e-01
3.276512528915936362e-01
3.647487708696395270e-01
2.053384524972655389e-01
5.500288507303668917e-01
5.818871488866096398e-01
2.686577408594013616e-01
5.940533975144713930e-01
1.546306789517781499e-01
1.327091054259958991e-01
2.529944151311523948e-01
5.473739982492122902e-01
2.923802513824181326e-01
4.251368029254905534e-01
3.150076224494613442e-01
1.125143722027667631e-01
2.016279527652155290e-01
3.025975438702324660e-01
8.075699347998924749e-01
1.176146117279324027e-01
2.266417110247418154e-01
3.694150482726976659e-01
3.687548255467049674e-01
1.497357533698664700e-01
3.427685317008315469e-01
1.989411327287762821e-02
3.167702340595312527e-01
2.013331548935826110e-02
5.159241108833304557e-01
2.652149877792591703e-01
5.843262609682591258e-01
5.983195469742873529e-01
4.568626463134822790e-01
2.437823360647826954e-02
5.192471636662776557e-01
1.641451716368685920e-01
4.063746901817835155e-01
1.522571035052910360e-01
3.478401630339277850e-01
4.303156106317900798e-01
2.745344831122693563e-01
6.946002117657970043e-01
1.652314628395659957e-01
3.350979888353660674e-01
2.038468013970531900e-01
5.568585767386410312e-01
3.221818104814347383e-02
5.390775008414974145e-01
1.869455349253111021e-01
2.644781243020012940e-01
4.435023255006195209e-01
6.572952259890364468e-01
5.144474313551559153e-01
1.229081579975525917e+00
1.875523769986360556e-01
1.579892391229587578e-01
2.360836947276283848e-01
3.789991734955053260e-01
1.357361585180249797e-01
3.959337256593373766e-01
2.044370943714941546e-01
2.395460651799891094e-01
1.789637142865639907e-01
5.204307548434571329e-01
3.336982662750761497e-01
2.504305406167673387e-01
1.041816276269091762e-01
4.634768435112068263e-01
3.026588725455385265e-01
5.697346816073244335e-01
4.317053147233059773e-01
4.775130205440456521e-01
7.114425574662256446e-01
5.595077439459156254e-01
4.160240013156612376e-02
5.922815832964473115e-01
7.406348799582137543e-01
3.744325753353340280e-01
3.067833658914980721e-01
1.832492052099207180e-01
4.763405236878208160e-01
4.249981284409548032e-01
2.545325750122861552e-01
6.514957920065529706e-02
1.899592886284423854e-01
9.819565955017849346e-01
3.973921806646471544e-01
1.892932009787000602e-01
1.987604279837729693e-01
7.280489298226232586e-01
3.530607166570310373e-01
1.090891506280756484e+00
2.400121992240097646e-01
4.716760516928136249e-01
2.433030548692175499e-01
3.985590392933318626e-01
2.914401316094599736e-01
2.116922116826251699e-01
8.331120171113542971e-01
3.850464810044028630e-01
6.707959117404413973e-01
6.436766743721097361e-01
4.054172194320327383e-01
3.222542813365521508e-01
4.080708824035133020e-01
3.489254423007214778e-01
2.270697864004165567e-01
5.151586362485121029e-01
5.756684329780673570e-01
6.314125938769520330e-01
2.290705148845870731e-01
3.369563624577954219e-01
1.114989277084437597e-01
1.472705483925377534e-01
4.025604076666968734e-01
4.024963429008803217e-01
3.747948376262682513e-01
6.264772951217282282e-01
5.584214025532809877e-01
5.852690098128101592e-01
2.983652123513491627e-01
5.016550328913239598e-01
3.483900338092870141e-01
1.793671778818097251e-01
1.839249805660310710e-01
6.386915085210173038e-01
5.297308825798153764e-01
6.548853453510767864e-01
2.703916970255758612e-01
3.924227844270810617e-01
3.626171244905284641e-01
4.297290100512441979e-01
2.994530997557411922e-01
2.210645954130691371e-01
1.795487621405285616e-01
4.552224929425442990e-01
3.354566570531272163e-01
5.160051978233471948e-01
2.978417062966228213e-01
2.714143631299903991e-01
8.473626862477116051e-01
4.984637742872674582e-01
2.308841499519926066e-01
2.302371327829121073e-01
6.421110710455463222e-01
2.471768819681680884e-01
3.457696558336375570e-01
6.773602862238418121e-01
5.063054105293398610e-01
3.979496243039822856e-01
7.116971506629676814e-01
3.563830604745806263e-01
7.164712914043803726e-01
2.659716176660670839e-01
1.675165119601069452e-01
1.856446335149544713e-01
2.569170150214964976e-01
2.468460577871682826e-01
3.971304830477435655e-01
6.717940967460980239e-01
3.610054329373283410e-01
2.484405174846897602e-01
3.732854087326698683e-02
4.074183467859761043e-01
4.236932447903530852e-01
2.686813608989792601e-01
4.111332909565766358e-01
5.146875630971761151e-01
6.020031199126427701e-01
4.420266430297102866e-01
6.493421761036761719e-01
2.859208889902972173e-01
5.596319346358895608e-01
5.577850210904143902e-01
6.452712363685364494e-01
2.546735475897216605e-01
2.020995608750164318e-01
2.625221556886673246e-01
3.308686218809632762e-01
3.973687971164669985e-01
3.470678108549010710e-02
3.339757962140579850e-01
3.342575098038251258e-01
2.613517469052324960e-01
2.071074625441758632e-01
3.115741334041859933e-01
2.393010453748649069e-01
1.679614723958064992e-01
5.405613172003747025e-01
1.917397784850009557e-01
3.619624579887003035e-01
6.069325084131876880e-02
4.181708038610925104e-01
3.967846395728391595e-01
6.811553651789984537e-03
3.756501466051624383e-01
2.911711857252000796e-02
8.157833787953471250e-01
7.419296278292386582e-02
7.129687578540394588e-01
4.844278818586464364e-01
2.514957825903264554e-01
5.139993548602763695e-01
1.770088979586017519e-01
3.684046120487382003e-01
1.339496478518792388e-01
5.627777319174079862e-01
5.769275882496196495e-01
5.032796017659878496e-01
3.654059817561993162e-01
2.103592599181720035e-01
6.618114210858160040e-02
2.264621184180380664e-01
3.123532384029102382e-01
6.410759402486658765e-01
6.514141728319199354e-01
3.468316801508548597e-01
2.312901576750918675e-01
5.945568628505122355e-01
3.782609463489591123e-02
2.101580218966880853e-01
3.895314650194882655e-01
2.630816653305188546e-01
2.766413998501129345e-01
1.839442558846492159e-01
3.523103995773709252e-01
4.391920187178040558e-01
6.914413462804383514e-02
3.061772203469182441e-01
1.054117701365891308e-01
9.638027047335020470e-01
3.852600541413133128e-01
8.411714828133334265e-01
9.124533668376316742e-01
1.758976523446161844e-01
6.625829460768023482e-01
3.237275231552869115e-01
7.509523250896910085e-02
5.001241596139536227e-01
7.632277645336779104e-01
7.521783379566543415e-02
2.531192867719240791e-01
3.618972203847867219e-01
3.576861229226000471e-01
5.512287948084442224e-01
6.512015850434488273e-01
5.374199721222862047e-01
5.279160375228213464e-01
4.341462170924570430e-01
2.938066279611400433e-01
2.999990262490509832e-02
4.852014240577111615e-01
2.323178071970255498e-01
1.104502509820053241e-01
3.197798062062225388e-01
4.583159357739958195e-01
2.226442178451363552e-01
1.935362610121773574e-01
9.243571236857583973e-02
1.900429970343484043e-01
2.463949660222787552e-01
7.338056897918623367e-01
8.012562145558604909e-02
6.308226424657077669e-02
2.159516388200123926e-01
1.157996685963868094e-01
7.375980789777472624e-02
1.870471444867400912e-01
8.033871195410730026e-01
5.553080867713118263e-01
2.216033973403407908e-01
1.121475769480895050e-02
7.638345288835217683e-01
5.774755488066235509e-01
4.258553640852760780e-01
1.468097338381044059e+00
4.669826004743877768e-01
3.972032296898218573e-01
1.782674648854184682e-02
2.832362267742837697e-02
1.032452947431714285e-01
2.248125739944179247e-01
1.063644040838486460e-01
4.657025574380003752e-01
2.596816430666859521e-01
1.611937783209165809e-01
3.732739443027672799e-01
5.580953584810846024e-01
4.307804870044958934e-01
5.137734956527509333e-02
1.050999185737485853e+00
3.647686596928251812e-01
6.345473184585160853e-01
7.480081313361786055e-01
2.678153114081784913e-01
3.689852415830127130e-01
7.897619544894630694e-01
1.201027024473122207e-01
7.749643681159233966e-01
6.257783828241888502e-01
5.455101877927406306e-01
4.390827258135035494e-02
4.298419452266334928e-01
3.410568825446302910e-01
3.545030838529705797e-01
1.888896261733297444e-01
9.566767804082031423e-01
6.054445987282985886e-01
6.937975366051879478e-02
4.892001055009484456e-01
3.948658895770690846e-01
1.462576658974882315e-01
1.852113461406791339e-01
2.870124494129533965e-01
4.266757367054551109e-01
1.090722156908275481e-01
2.526906465018097792e-01
3.672121572913583654e-01
2.860775206037609597e-01
2.537995339191510824e-02
4.224995344886564030e-01
2.782837764392797619e-01
5.185857356766950810e-01
1.900538109260295205e-01
3.563745143618518574e-01
5.348761266856605356e-01
2.197617399497029111e-01
5.449817064672589639e-01
1.271053851751505759e+00
5.522631756959924809e-01
2.658339902702983593e-01
7.170385043734938124e-01
2.650859736022354030e-01
4.448628015096722788e-02
3.831051292559353727e-01
1.388682613860703075e-01
2.569413342153291091e-01
5.045512856724398976e-01
1.109437305975768506e+00
1.323903490269823513e-01
5.226890817789872079e-01
2.991238973083027997e-01
1.624057935893514493e-01
2.193525701082557622e-01
3.477226494904092080e-01
4.608528413442148364e-01
1.418705365452190836e-01
3.899546392659649641e-01
4.735494544533802030e-01
6.317985709780168380e-01
3.813938641298344479e-01
3.397983505153210348e-01
5.571282956590341007e-01
6.022529567013440444e-01
2.022278086097916150e-01
6.051116969647954980e-01
1.078055468482459922e+00
4.862492207646216258e-01
7.522034078146642155e-01
7.888639954599434567e-01
1.218098121234336001e-01
8.266240128463805958e-02
3.034035108628769239e-01
8.817502037936551795e-02
5.095174983006891534e-01
8.715025952569543932e-01
2.468719482147205546e-01
4.832802060432168090e-01
6.132940736983711894e-01
6.543361706430009805e-01
7.286855425507619832e-02
5.399332810110542002e-01
3.099123883720069084e-01
2.315661428996144966e-01
2.385641342907013907e-01
4.267947841414065913e-01
4.121200555084428840e-01
2.340524445719511792e-01
2.217853222165147922e-02
2.733854567937961666e-01
3.192002722766879019e-02
4.474907377539980025e-01
9.759251035532830187e-02
2.446157412229461037e-01
3.043765947802544169e-01
1.709522889882145180e-01
7.225180027056756771e-01
3.938780291955821244e-01
1.791198827902192037e-01
3.724166484216752115e-01
3.240100865691508680e-01
6.303986574662158449e-02
4.937180749343573205e-01
2.786000236982187905e-01
8.398046445933720072e-01
1.581399854793088755e+00
5.674184933807642217e-01
2.552755153319800074e-01
5.532381303376755488e-01
4.474800395799392594e-01
6.453199006851791930e-01
6.505204525616481437e-01
2.428275090942906278e-01
4.138185753407563894e-01
6.758334932860827760e-01
3.995747552492061594e-01
2.951986892699527409e-01
8.077545342354830460e-02
4.094723117342092267e-01
3.434324464937189569e-01
1.991744577631465452e-01
1.292346868490546752e-01
2.591276716976330108e-01
3.933820630645688543e-01
4.158548711921995489e-01
2.616987146011454102e-01
8.310348155031234418e-02
5.294125101477782369e-01
3.015731245196912047e-01
5.028792138037208037e-01
2.415922935899568746e-01
4.201520663890163099e-01
5.891135037815821152e-01
5.954045426506026084e-01
2.735413593066702842e-01
2.717626366783693626e-01
3.995804572105350339e-01
2.998558974358939144e-01
7.188804427043110623e-02
5.442304394364674835e-02
3.335804822563798178e-01
5.300599763576224754e-01
2.206754657764187222e-01
3.949432095950770605e-01
6.050145700798594817e-01
4.081887636153723187e-01
7.346044258168228369e-01
3.980122210480116496e-01
3.187459607781445436e-01
3.932414323490071029e-01
4.405489688691434647e-01
1.202983816811493023e+00
1.444772138002061723e-01
4.483272876221002234e-01
3.466465413244042004e-01
3.863531516904769592e-02
2.248271828426497698e-01
2.464432226136326065e-01
3.425414369149913929e-01
1.363533392015857382e-01
7.903710090294692181e-01
6.623285458193134412e-01
7.624653104857672670e-01
2.458741593343728160e-01
3.478459812739866375e-01
3.861908066861021172e-01
3.096137659705023304e-01
1.083394900708243291e-01
1.078731312300485357e+00
6.396922883605279386e-01
8.271781989761382847e-03
2.797900420171722802e-01
1.159479235847422490e-01
6.496200404613606816e-01
2.306816989970852660e-01
3.133026824582091363e-01
1.463614686783860197e+00
4.067883679943493092e-02
4.977631544640018224e-02
2.818280297728137929e-01
3.399797923007831235e-01
2.316311140429251625e-01
6.657570004262860497e-01
1.043297909587028310e-01
2.401593984223678868e-01
1.627547081124871009e-01
5.196230855242243152e-01
2.684750273427699008e-01
1.581334848027285689e-01
1.184524075230499601e-01
7.504852673315055567e-01
2.824988233157724737e-01
4.591647242127217532e-01
3.277243444740796652e-01
2.613646844176167883e-01
3.602317980558337740e-01
1.731348403555707793e-01
5.929071495945238413e-01
8.759085444718808233e-01
8.366928443318873143e-02
6.790664598563261878e-01
6.613928701293614321e-01
5.448042039747967857e-01
3.266992482946272092e-01
2.409766014155094449e-01
7.087563161888813523e-01
2.105953093182628688e-01
5.395081656924868158e-02
4.109634444319653634e-01
4.159128807562226804e-01
3.027182775607747955e-01
3.772539785386227473e-01
2.963992659384024342e-01
7.058886467248963459e-02
2.936161902552900660e-01
2.188817022093098030e-02
3.691117081624525204e-02
2.003135929004640492e-01
2.316610249172091907e-01
8.199325059916886538e-01
4.663525572781516138e-01
2.292697628227371998e-01
4.686315219104429663e-02
2.452583391144656511e-01
5.179419114619328024e-01
7.007025354441016596e-01
7.914521824420106544e-01
3.482636782080055227e-01
4.330813890553920631e-01
3.045867930713453409e-01
9.334567166883787903e-02
5.625979214432851316e-01
8.419716211683131446e-02
4.756450762740880855e-01
2.168969800964268280e-01
2.884352267354504673e-01
2.469949794261120934e-01
2.488039831361591181e-01
8.631839631856466077e-01
2.787366796727825946e-01
3.776379030145672333e-01
4.742743448382055749e-01
6.142306836259256997e-01
7.887868869819776585e-02
9.950696328669354773e-02
2.066993899763264544e-02
8.151748594486064592e-01
1.217194362334991675e+00
6.694679338597402385e-01
1.936902307100795417e-01
2.824256123522158046e-01
1.154409508456539779e-01
2.773820759851609516e-02
2.636459859464467814e-01
1.974385735408433762e-01
5.059929401845266739e-01
3.143170135073909965e-01
8.794432692784630301e-02
6.401713509537452218e-01
2.122942947576715866e-01
3.156436638218107493e-02
2.540777546303332191e-01
9.779789703939574252e-01
3.365198252977524146e-02
8.702219467576870482e-01
9.481015712803972928e-01
1.806660454450986775e-01
6.720882722596746572e-02
2.986676742047849054e-01
1.123342176347882804e+00
4.701310271441684896e-01
3.543569687551890307e-02
4.317307280816717330e-01
8.622332982944717061e-01
4.122362249947558732e-01
2.126154343816278880e-01
3.832555881225925831e-01
3.412974225571093756e-01
4.918637628103588733e-01
3.227328052225946764e-01
4.247604370543647812e-01
4.334793001002421042e-01
6.835446249553575049e-01
1.097516385431908936e-01
6.494104810822131091e-01
4.184055400028838245e-01
4.259806026425798642e-01
4.775314168356905586e-01
4.545626248838131045e-01
6.666739159329907460e-01
3.137223939232838821e-01
3.804045788310132514e-01
6.317847476129703210e-01
2.520484160475702784e-02
4.702581905056002487e-01
6.715106234008859643e-01
2.075954778839270709e-01
2.753360048773713653e-01
3.401062751526705008e-01
5.038240316648973094e-01
3.091510484327926744e-01
5.629159913729497866e-01
2.081700930447634990e-01
3.483460535418307358e-01
4.288684480187875403e-01
2.821636757793256067e-01
2.712801208020632071e-01
8.130422233706287027e-01
1.957780031810753829e-01
1.470535998874444306e-01
4.643967441295402537e-02
1.411333353027411364e-01
8.810337641294764266e-01
1.012606241334314205e+00
6.071840191351075555e-01
3.547139348852287322e-01
1.927495376617349709e-01
2.690579223151485233e-01
1.316623148916776509e-01
5.089446165998505744e-01
3.122055907146451537e-01
8.723379080925925955e-01
1.067226652157528405e-01
2.754396724315037459e-01
4.238615683214396745e-01
5.186905494959189733e-01
3.930396970598247219e-01
9.598759448423585527e-02
3.565106746047613795e-01
1.376018971975917216e-01
2.543172087567780459e-01
1.435737608139794341e-01
5.871829372411244696e-01
7.287491116513322709e-01
5.261381004097600567e-01
4.302279329679731257e-01
6.472055176543065613e-01
4.839568111940668604e-01
5.807096126318971319e-01
4.660060332284853279e-01
4.082961701581130365e-01
3.206218553319983289e-01
2.822610736240376839e-01
3.144816490996251712e-01
4.032436840353317287e-01
2.377598236524084419e-01
5.751116372925602072e-01
3.493094243403942478e-01
8.121535872311318460e-01
7.915094850436127372e-01
2.992389756413752266e+00
1.556017709315613118e+00
2.794600235771663166e-01
3.384566911992519245e-01
1.262451598547989162e+00
5.198565926658769154e-01
2.107942729230072587e-01
1.168726058060814976e-01
6.974496052819045833e-01
5.807365438727254414e-01
3.000364348146099536e-01
2.193598229023241142e-01
1.819204158328686927e-01
6.595869135966302421e-01
2.664093234060925242e-01
2.421798027474508230e-01
4.861521038019976371e-01
1.614984558754996302e-01
2.242171028175399539e-01
2.921143444124214561e-01
1.361031441358859784e-01
1.655776507568056388e-01
2.392073657926575003e-01
8.888321072781074639e-02
2.912577435109561796e-01
6.036868354238733581e-01
1.303445847495292020e-01
1.000333587894999682e-01
3.655586427986169396e-01
4.333515049792235341e-01
3.309212396915848786e-01
1.978299177029876205e-02
1.154422258179364613e+00
3.223089342353274156e-01
3.212686851673629551e-01
4.312681742579723143e-01
2.458293482982940870e-01
5.357886596935251822e-01
1.248660600473988497e-01
1.715807285014056272e-01
7.501297958606810423e-02
3.055170955252203835e-01
6.854188371514004230e-02
1.686276047665841160e-01
8.646129965282869367e-01
4.577595172230681797e-01
2.785543199055035557e-01
1.506885355713110941e-01
3.266435134302732024e-01
2.485297970972283055e-01
2.618573026827091810e-01
2.756871550049485586e-01
3.472672358841405460e-01
6.465270528444874154e-01
2.439987268124532149e-01
1.926979239376165887e-01
6.316962035628779226e-01
3.106214779411327620e-01
3.243001428070216297e-01
3.407309549463132803e-01
4.261734882908237987e-01
1.237717382888600115e-01
1.323516533108597126e-01
4.577118563806293339e-01
5.349811505169302928e-01
3.234621308662966044e-01
2.288412275163982101e-01
2.430232417747075213e-01
3.964354454958390894e-02
6.969860691038524125e-01
3.548477634761592614e-01
8.971947578117644984e-01
5.890850790691325445e-01
5.318714054624291698e-01
2.245966016821218103e-01
3.609820385186437997e-01
2.990287539137893580e-01
3.715866563581872728e-01
1.729728257710329287e-01
8.387237823988581698e-02
4.299074390337093710e-01
7.229736306870346851e-01
4.614485559060677033e-01
4.042272801278790073e-01
8.744715376018544761e-01
4.486171915235063201e-01
3.988436596787222066e-01
2.221990322936993334e-01
2.415042015662814401e-01
3.404683259358070591e-01
8.952755964193249982e-02
3.931729269233554258e-01
5.017564240601649628e-01
6.448961525112693050e-01
5.680170808229650925e-01
4.575728920074542683e-01
1.077086900420924920e+00
7.043672376464402696e-01
6.326989261262625508e-01
3.638320133323844074e-01
1.117870619384821185e-02
2.640936501323070673e-01
5.568815492614974383e-02
7.471725659855503465e-02
8.879693272479220745e-02
4.078129564891109227e-01
3.875195173274333937e-01
3.286979794462523974e-01
1.356839523316728802e-01
9.662738397683443003e-02
7.992324426682922978e-01
1.153810130333217554e+00
9.195799370246896531e-01
4.617354743126523831e-01
8.764981381510013325e-02
5.738034282231908347e-03
6.403023380384783581e-01
1.865534686269562648e-01
2.156704268454964490e-01
1.550115586583143412e-01
1.486757653466723728e-01
3.724262194566930195e-01
1.855653283637536677e-01
2.058104717891265367e-01
4.988379481178916164e-01
2.987232342781134808e-01
3.469775795597399570e-01
8.839366413798159516e-02
5.393175053924905565e-02
2.322751268057631213e-01
1.691822203410190406e-01
2.485927138855452967e-01
1.148379041164507702e-01
9.438831112020622249e-02
3.144634427306324809e-01
4.393308506760774668e-01
8.283061485018249348e-01
6.382910617747660220e-01
3.036987028667772481e-01
2.412002358991394702e-01
1.815472268708711312e-01
1.466757947170588272e-01
1.975716773358410505e-01
2.269899341229667800e-01
2.921733267308768700e-01
5.867130261738817687e-01
1.847262866316688179e-01
6.107002119327331613e-01
9.273235797406129688e-01
1.200420608152339863e+00
2.843679833304642024e-01
4.174121941712941042e-01
1.751716645547398421e-01
4.626452318958482191e-01
8.512123748887673313e-01
3.402999493320896240e-01
2.096779622098103868e-01
3.394092372240865019e-01
2.304492647980894704e-01
4.378939167124571430e-01
4.324463871717462160e-01
8.295301314552458449e-02
4.131053394780131449e-01
3.549856686073690759e-01
1.685244737943411009e-01
5.587157295634261889e-01
2.635650407359819147e-01
3.049917285444965209e-01
1.082109382467295045e-01
3.991158799462419804e-01
3.066619481949611203e-01
6.775396282261724190e-01
4.389349975234947965e-01
5.292781878598944445e-01
5.659092916878790680e-01
1.045321226449424046e+00
5.756607008209029264e-01
5.952450204964897518e-01
6.660042385264067777e-01
3.423233620825757995e-01
4.069593024546325211e-01
4.549895287340083305e-01
2.810517839675630292e-01
6.195849992542018514e-01
4.503562160147032145e-01
1.965829495122872195e-01
6.210571199758038174e-01
2.256499124322916550e-01
4.723121021509315565e-01
5.979480395691525452e-01
3.630570387529674647e-02
7.309455941746280105e-01
4.498282956519778497e-01
2.790206991683994442e-01
3.877664095533409627e-01
3.363491275351038756e-01
1.171281945700938104e-01
3.094675564381711985e-01
2.088386774131198997e-01
1.705200023518053110e-01
9.147271336892333349e-02
4.315420920983326636e-01
6.771550977213585121e-01
4.284234980453290875e-01
4.207545655857338751e-01
3.514192003280814380e-01
2.333168965406121897e-01
3.340920600976018395e-01
4.144028798212530673e-01
3.023046138458094223e-01
2.981448425788422729e-01
5.421738829944101612e-01
6.507593899432966289e-01
5.243551633787855160e-01
1.469652845509953787e+00
1.458508446989206453e+00
3.211982272276627803e-01
3.756011927278538609e-01
1.845067750603723300e-01
5.385488921137551177e-01
1.294114553003498924e-01
3.989298187659541250e-01
3.433520622603811745e-01
1.912437049618401774e-01
2.596896520665197272e-01
3.465835868913446638e-01
8.387411937333590917e-01
4.603502835618975553e-01
1.622154209762403654e-01
3.833388315800744794e-01
2.402302704076164641e-01
4.646572238838112545e-01
2.926411476933029054e-01
5.367249512521846677e-01
7.089663592511279422e-01
9.888870542624660365e-01
8.734041534012422225e-01
1.733463453844989788e+00
1.097432816746752998e-01
2.280255680841125343e-01
5.424028636144593296e-01
4.556478646941655719e-01
4.215573408473851647e-01
3.535624631063021273e-01
5.866236526199466450e-01
4.471955980368779726e-01
1.667182795231166414e+00
1.085676958120257218e+00
5.809421806704531677e-02
2.987349775853800904e-01
6.502148665339474443e-02
7.039956203103672205e-01
9.125166907773456237e-02
4.774974212417798514e-01
5.497263670944972924e-01
4.184324319961049143e-01
5.183108559631278700e-01
2.986707175324770924e-01
4.258216977306011203e-02
3.604696242741786127e-01
4.885472356176317477e-01
6.458683953103737663e-01
1.582976915452488642e-01
8.239753575417346765e-01
3.453034843040181934e-01
3.845862254132487723e-01
2.532472724520392626e-01
7.449510443783421976e-02
2.296415236839064733e-01
3.930100427021028520e-02
5.286581884968923895e-01
7.863571978837713417e-01
1.984648360519077892e-01
2.983514074882911288e-02
3.871913366670428625e-01
4.859517481137761719e-01
1.890250769259716260e-02
1.742478153642292305e-01
4.179631172000273232e-01
1.894410490841431371e-01
2.338463405278430052e-01
2.910094064493408128e-01
