7.918414242378524204e-01
3.270651385231010955e-01
4.002525199297074510e-01
2.533803720275243365e-01
6.656017356851318123e-01
3.738663524717289466e-01
4.907272750362600133e-01
5.287045108680191730e-01
1.050593812099906710e-01
4.685666737551388850e-01
1.233961847850560262e-01
5.010787523385253905e-01
5.715467414725583506e-01
7.158453376376012756e-01
2.732377217137078040e-01
2.960611146723251541e-01
6.395202729424583898e-01
5.523915407151369639e-01
6.961825039429750950e-01
5.031742685363529421e-01
4.406739467792883391e-01
2.351349799420516529e-01
2.399298320802017159e-01
5.233574178818246603e-01
1.690148202346590800e-01
8.027897902087861859e-02
9.917351723484377768e-01
5.357700163172209873e-01
4.457832360216397172e-01
4.218307310123053933e-01
1.050003326914728113e-01
1.944422431256198625e-01
2.855552624186941113e-01
3.010083280991870391e-01
5.675790652441252693e-01
8.204853973934468359e-01
8.472517738914898955e-02
6.818812663191020640e-01
1.350336549569056965e-01
3.818616456055939912e-01
3.163300498928901527e-01
2.207482343786097978e-01
2.364682874557079706e-01
3.093031911445665028e-01
4.369682831480555807e-01
8.835821777139142574e-02
4.425821961513947689e-01
3.885968600655918537e-01
5.406700850673976655e-01
4.630170988541476018e-01
1.618584647711804603e-01
4.052619172383970514e-01
4.565502000868570387e-01
1.689887941428628859e-01
3.239504343152267429e-01
3.084099530208020412e-01
4.315384293508351399e-01
1.201462557052342950e+00
2.254197535134770281e+00
1.506199329074602744e+00
3.236659934537289285e-01
4.961607950284905311e-01
6.174645635795993348e-01
3.080385899504153313e-01
8.420751038536007649e-02
3.382599068488625349e-01
3.745761276887680236e-01
2.571541240350444513e-01
3.683472819323845293e-01
1.714219238797032030e-01
4.694869794667810292e-01
2.129766771848073392e-01
4.014593123959756538e-01
2.879989492502605386e-01
1.493538020862124338e-01
4.571969317142409173e-01
5.056700214495756240e-01
4.999294396863008805e-01
5.213008880953126090e-01
3.710607249121747886e-01
7.804937508225139320e-01
7.527458308034645773e-01
7.921218570295415207e-01
1.079611190593158465e+00
4.329005278419920111e-01
2.886145644672548083e-01
7.303614690228622808e-02
5.567757311923391406e-01
3.660602138232812996e-01
4.031318442392995971e-01
1.081553725181182979e-01
3.088949908859690008e-01
2.387717572939176969e-01
3.041406804147566145e-01
5.769435247371756947e-01
2.909124043919740152e-02
5.381501400499543175e-01
3.749073055630638418e-01
2.810699691227779295e-01
7.242618078920536329e-01
1.072477676884679432e-01
5.768607588032621525e-01
1.176319422106227863e-01
2.247833780077275467e-01
5.238457850753649447e-01
1.431543926429082736e-01
8.146474261270837403e-01
6.100574887945059421e-01
2.979142604037109954e-01
5.376010613552346662e-01
3.921916004860690474e-01
7.916522734594541033e-01
5.006538635962760608e-01
5.196022490147326200e-01
5.832902973345518438e-01
4.499267096445567216e-01
2.073137237342482508e-01
3.674845139544631323e-01
8.427533865100483856e-01
7.510170167152834253e-01
2.136580074475436408e+00
1.973535535883442771e-01
1.266050010036562541e-02
9.111546476463998623e-01
1.581469922697032182e-01
3.038622915079655096e-01
3.660290954423256471e-01
3.285009035668552957e-01
4.364092172642169420e-01
6.720653426558222954e-01
2.584001397315938697e-01
2.094221636365418138e-01
1.979053870505102786e-01
1.860275627378168983e-01
3.375270806873257312e-01
7.659486276561300322e-01
3.856928854598615786e-01
4.068608642452092861e-01
5.112260978365869984e-02
3.357058991027667139e-01
5.275685187526513165e-01
3.494961588819094911e-01
5.343203654678644332e-01
6.108838312225201017e-01
5.403578111073650270e-01
4.910817481331647971e-01
4.950170517204535159e-01
7.033917914747069844e-01
3.802273154214641515e-01
3.217800252744743572e-01
3.441671346171304990e-01
1.028592593657952081e-01
6.496085537155906753e-01
3.708540963076429331e-01
1.506635229324468084e-01
3.858296395591692685e-01
3.568390220855090500e-01
1.094704492547225794e+00
4.057542746481231921e-01
3.739052297366221023e-01
5.227312957827171536e-01
3.743057400200904272e-01
2.377967494489727218e-01
1.810156646681939374e-01
3.211740540952072176e-01
3.408424253390051062e-01
8.510492271960276023e-01
1.256290377981325479e+00
1.980764279130334538e-01
1.561722202534368553e-01
4.228102187363393383e-01
7.086108036503181440e-01
3.305198887919938433e-01
5.143766950975472430e-01
2.941849293875836713e-01
3.683131507594066267e-01
3.118939989844058402e-01
3.020249005020937960e-01
2.146092914390629047e-01
3.217448193550376812e-01
8.610347699415187295e-01
5.815085990835529017e-01
1.100243004261141744e+00
2.066223652622940221e-01
1.612393034517046742e-01
2.404276121646976849e-01
7.531083589504238285e-01
4.049781710180076488e-01
8.957291286263461272e-01
6.623797898608858592e-01
2.253962770534908289e-01
3.324813854857879836e-01
3.204869917660523870e-01
3.567604117512560014e-01
3.342783184483663628e-01
3.077109105227111563e-01
2.506311884325018169e-01
4.726940006136404193e-01
8.233363009296232882e-01
7.751921190919892624e-01
5.190759487886676959e-01
1.285096475736957899e-01
4.873233130590481910e-01
4.182760457250052077e-01
3.846537785693432965e-01
2.316694061371291080e-01
3.341065003815919532e-01
7.186564942092823483e-01
1.061277980056636316e-01
8.463716296336695755e-02
5.842836007440278534e-01
1.896890144695662916e-01
3.936634120533419878e-01
2.103784187420231766e-01
1.501802608212873258e-01
7.104717620879279494e-01
6.166295874038429242e-02
1.667439035335003261e-01
1.218742809361573164e-02
6.715027581685091285e-01
3.108282477142585432e-01
3.380859488663096046e-01
4.650963699049803779e-01
4.823235099423105465e-01
3.195282666101185165e-01
3.267855092949739082e-01
2.989058572062967545e-01
3.574119404343961692e-01
1.200289169208451356e-01
1.206289242783300741e+00
2.809728653791558339e-01
1.503659807486561473e-01
3.517131335485899207e-02
3.408296704702910018e-01
7.779541313525041302e-01
3.961666780337103067e-01
6.778691881531219154e-01
3.778982567140058424e-01
3.758854918676008405e-01
1.991026616474314281e-01
4.789272636209478406e-01
1.672999132447764159e-01
4.161797446224727581e-01
1.221197793368107715e-01
1.581850867278244421e-01
7.800163659340998423e-01
8.012599220980259895e-01
5.555959657309950117e-01
2.115182391868197787e-01
5.034920342637919655e-01
3.361866424809675791e-01
6.719022316385017124e-01
1.344396307918075961e-01
6.905370398335078930e-01
8.494498976587250283e-01
9.805579005279362326e-01
4.565367654849818990e-01
4.568703885279505328e-01
2.273021312618386802e-01
4.185745845294947531e-01
1.019669664089029482e+00
9.992012193684776111e-01
5.906937797793614386e-01
5.208952907552002465e-01
4.734534641856711912e-01
3.285775449098395917e-01
5.632356533668081422e-01
3.708607579927145070e-01
2.355255528135603016e-01
1.477147538672290150e-01
4.023194293097900887e-01
3.250180134085011718e-01
3.584527270196561921e-01
2.472081064208913048e-01
4.475926596765102961e-01
3.652931770098244990e-01
4.898705910984386680e-01
1.612551283336127739e-01
3.849444536023384766e-01
5.361459222571337557e-01
2.201422374755654110e-01
2.278414419045312334e-01
2.233998326616916941e-01
1.510675718301305592e-01
4.452009654295405183e-01
2.229702437659766279e-01
5.100017230602204021e-01
5.781301728332834955e-01
4.960984907219995743e-01
3.933290678398404516e-01
7.952897449690891074e-01
5.435904731419148872e-01
1.628722405129537920e-01
4.324194464807155081e-01
1.248619087935004313e+00
1.506256358412607410e+00
1.851995870536737032e-01
3.633004860815146064e-01
3.337446475597955486e-01
2.596951369753522920e-01
2.174574214319444643e-01
3.748570882697721540e-01
3.878247356552402825e-01
3.372098191478303253e-01
5.291315751608347551e-01
5.756301717007702434e-01
2.173611695920491249e-01
1.293748925095024871e-01
3.970297868611981640e-01
3.627469217904759069e-01
3.701032033456083115e-01
2.656545902218708233e-01
2.843913053231629795e-01
2.311188927361790268e-01
2.740164178040181420e-01
3.049331368749095272e-01
2.928724534305469571e-02
4.304554823823985577e-01
4.759913325188543931e-01
4.436778645339456983e-01
4.109620873011511355e-01
3.443278502686288878e-01
7.073652970272695795e-01
9.924959531948693847e-01
9.038766594825561329e-01
5.119916417015867305e-01
6.326641109807662477e-01
1.098735596030919526e+00
1.402860193054696891e-01
5.154258413964012409e-01
1.500463134042148372e+00
1.480868180663430511e+00
3.241989665708871482e-01
2.197812561364576867e-01
4.421072120567166586e-01
3.883018608469583910e-01
5.202528320407648899e-01
3.380635329868030281e-01
2.763220200765120760e-01
6.082314650678500856e-01
8.581498822317467079e-01
5.753383302988236414e-01
2.887188476910220181e-01
5.542874249583733537e-01
3.381482842182257920e-01
6.567424968389133921e-01
2.939669144007790447e-01
2.769017365193571223e-01
2.007125774860594458e-01
2.925850019581431316e-01
2.764256689728023519e-01
5.159713009108565090e-02
4.055098756633852553e-01
1.984639675081973920e-01
4.441413719407305560e-01
3.389939364557970625e-01
1.814008337425052908e-01
1.873765166860836273e-01
4.715976367361423005e-01
7.367068906096020386e-01
3.393259535098901991e-01
1.866822922068727408e-01
5.943093980171906265e-01
2.426685692982405995e-01
4.357178217100844964e-01
6.929025528270711387e-01
3.914153136910322739e-01
2.868160329519188201e-01
3.556075966668046373e-01
4.187922417870959535e-01
2.082000235886553863e-01
6.136898712672075873e-02
7.154749934886460716e-01
2.087491468554004970e-01
1.295422074035301185e-01
4.484850724945299016e-01
2.682141510539962082e-01
1.229709033666123441e-01
4.056778948520367023e-01
1.127962537215458472e+00
6.289849990666958046e-01
6.024762853628355952e-01
3.842060662535372040e-01
1.888855184890172456e-01
8.656378312526553653e-01
1.461424215580566233e-01
1.530527454844914370e-01
7.348684085715265213e-02
7.518333546690956215e-01
8.995354581609000810e-01
6.992305191261459774e-01
8.231319783661056322e-01
6.430233449097023657e-01
5.083770390343630430e-01
2.750574776721259607e-01
1.980152654418562697e-01
6.849932231619586531e-01
6.528634971354399519e-02
5.981173345962073062e-01
4.897794676009054049e-02
6.765865934718106045e-01
5.151179102913210350e-01
2.023347510574987351e-01
4.093481577535205140e-01
1.134324396679888269e-01
3.629641069113774821e-01
1.731026085523902081e-01
1.358069778773882963e-01
1.818445968617855499e-02
5.924346328288151442e-01
1.423645740623903366e-01
2.861906282239120025e-01
1.159378535920496889e+00
1.293990152187129539e+00
3.107741469185065220e-01
1.990036832017728352e-01
7.729933824405168519e-01
7.178409696742726886e-01
2.642760261455731619e-01
4.927584278314999788e-01
1.774770930731934260e-01
1.018965939079504862e-01
3.431799808837197596e-01
4.737472441569975934e-01
2.939712582879742131e-01
9.178678733488036812e-02
1.564797226924372897e-01
4.047731812910071447e-01
2.387925583657339867e-01
1.464113589415857175e-01
6.385510916595636965e-01
5.963896336542106047e-01
1.002114061890087227e+00
9.591143146837648459e-01
3.633708193063255321e-01
2.932721495935152189e-01
3.869444933155158917e-01
2.100084834276319257e-01
2.576420337054068366e-01
2.469380795852540722e-01
1.086048566998416565e+00
1.807218952666611866e-01
5.135733677893784543e-01
2.395566444235870673e-01
5.516815643376932199e-01
3.955267513152562198e-01
1.467961022217921518e-01
2.000466583939959075e-01
3.881264668031874643e-01
4.816650375802924988e-01
7.158518384819665403e-01
9.289968977265071481e-02
4.586216332999781264e-01
6.576496230004688082e-01
4.207255729293234991e-01
2.526621189756597108e-01
3.234499961218847419e-01
4.373356789271818923e-01
9.050272109946597143e-02
2.025649633491318491e-01
8.898570179309641670e-01
5.923803406553952433e-01
3.719590391846956945e-01
4.756773953900456653e-01
3.769503282889192786e-01
9.208597869225644550e-02
1.095335887628630239e-01
3.215951475434752349e-01
6.672128025714665345e-01
2.238069716677391352e-01
6.278797393797841409e-02
4.250353884903527169e-01
2.667971837083473741e-01
2.721245669097794861e-01
4.123763776349047561e-01
5.272603259986550356e-02
6.295133416049735198e-01
3.917338213525263235e-01
2.429323794221460164e-01
3.260469653245258170e-01
4.402245156425447226e-01
3.550593044488305483e-01
4.068782773744172854e-01
9.726581962227368594e-01
3.645270257244524470e-01
4.819078149408551059e-01
5.289682562385956688e-01
4.667224991597513917e-01
1.275204857177704987e-01
2.145155439089074245e-01
4.272889479747040142e-01
3.020186712268386753e-01
2.925577048937062496e-01
3.773219256168118818e-01
2.957297188817730182e-01
1.888046385573972641e-01
4.200564697434595041e-01
3.177347622537356475e-01
1.739404860632716154e-01
3.692056231112850195e-01
7.056338900764002053e-01
1.111410044977521050e+00
9.164357193713648098e-01
8.807199219460715156e-01
2.140376016593773800e-01
3.626659581573040692e-01
5.403594711692442099e-01
2.119770517841372826e-01
2.836206094563535896e-01
2.181166031053433652e-01
1.820601258752774509e-01
2.675425250732932358e-01
6.903877390423838190e-01
4.659035473954504791e-01
6.910711598159303692e-01
1.026076223040054636e+00
3.151578714115407798e-01
4.384061345120539022e-01
8.224956428467626590e-02
2.172219374707913264e-01
2.228999621297327871e-01
2.213999571232143637e-01
6.245951916728937903e-01
5.625809041208273964e-01
3.314077221412462665e-02
7.366244328975067590e-02
2.962881399105620761e-01
5.094101880812365035e-01
6.982350886997046313e-01
1.398787747379086517e-02
5.467574949775863002e-01
3.648343740828479120e-01
3.447266818777333097e-01
4.477755336910984041e-01
1.530431664541441972e+00
8.236718278621999456e-01
2.395457905356931094e-01
1.537528475655551286e-01
7.393499666578946528e-01
3.164262710750346264e-01
5.660912734294000215e-01
5.135222575551385837e-01
1.792449273883316707e-01
9.500589188122999795e-01
1.392208613905763226e-01
1.957987537551454660e-01
2.660910356034470459e-01
3.567417049602626400e-01
3.491648604546726542e-01
3.376899798238707784e-01
2.972000050099774526e-01
2.265874363295357352e-01
7.723192100929624493e-01
5.974322684432502584e-01
1.013583559717414623e-01
2.359087643259661360e-01
2.852979258987137778e-01
2.433396288573502209e-01
4.429213849253623159e-01
1.081463863920260476e-01
3.667894629550781382e-01
7.410056115274444855e-01
2.159593176754259075e-02
5.676827994676804101e-01
2.290083127671872776e-01
3.441791271455503232e-01
1.863648737400956101e-01
3.162086982147208070e-01
4.552727778539284453e-01
2.792611718588421943e-01
5.281495996667410209e-01
6.104915857889486874e-01
3.629704869841210435e-01
2.602214727214431922e-01
1.806332458561914767e-01
4.566219571514927300e-01
5.136882244751518334e-01
4.380666709724435059e-01
1.629598738276997749e-01
3.546285078422569126e-01
5.838954061363117454e-01
4.239417251867766412e-01
6.832131668528883539e-01
4.547281738094484105e-01
6.487849420596363270e-01
2.780739350885292338e-01
2.918754837389394008e-01
2.045217475278039154e-01
4.049518006474350229e-01
3.860122534231722469e-01
7.098352924581691203e-01
5.922136322309802248e-01
8.684031291757005055e-02
2.842110533882392653e-01
4.612104685018449390e-01
3.043848736501530983e-01
4.127248617839502920e-01
6.051162719053395644e-01
2.825149123703595277e-01
3.716397610371718341e-01
6.109570545908812322e-01
4.597556819928658167e-02
1.942302650151138954e-01
3.333099125700031418e-01
1.450181801494933309e-01
2.793813513231294121e-01
4.838379345877745763e-01
1.716791452541641394e-01
1.543174324429008870e-01
2.331599316107978992e-01
2.773188520876559426e-01
2.947716442970135242e-01
5.084966651274662741e-01
1.374745455502289215e-01
4.174338612878811250e-01
3.800268946253152480e-01
2.461494596518095379e-01
6.826119653385652464e-02
7.224452292961693889e-01
8.568269195613255063e-01
2.284400008798267712e-01
4.733294641716888074e-01
3.848411022019285754e-01
3.193489155192680840e-01
3.940368546039794695e-01
4.455752562238363829e-02
7.093292146805377785e-01
4.131756579271398389e-01
4.962357749617173075e-02
2.085210663787150920e-01
4.276007325865835429e-01
5.880449041564047574e-01
2.451379649874049493e-01
1.356467512644707052e-01
8.279001171866545716e-01
7.676409507413602951e-01
2.210064372224476714e-01
5.616109423884698693e-01
6.600757559890622073e-01
4.404667535104275222e-01
2.678208817520285612e-01
2.544137734700097631e-01
5.128152593101629186e-01
6.832434018023973987e-01
3.308902327952864542e-01
1.147981379240741728e-01
9.154581164534081328e-01
5.986527393079832393e-01
4.262774713962431128e-01
2.410040043966744649e-01
6.535715769947467724e-01
5.804988495055499742e-01
1.374275098867175360e-01
3.492174340079043371e-01
2.929739510388789658e-01
6.905767473823378744e-01
4.166524008675190904e-01
1.310591354857606694e+00
1.234488372535047784e-01
3.206656140945022271e-01
2.321891251839588721e-01
2.574716455730138298e-01
1.988101035512775394e-01
3.206430742314479998e-01
2.189011096596254757e-01
1.088238748240924064e-01
5.139150560004258628e-01
3.491530734603246477e-01
1.937970534860681826e-01
1.489288545374247708e-01
4.592975259899583634e-02
9.289334980443228473e-02
1.120421940836543007e+00
5.289822860314542519e-01
5.037931833618553012e-02
2.027670860885043835e-01
5.324484341805698628e-01
9.207407666392924961e-01
2.041802586664537567e-01
9.741283067458439415e-02
4.035171035557214569e-01
5.858384513420026307e-01
9.593470274224399907e-02
1.185459614693148978e-01
9.368542607101427999e-02
3.539797160057303049e-01
2.467579130119006148e-01
2.039962799720679010e-01
6.330450450686392339e-01
4.195568675784967505e-01
5.212005364845858635e-01
4.971384238885408480e-01
5.834870099012910982e-01
6.129775488847023501e-01
6.677622980104414019e-01
1.330343128508157668e-01
3.005200886025798379e-01
4.828948225777667247e-01
4.103468884986909426e-01
5.345854616351458644e-01
2.976509557340036860e-01
1.954782917567551848e-01
3.055427592098154399e-01
5.252083939971015081e-01
1.257315796692068943e-01
4.156423483758153736e-01
2.269186059149053969e-01
5.583699136891042691e-01
5.217143464131670516e-01
5.446380282843321652e-01
1.033325521110216361e+00
4.607318384703542602e-01
3.892973333965938920e-01
2.826355173797774900e-01
4.809694712734969846e-01
1.935167700013993297e-01
3.040012833039129614e-01
7.668327806664072543e-01
1.473894905684733247e+00
1.249661605098336903e+00
8.620243484425839098e-01
4.334861139810992081e-01
8.031216646787598945e-01
3.738042991906473378e-01
1.895786077619528998e-01
3.476045234749211010e-01
2.049723274037001941e-01
1.543820927912749330e-01
2.844048363160604498e-01
1.286356654692670520e-01
5.869501738012445902e-01
3.158971889453500159e-01
6.236427355181379806e-01
5.766386374093857015e-01
3.256541896596114594e-01
1.070056178938887520e-01
6.955038049000573652e-01
1.191624988120832257e-01
1.692933232521378617e+00
1.922969111408864507e+00
8.193788824479855126e-01
4.240810936504365580e-01
3.196885100371958943e-01
3.415289435025521403e-01
4.938440898170257110e-01
2.166998876877465063e-01
6.367796488289846346e-01
7.097489804908047040e-01
9.250376499503234484e-01
1.573327567347803380e-01
3.178628709580575418e-01
3.160828936344155515e-01
3.001153210547704009e-01
4.728007797201517759e-01
1.519280893714332614e-01
4.045883566203745119e-01
1.126015654795809118e+00
3.200479363626818619e-01
3.464013532175244658e-01
6.447259943580665453e-01
7.509509412925504668e-01
3.633616672759947264e-01
3.227085583860176410e-01
5.552112437576631893e-02
1.789745708877567565e-01
3.974160844741650433e-01
1.475246807632772938e-01
2.494843796732899577e-01
3.461369384500346258e-01
3.559722972096810989e-01
5.782213290216727808e-01
4.527066927338594948e-01
1.211402983316535176e-01
2.242809661146873412e-01
1.085061563603837653e+00
6.479686043550700880e-01
6.339541051350492395e-01
1.294265410981938202e-01
9.177291723432796644e-01
9.064608232322033388e-01
9.573273313515995309e-01
6.020137656789185110e-01
6.552007914326049010e-01
1.161421527046876123e-01
3.882864789256073035e-01
6.455796213684643625e-01
6.330860599523785437e-01
5.705919761532726175e-01
5.690725018064306528e-01
2.328288540710158894e-01
1.469071373813453096e-01
3.327741906404627636e-01
3.659748424077418072e-01
2.790402475379729075e-01
2.175305369484090978e-01
2.952217769713931239e-01
3.405471190488853495e-01
4.440196556608243528e-01
1.518367505854323618e-01
1.081716571010144790e-01
5.562351333857690205e-01
4.146223668908157745e-01
1.330889765225898302e-01
1.954252384131331954e-01
1.745926754662787961e-01
9.724563413725896277e-01
3.770016423559414687e-01
1.123567037369984783e-01
6.320148561504189688e-01
5.607646402019830223e-01
4.339716859633948043e-01
3.339999602045649052e-01
1.342215992603788544e-01
4.090883858693225017e-01
4.147614349685722068e-01
4.304659915243758683e-01
1.511992472011817468e-01
1.492942537835225680e-01
1.007841028273752215e+00
5.360433202802460384e-01
5.699938379406247480e-01
2.011068323735484553e-01
5.010203408735974806e-01
2.534507354682150049e-01
3.326649813944788092e-01
3.132585948486514837e-01
4.143334910689204231e-01
1.119492802410254201e-01
2.586656792689161488e-01
3.784869962961835421e-01
4.627243841233646959e-01
4.927909595864617409e-01
5.552419830808129619e-01
3.737605041353686541e-01
3.150758698010044934e-01
2.226692015915980039e-01
7.560449577859967851e-01
3.806769187876499899e-02
8.766099704323636610e-01
9.111824127395323769e-01
6.228550746330074883e-01
1.116957458658517588e+00
4.871685273229751090e-01
6.373010883377152602e-01
5.309784044143903703e-01
1.042908403990742139e+00
2.810502024550868838e-01
3.641412427721418821e-01
3.856427013502454204e-01
7.518781055071658281e-01
3.070606837665998956e-01
2.948825000766879811e-01
4.755580490893595580e-01
4.901561226166860075e-01
1.452809594708294183e-01
4.721836989755387459e-01
4.350952021655096758e-01
6.664711919394410433e-01
8.360959259220372974e-01
9.380599365574820991e-01
1.343013439711850110e-01
1.744894998707182399e-01
6.049151143162746075e-02
3.705670374066751815e-01
5.879953176800528647e-01
5.676405911643472857e-01
9.698663025714417962e-01
5.980926059406321826e-01
3.007899071019068393e-01
1.769154824028968398e-01
6.286631392683135200e-01
4.533230759027304102e-01
4.899390545562883892e-01
4.526644821667346608e-01
4.544422512024567928e-01
3.628611808901332503e-01
1.348173569294293661e-01
3.599998336615451988e-01
2.060615186075445138e-01
1.709816548846044004e-01
2.504924247644382818e-01
2.895804905118797845e-01
3.436675431461256869e-01
3.787073513545552994e-01
1.952534899855196404e-01
5.349197920877005741e-01
6.825886670783254395e-01
1.115302539451588082e+00
3.655340011605491268e-01
3.510894384903958110e-01
6.435012608203088957e-01
4.576101977154323208e-01
2.058244594005443240e+00
1.910615892321842813e+00
5.094342836215121073e-01
3.057273882144329047e-01
1.622821736000639448e-01
3.977416449450022484e-01
3.477988165365474282e-01
5.526547510860634754e-02
3.915044090732281989e-01
4.114936634552001093e-01
7.227639705711306206e-01
7.747618230463819700e-01
4.431614456463429108e-01
2.320443503476610769e-01
5.020399011561414992e-01
7.231808498354141967e-01
8.650271499172486056e-01
3.466543192645664684e-01
3.764663798716991194e-01
9.880147549896362014e-02
1.588614936556029811e-01
5.523716022848379481e-01
3.608741882853090388e-01
3.214120417840322097e-01
5.600782130212322851e-01
6.768325172521458821e-01
5.292130469045722707e-01
7.556531953184629780e-01
1.134717590101134294e-01
2.133717525040536023e-01
2.298886896427628224e-01
5.430460751782061057e-02
2.816975139992808352e-01
4.608273748131661018e-01
7.737038495637686975e-01
2.579860375825106522e-01
4.435841033270034872e-01
3.772153891795697600e-01
2.254065732417016021e-01
3.336417779220947066e-01
2.870113980578148927e-01
3.562627174383687367e-01
2.315023509521426659e-01
2.595757601526557101e-01
4.436627482212328055e-01
2.890899014368160103e-01
6.031453445703509608e-01
7.865337394639440038e-01
4.730927337642389791e-02
6.642459863732849135e-01
6.193714132064054301e-01
3.741489464117959129e-01
4.198316756917396253e-01
6.696598090884331445e-01
6.624739483747640323e-01
8.890408894195013234e-01
2.825805434773035474e-01
2.373014156624555226e-01
6.296848478443104469e-01
4.757113149567433474e-01
3.604964628873459365e-01
4.586055881932226685e-01
2.133086990561389729e-01
7.471715400566840692e-01
4.546280126097829166e-01
2.865590725971520758e-01
2.376067626749680806e-01
3.601718099298095721e-01
4.862545876839838299e-01
7.044002288333400807e-01
2.115623306334104003e-01
2.070448754088891063e-01
4.347194106834766925e-01
2.624490203100207086e-01
1.891537151888900148e-01
6.578881669231073648e-02
2.851650857183431476e-01
4.852216762702282749e-01
2.252081780167531355e-01
7.711050056161982136e-01
1.920495135788044261e-01
4.002615750979136577e-01
8.990805909762714654e-01
6.521439182640812460e-01
2.613018995244763554e-01
1.643498875539170789e-01
6.258150066051021421e-01
2.714711723953998623e-01
5.473676177104451757e-01
7.821552587830304937e-01
3.748952167402391095e-02
4.443877750848829189e-01
2.373894790063248994e-01
2.682891935157945967e-02
5.429042621818498393e-01
2.677312455393938695e-01
1.018385692561087019e+00
5.874118043645734089e-01
6.099902692366883095e-01
2.499364840897310980e-01
5.285726635706852194e-01
5.331807792353064901e-01
4.038960647825545758e-01
4.532122998695496674e-02
5.848289265594023290e-01
3.956895630660187124e-01
6.817598597897025492e-01
1.984327106945374397e-01
3.584335765088420001e-01
7.148575261872983644e-01
5.189582537308842225e-01
6.790472845909147903e-01
3.519522004302162027e-02
3.900967066064942035e-01
4.335484371810351956e-01
2.103562574340222813e-01
2.017729753849918650e-01
7.277897678954275973e-01
3.938067383268588073e-01
3.198039668430405769e-01
5.122985924651394241e-01
3.725108292801622700e-01
2.910175800382593381e-01
2.619758661022857926e-01
5.197327956361230683e-01
1.742633160112664892e-01
9.606256767026085663e-01
2.345528169420016129e-01
2.936913221617077352e-01
6.454434183677947301e-01
4.307036558322915321e-01
5.410157176795140632e-01
1.011816483344172152e-01
6.554963213397337896e-01
2.051376272171209492e-01
2.614003665632472773e-01
6.926387480998408286e-01
5.429801642606717493e-01
2.164559621108276544e-01
2.268499107116022373e-01
3.262149632761333629e-01
7.618065637021081971e-01
4.500813896952122195e-01
1.197269308761136075e-01
5.823527554724259314e-01
3.312159312577121484e-01
4.461639084832292879e-01
2.562182445761692073e-01
6.411555125596853921e-01
4.142906277058767683e-01
4.556905538317756466e-01
8.879498910733878425e-01
6.736842783750377484e-01
7.574675892477278349e-01
8.162047927777169587e-01
6.106698261963708907e-01
2.596124948916124775e-01
4.440728302028801311e-01
3.327012039398398735e-01
2.584423560136849818e-01
4.296010127118667921e-01
3.373803395323092258e-01
6.870944652991880508e-01
3.999254756781119302e-01
8.255976424757212051e-01
1.413273748072937375e-01
2.592004106653638673e-01
5.431278904256909845e-01
3.648125971894826680e-01
3.214139588676672155e-01
2.535822794667441649e-01
1.906506165510870598e-01
2.575452279736004102e-01
3.897953876131223794e-01
1.430735084712034533e-01
3.942681763850640064e-01
5.643411048013686759e-01
2.147275332730408659e-01
3.150762381502874021e-01
6.150978951947572160e-01
1.741319565415382353e-01
2.629521059315897274e-02
4.146624755787599037e-01
4.026331315738427286e-01
2.374966339098519286e-01
2.335910094919335933e-01
3.027127866057411354e-01
4.257752237333791157e-01
1.659467721942469165e-01
1.973607132733626313e-01
5.477991489193166919e-01
6.165556713452039483e-01
5.530188229513973708e-01
3.305688036171921529e-01
2.365763580707805624e-01
3.970036842730402804e-01
2.029222181027529326e-01
2.595115591660048238e-01
9.212002916344221026e-02
3.267629495647959570e-01
1.794374767716854224e-01
4.429542975539230709e-01
2.128208953539794390e-01
7.057032009564092601e-01
8.805370685538590481e-01
1.242284950856715975e+00
4.122988179047808455e-01
4.319275287230391336e-01
8.557726654363189134e-01
2.348236461491274019e-01
1.886588603976649126e-01
5.999190656048082326e-01
4.437422299079787913e-01
4.800654287466016301e-01
5.268376889545826058e-01
3.308562940466696078e-01
4.194467551107822212e-01
1.452694630055696712e-01
1.282913096326543934e-01
4.598913247655380121e-01
1.971159638774396261e-01
4.208402775722548950e-01
4.034771726520999802e-01
4.609520124730354662e-01
1.089043130313496865e+00
4.492444264921127139e-01
3.094549678886597821e-01
4.763283946259195267e-01
6.561569184184495862e-01
9.191484761043258178e-01
1.601447540298059705e-02
7.446819445616957855e-01
4.253086356025053139e-01
2.053716967775506552e-01
2.825106244243562603e-01
4.683062779308867496e-01
5.674688180206213239e-01
6.433361184950465717e-01
2.341667828434874088e-01
1.908097270929691447e-01
6.533975420866213746e-01
5.995448664828360030e-01
4.220584422484882636e-01
3.101285312044540499e-01
4.542675000959909282e-01
8.885233793082204790e-02
7.338169512777756864e-01
4.004098943457835569e-01
3.486863701779202573e-01
2.522732453056006352e-01
2.826249068483316362e-01
2.773947319411743662e-01
5.012495175420655924e-01
4.446503820942555585e-01
2.785438375134765554e-01
2.418997291083171963e-01
3.877070742615811305e-01
3.115569390429422381e-01
5.189800189496182048e-01
4.667990795809325300e-01
1.731093202493143579e-01
2.793902603756781566e-01
4.679077230735670945e-01
5.232141591196484143e-01
3.706228951571245434e-01
5.137470659496261582e-01
2.717094623324587399e-01
1.252605855794724499e-01
5.230436044176228760e-01
6.727715754595757769e-01
9.591969533424123950e-01
1.014157207613299416e+00
3.838942397936553896e-01
8.702285832809066868e-01
1.620709690504162914e-01
3.749981187164107554e-01
5.262631663454951925e-01
3.473794316785132619e-01
1.306970838789876244e-01
3.038245941848229381e-01
5.633196992909740297e-01
2.641602908474195432e-01
1.164475001881378202e-01
3.256946618217014255e-01
3.656719593677901226e-01
2.948448872596331483e-01
5.261580818265669812e-01
1.666741201692977237e+00
1.602490697225637528e-01
2.022859376512732565e-01
3.862095062771753184e-01
2.794917778833651001e-01
6.277917917574857842e-01
2.241051766616136698e-01
2.593758131576403003e-01
3.107947560884057880e-01
3.328699905154581806e-01
3.614092517011666117e-01
5.911967696682075557e-01
2.824713270282629973e-01
4.236160571063510294e-01
4.784409742361932505e-01
1.656389224691648121e-01
3.640847575628713972e-01
6.183895197592560455e-01
6.381285030452240603e-01
2.788888127816493423e-01
3.660470869660795712e-01
2.354040687504660723e-01
3.000420814353723653e-01
2.923387326949349885e-01
5.691721438034105796e-02
2.875054007406879775e-01
2.353220409307782424e-01
1.845657408622942142e-01
3.319385881415524708e-01
5.644655460239169642e-01
1.690342724118773843e+00
3.026304024821909189e-01
4.267928646414850258e-01
3.417171444908966849e-01
1.551161047466688148e-01
4.776871665278207835e-01
3.008751615132839730e-01
1.209728873865652810e-01
5.441905455312956441e-01
1.147668204484189602e-01
3.569766144702894439e-01
3.138007390929659635e-01
2.336894990429234376e-01
3.291258956825833804e-01
4.304091075899960650e-01
7.408623590457461550e-01
1.883613106438327967e-01
1.450821327962663165e+00
1.130983080956748932e+00
6.129653598778607160e-01
5.365555847794298838e-01
4.788160968248258986e-01
5.270770455453128722e-01
1.104826389700721334e+00
1.521386728496894603e-01
2.954194500718017591e-01
3.964248473994670952e-01
2.913325792047093965e-01
4.851758563506795019e-01
4.076756121282885670e-01
4.665858836154432865e-01
3.377820844954188551e-01
4.085540345571535004e-01
4.027376277051689102e-01
1.591547990399523327e-01
8.490025467936597181e-01
2.413484781979145788e-01
3.621399480614516664e-01
4.842154757145497035e-01
1.043079646164873225e-01
5.930546992942538065e-01
1.303904427955546730e-01
4.398213927721882355e-01
2.793594816244756029e-01
7.376958338968189199e-01
7.244030664644842687e-01
2.674250382132908888e-01
5.265462641440559199e-01
7.605682418627791597e-01
1.949411703442423816e-01
3.238077847521895203e-01
1.035202283584633953e+00
8.440885909578889068e-01
2.208778718991480094e-01
3.607203022990105867e-01
1.439377965632542000e-01
1.003413306175201802e-01
2.926447742866501445e-01
5.569367033297892844e-01
1.954482040073930449e-01
3.806825261576790020e-01
4.973777484707808116e-01
3.113845879572368358e-01
2.117208396693435191e-01
2.524337034789382317e-01
3.195499733541420362e-01
1.037727986852754469e-01
1.105879647277469680e+00
2.057779444478503306e-01
3.893209083389926883e-01
4.367193074991889690e-01
2.466626104727651092e-01
2.236072609236394726e-01
1.346338884733259134e-01
4.330044226304845534e-01
1.165056975176798959e+00
8.056842035024784909e-01
1.667341146735276114e-01
2.257282729228069218e-01
3.733788582546287982e-01
2.993384059989143697e-01
6.879667725751436036e-01
1.128867834730309383e+00
1.094968640298266349e+00
6.764093663725273542e-01
5.244197518794391222e-01
2.463570033272576842e-01
4.280003775947015532e-01
3.046372808785896558e-01
4.586427673739225663e-01
2.859734097512507955e-01
8.083897994408317800e-01
7.206005921093020516e-01
4.091243391968167331e-01
3.998538254269626280e-01
9.123448147076815840e-01
9.785557094530674682e-01
2.838245392687031576e-01
1.253487479179710151e-01
1.756303153136406781e-01
4.384963002911565488e-01
6.374096746090239796e-01
4.529447269972109447e-01
5.906031832747803412e-01
7.783692279181561036e-01
7.507599825969948348e-01
5.491751495928953730e-01
3.836852836823491653e-01
5.360126647047864790e-01
4.182856405698115454e-01
4.199516824916057489e-01
5.891179889318362006e-01
3.928415456057962607e-01
5.397235830134985424e-01
5.222638259508254333e-01
6.533872992020772763e-01
5.063284741964915181e-01
2.438564222155138739e-01
1.136910716587349740e-01
4.223883274635390483e-01
4.495177973604406185e-01
4.246790055270335262e-01
1.686092940164634069e-01
8.091524463502929310e-01
4.419224345136273380e-01
3.435955627133500112e-01
6.152369723509889532e-01
1.200039927742495294e-01
2.832288251624034414e-01
1.342087262292248895e-01
5.077339797227894413e-01
2.587270852924471454e-01
1.868359392629095894e-01
2.591129904122886352e-01
3.417326402063084467e-01
4.471753163244303608e-01
6.995078248944822663e-01
3.837483399442723764e-01
5.353626732546612477e-01
6.873855785839112498e-01
2.081588333409949490e-02
4.612462610527262585e-01
1.233273987045497705e-01
7.815791378421785840e-01
3.625838707844561970e-01
3.886831231900423900e-01
6.229089693936304961e-01
9.076537613011733674e-01
2.896281903815997039e-01
8.984668757100440217e-01
9.738077782633377533e-01
5.104777743201353163e-02
2.505231565664897686e-01
5.295461999662564034e-01
4.218513351499403874e-01
5.147547409893965531e-01
6.183728608820411310e-01
4.964967071342061278e-01
4.354336826179692199e-01
1.439803483507297310e-01
3.081990464783639916e-01
2.799194843823361034e-01
2.528715401978351984e-01
4.076646926608283317e-01
4.924272781415945377e-01
6.615362280651282401e-01
6.308075853477032591e-02
1.686521601641101653e-01
2.363345611002131974e-01
4.261065121067375006e-01
5.538694845393117294e-01
2.535485830125633333e-01
3.622437339856881544e-01
6.091816403833402171e-01
9.013532136840834985e-02
1.992875335589948949e-01
4.686970426839265902e-01
2.707485763474087315e-01
2.430115428324527704e-01
2.549850314516078909e-01
3.648275735386682928e-01
4.336630649060874837e-02
2.018850123497138438e-01
5.064526496684940149e-01
1.689461325158037319e-01
1.034670379543674024e+00
7.513330759134032588e-01
1.986094881591055628e-01
5.661862624423760204e-01
2.445064219934034166e-01
1.023433164487765751e-01
5.453220870130167652e-01
3.476090107669603801e-01
1.154313974926016173e-01
3.646773722972865839e-01
4.087197483301924228e-01
2.796192300957944243e-01
9.742976198365829177e-01
4.069539616385193237e-01
6.737066622094560753e-01
2.918082964010880742e-01
8.413266141014588140e-01
7.253916204110744115e-01
1.982503810099919828e-01
3.532398292289307129e-01
4.319686690828399844e-01
1.136904862828707341e-01
6.608082029546059610e-01
3.407554892144356584e-01
2.090372450500923018e-01
2.534538516923965853e-02
1.538663001880529180e-01
2.317874002685162138e-01
2.216453411099020276e-01
8.460988561679559650e-02
4.848764095012675357e-02
6.503288990673676828e-01
4.416693246165748765e-01
4.527335762558502563e-01
5.319355438704622685e-01
2.578206922786744903e-01
3.330015916593565550e-01
2.871476956979534534e-01
1.050730149387129941e+00
5.585443184023577423e-01
3.217904303645510722e-01
5.001045637850456416e-01
1.187285274488965925e+00
2.420656594130155548e-01
2.654231123183484753e-01
2.514465612866687017e-01
7.028794597267765676e-01
3.438877327081682478e-01
2.585040558879829753e-01
2.186242663074494386e-01
7.122922693128690419e-01
5.396259321699216072e-01
6.147451469129681101e-01
7.844325401035900924e-02
1.282755892656023189e+00
4.255359200620458804e-01
3.737378704115701944e-01
9.383723728469741676e-01
4.815943030868483632e-01
5.048202699681407779e-01
4.434184820405992489e-01
6.004939330092474714e-01
3.530694075913968777e-01
5.875400953145505367e-01
3.615934043303582479e-01
1.891979776111965827e-01
2.095299598777889960e-01
3.851096031973634815e-01
3.160551656371911045e-01
4.769833746854337253e-01
3.607861361784608367e-01
3.354988610862147946e-01
5.146615185060309239e-01
1.342452580860981903e-01
4.394048204732270424e-01
2.995372758666748347e-01
4.241512291406424051e-01
4.920004867302023022e-01
1.951089619034886424e-01
3.419468878620284813e-01
4.015224263462736087e-01
8.332841161032409349e-01
1.412881113215775364e-01
6.727402750719063684e-01
3.486705840235269638e-01
2.538731340434328687e-01
7.433477759593593026e-01
4.094669183472893215e-01
2.258864909536390519e-01
4.048429092542711882e-01
7.319302620476211274e-01
3.165944598321519532e-01
5.526492143732211204e-01
1.398207795990056290e+00
8.636857439044208773e-01
2.532757744764178032e-01
2.722012875615632543e-01
4.724012637540572213e-01
2.004538690105957255e-01
1.642085377603542673e-01
2.897668070141992680e-01
3.359367451644954539e-01
8.715022789055900665e-01
3.440380032297583601e-01
6.059675745663198887e-01
5.449862710257758619e-03
3.309818138762220530e-01
4.057892941460602421e-01
4.938593647943804177e-01
7.504539740958643401e-01
4.939790877863283192e-01
4.008365963869319204e-01
6.151311550823086449e-01
2.135342362646352188e-01
1.678890507010207811e-01
3.052979125696761997e-01
2.742921958665175963e-01
1.655928371984189962e-01
3.739851384993735373e-01
3.597918955769615068e-01
5.181289166067465368e-01
1.368214605944083062e-01
2.983603703507294869e-01
8.210896028626512022e-01
3.446752093404015227e-01
2.601965781379965703e-01
5.306405434132841492e-01
6.897052721821124166e-01
3.785240092657728983e-01
4.227463394814012232e-01
3.367265263830996336e-01
5.284360231486682213e-01
5.016324128137272798e-01
4.165320934911345696e-01
3.952723230262717435e-01
4.863199324029119364e-01
9.255117338473838051e-02
6.667784848018765143e-01
4.843774405810868378e-01
1.828299364023774909e-01
4.581822596732088582e-01
4.929071522196051824e-01
1.803803877384268228e-01
2.046141471768421205e+00
4.044953735367179393e-01
1.651870007144838615e-01
9.082470870416050612e-01
5.317348600724877139e-01
3.883550944553177398e-01
2.385543461808357912e-01
1.579355106587780888e-01
2.738848954315546425e-01
4.134986394805425514e-01
4.201046280587151238e-01
2.146750450620581174e-01
6.405358441853252760e-01
3.709907228113752398e-01
2.060037826397832228e-01
2.406903997766363934e-01
5.399535921772014024e-01
5.199850239502643579e-01
5.225132029841854653e-01
1.785127938949176707e-01
8.765522374794789684e-01
7.234643236858153692e-01
2.519830327179124474e-01
7.023599086114277190e-01
3.291433506388547481e-01
2.946229595827104530e-01
4.672403651098930855e-01
3.839582697771037334e-01
3.140238701622531936e-01
4.234944707769480732e-01
4.804351507149488554e-01
2.167649610486563905e-01
6.027308830552862151e-01
5.373243192749712627e-01
1.733256647181020960e-01
1.436895834736898470e-01
1.198141516221789549e-01
1.126695682861362791e-01
3.514252659756976760e-01
6.542892337761536670e-01
3.627715500917123026e-01
2.348639244797920689e-01
3.895860934154742328e-01
2.992996276530459077e-01
3.856617298894821078e-01
7.360897865985485122e-01
6.706345472569045230e-01
3.497942362383744674e-01
3.348215251683323013e-01
3.132262510479389972e-01
1.757184941504821296e-01
1.632880044407615874e-02
3.718943483996126065e-01
1.401629325691308436e-01
6.399979204101783337e-01
1.747302110046513590e-01
5.410456775386643935e-01
1.294584395860674420e+00
1.001763270491842217e+00
3.019317968101091210e-01
2.211123809094300563e-01
3.134330152203935183e-01
8.455511717657662185e-01
5.574107371327282484e-02
3.509654386990040953e-01
3.060919058810244731e-01
2.731445436837813268e-01
5.879014605228894963e-01
3.207656359751681618e-01
5.622322648484011642e-01
8.186713897970205878e-01
1.839738666470924489e-01
4.670413801286203981e-01
5.415411698521955808e-01
4.102180396487075664e-01
3.242142131215676737e-01
5.332264089795903939e-01
7.049471038017798286e-01
3.693062893540600133e-01
1.949308622531997492e-01
5.170249477737548505e-01
3.036518776662828212e-01
5.124760118461516023e-02
3.702068371052147921e-01
2.249174836562800039e-01
4.326470599133385164e-01
2.654941075315619958e+00
5.778218580861953502e-01
9.253289686582971685e-02
8.590709433923777727e-01
7.808302313060506983e-02
5.373410897842824108e-01
2.190783610692859651e-01
5.083200616848853048e-01
5.122725169589310568e-01
2.961378530888287841e-01
5.780772558927611549e-01
2.982863636681099551e-01
7.549301629181660589e-01
1.463295527407196261e-01
6.070349073130039130e-01
3.688747334109495624e-01
9.559765165612232884e-02
2.742558230185575541e-01
1.001577213303897818e+00
1.009964509247970321e-01
4.056873196040488572e-01
1.863944834795683014e-01
6.175142379263962589e-01
5.636747988018185884e-01
1.569105304899221787e-01
4.080805759159193413e-01
5.820900187191162534e-01
5.567938182848684026e-01
8.342062644851048203e-01
3.005196866451602111e-01
2.642701764678040965e-01
1.487235486155064901e-01
2.858653575305462047e-01
6.770774077679755920e-02
3.459583736963533496e-01
4.315571484321183426e-01
3.664094773689890450e-01
2.380073482835481091e-01
3.750400228230535982e-01
5.790683511335310563e-01
3.487591055747371049e-01
2.896198198946576818e-01
2.683819415567100797e-01
4.231336171010507963e-01
6.229859815831260139e-01
3.033704815420553702e-01
4.474648149419454546e-01
1.677357647557572995e-01
2.478139156513197994e-01
3.527473210851821972e-01
7.321929565747151702e-01
6.026784852522109048e-01
1.713538690042401280e-01
6.684893960393795131e-01
2.632407069718797898e-01
2.952712370516949458e-01
3.090552970962011647e-01
1.992513487192755159e-02
3.417552175487503785e-01
4.973703184255389709e-01
4.566653245620624912e-01
6.232409194995318646e-01
3.188228299501997265e-01
5.825665242983871783e-01
4.293916288443831997e-01
2.669334061104204903e-01
5.942254419936011667e-01
7.192163902773018869e-01
4.040924449260198670e-01
4.010705526301829860e-01
4.032364846812975800e-01
3.170562861825862444e-01
3.133594220690693599e-01
2.137844240968725384e-01
6.784202046262977071e-01
4.344796188787899416e-01
5.910682332296983699e-01
5.788987998364302223e-01
2.742982120742021857e-01
3.834328772798776819e-01
2.225316030770428666e-01
5.632244392358028984e-01
1.597470029825541760e-01
5.880603884534756354e-01
2.986923382628179358e-01
1.564321902714509438e-01
3.487395152532059006e-01
5.208766598239709111e-01
3.609119413744419913e-01
6.172808223777547232e-01
1.588004673566553726e-01
9.016887614461550626e-01
9.503358791189689958e-01
7.748596200067268125e-01
1.139925243960358214e+00
2.088494141991752429e-01
5.049920461381363079e-01
4.637492139330297025e-01
1.553696904526138400e-01
1.287349009187108151e-01
3.659756254410325149e-01
1.847840061618163110e-01
3.747156182205969022e-01
3.498923719907782726e-01
3.810133597200968114e-01
5.157271723214268411e-01
4.269766222493113772e-01
3.172695553311936090e-01
7.477945596844363108e-01
4.308568134698477770e-01
4.576030270387604904e-01
3.059264291630400812e-01
2.042572105476538891e-01
5.364578348956888787e-01
6.437877411426100316e-02
4.251625704873608913e-01
6.803368486435394935e-01
2.777136819120454292e-01
2.767724127704160320e-01
1.904986043589322664e+00
2.139670432784042120e+00
1.234803299283907113e-01
5.516818250130155477e-01
5.103740250996640082e-01
1.029906120778274481e-01
3.962922614332214932e-01
1.262086413002478646e-01
2.654505038460398536e-01
2.578751783361340477e-01
2.091160964834768710e-01
4.548818526176828803e-01
1.461107669382555319e+00
1.682279120466765976e+00
2.325828661223449875e-02
4.329128672220182161e-01
4.874647097046863609e-01
4.755666811955749224e-02
2.316562385444796146e-01
1.289116919170004039e+00
5.786870925416457423e-01
3.736642398230576312e-01
8.660784726114929832e-02
5.643504633897357126e-01
9.235821617442241394e-01
4.909625918820052504e-01
5.747052361143423216e-01
8.524042635498267628e-02
4.922663901673656750e-01
7.624271601162146972e-01
8.638959414920072133e-01
8.326003183535740648e-01
7.229298457367938635e-01
4.338031592027640770e-01
3.549195856754535083e-01
2.810081038670869114e-01
6.563831192305844553e-01
4.297344532591986788e-01
2.503981712265221926e-01
2.158827783156443414e-01
1.189049825527501991e-01
1.550914811328940324e-01
4.215055214510433634e-01
2.686973570673547584e-01
7.291680546357400816e-01
1.076487782077154565e+00
2.244284647722574744e-01
4.286874793625070068e-01
2.248214956339065207e-01
2.087755942449906477e-01
2.450622265204763228e-01
3.323433624142199672e-01
6.896829052729396281e-01
3.658465283733776108e-01
4.709007267568160460e-01
3.534318962225722061e-01
3.211071872710301034e-01
5.024648461837301072e-01
3.399238484472194566e-01
2.024864192332245794e-01
3.534970344770277939e-01
6.066816880740427687e-01
1.187486301895855245e+00
6.576420341155176930e-01
3.883620213886613270e-01
1.484896502713786426e-01
5.044755125281532582e-01
2.435141467539324589e-01
4.563877466064633071e-01
8.828972927596501208e-01
3.320098951368555817e-01
1.051892201903057877e+00
6.230420587266971566e-01
4.539349881512048657e-01
6.303287510728001752e-01
6.792490465152437595e-01
3.366172131013135949e-01
1.121886134823064374e-01
2.912212572812846179e-01
6.290109638629861610e-01
4.232453235447544704e-01
4.562452864070014602e-01
1.770948979540022394e-01
7.486224874005361629e-01
2.099398123983046704e-01
7.136969963417876262e-01
5.184755817382571408e-01
4.236736252454571527e-01
3.796972367074127885e-01
2.350888262854951560e-01
8.105282074793688230e-01
2.649860450499137432e-01
2.020189562157771235e+00
1.497252605720478913e+00
4.929333903145209916e-01
5.468554513058752065e-01
3.324274184069723748e-01
5.172618607546030089e-01
2.022245773696688675e-01
4.749060118895932492e-01
2.539458136723215520e-01
3.656469468837684200e-01
2.733678906471166403e-01
4.259136890278751864e-01
2.560201159417567207e-01
3.799799528841985019e-01
9.589076160656226366e-02
4.366706872857185062e-01
3.016682554556310847e-01
8.361314730653790495e-01
1.724992034936833729e+00
1.368959277492697857e-01
1.747969824872233346e-01
2.791077865344235853e-01
4.215676913661869918e-01
2.513869691272794804e-01
6.750586551766457610e-01
2.899803694037639268e-01
2.922328812109392659e-01
1.593707688921734700e-01
3.584916356961912465e-01
4.674080410272632435e-01
2.443883460003175023e-01
4.885348430470470293e-01
3.766117547309042468e-01
2.977335618621594349e-01
4.170912822785541318e-01
1.195287233369990293e-01
6.026193824032585189e-01
8.008702851379930765e-01
8.733868041495838064e-01
7.876247484675060750e-01
1.534209985329580139e-01
1.786489504604384104e-01
2.796201986200273493e-01
2.966967909264277004e-01
3.409010178502230315e-01
9.555648573297969017e-01
5.257143178970348218e-01
2.325266943880219539e-01
6.033161907506898736e-01
6.212687019543274847e-01
2.888826881161336568e-01
4.371693943112269776e-01
5.911111526012780004e-01
4.982387968020488556e-01
1.619957518542902708e-01
5.069184454438393495e-01
9.126326922846897949e-01
6.312263427207825961e-01
5.291000038462276844e-01
2.646314941354379613e-01
8.819162051844400274e-01
9.074370297863481039e-01
1.196472976459652948e-01
2.954156558225460860e-01
3.169860244265060856e-01
3.652633462465328940e-01
4.937199237314268130e-01
4.920328744795782194e-01
8.446026100644516976e-01
2.990710690340006028e-01
7.107116587681500119e-01
8.756296883266457831e-01
2.406020332203269718e-01
1.233696741703881328e-01
4.198028309600519425e-01
3.406619471683772771e-01
1.005513874574921029e+00
3.561509615222492875e-01
2.954630476425693097e-01
5.774694640258052347e-01
2.889824954924649081e-01
1.776799088098671708e-01
5.742097589733771157e-01
3.393470410403783832e-01
1.216354252735970115e-01
3.224656051351235120e-01
2.343537479194303108e-01
4.638947136102710700e-01
8.285182021664528884e-01
7.083038873342960562e-01
3.384913104563671560e-01
3.335965525346749616e-01
2.025255032860675264e-01
9.612278259037673744e-02
3.927602487138719956e-01
2.059222390935112612e-01
2.746907561448531099e-01
3.040842275146010132e-01
1.936864874482334964e-01
7.123235949017091562e-01
1.774218472760377141e-01
6.922473095473727911e-01
5.753074975853302853e-01
2.816219601757424806e-02
5.920899318392388450e-02
5.697790753160961730e-01
2.171183336545440545e-01
2.264836685744363309e-01
5.284289572279406988e-01
2.439533878647620890e-01
6.044710251064948636e-01
3.040098436162161355e-01
5.138608324573541442e-01
1.773192044748789498e-01
3.484815703109802598e-01
3.491515331023448132e-01
1.796951922651269518e-01
5.925073259098883049e-01
2.248698972207170133e-01
3.816021463982898210e-01
5.956581376930707439e-01
1.430748572618462777e+00
3.951792470923967127e-01
3.758601177180820319e-01
6.455033873801553357e-01
5.935686160177463533e-01
5.790201343550324120e-01
3.360869822423980802e-01
3.321200813148716957e-01
3.594154152639036925e-01
5.496768684893216239e-01
4.287694778440549470e-01
2.395803854962012258e-01
6.002743490196024156e-01
7.187623208057369872e-02
6.075493254317326786e-01
9.734226421801569495e-01
2.096141076293215555e+00
2.838326030351249335e-02
5.276209137358603973e-01
1.256100345789905592e-01
3.143581513580446241e-01
1.738515982891177258e-01
2.771381378088109138e-01
5.371485317242638002e-01
8.518837749487490063e-02
5.075368079842719204e-01
1.300659941922073681e+00
2.335890255013773342e-01
2.067168194442738360e-01
3.280519744304384866e-01
2.506663470645608127e-01
6.929117007169778297e-01
3.942354984224102354e-01
3.759526987355553684e-01
6.601505875455674355e-01
3.271012893895549056e-01
3.281442007249029125e-01
4.704477165265887884e-01
5.132116990395360068e-01
6.012789272403714635e-01
2.463659223068866422e-01
5.289409142584514667e-01
3.196468763650525124e-01
5.571498759380107968e-01
3.553173892587355720e-01
9.751513523968916020e-02
2.880719574217531220e-01
3.183292219531552170e-01
5.290845059856228438e-01
5.199724945771272422e-01
8.456337673081031348e-01
1.712733353795258817e-01
6.857915815345215493e-02
7.709857335582955828e-01
5.715020678467217508e-01
2.201280570052781271e-01
4.030521683647798059e-01
2.292814830863683095e-01
2.158739492512768698e-01
1.794686862880248701e-01
4.619255261089989517e-01
2.768155060696744774e-01
4.679280258539000870e-01
3.932646418376828379e-01
3.098850738486978451e-01
4.630630697867098577e-01
7.424471073689173362e-02
1.587704189401905608e-01
1.105208582620868851e+00
1.902878654274197112e-01
3.293561758813066120e-01
4.386698379824717775e-01
6.561063830331894664e-01
7.006850651695741838e-01
7.299404531467517110e-01
3.226655273236650467e-01
1.939708311785209860e-01
8.825699016542283282e-01
9.563693517016935708e-02
4.406994003733830101e-02
5.565317690295327191e-01
1.464664784894846861e-01
4.345577677602769362e-01
4.571417362764268466e-01
9.680208736054952690e-01
2.950953910560034643e-01
3.303221164742034532e-01
2.602893484979162397e-01
3.510434536333812972e-01
1.180393945765399050e-01
6.318001800347298191e-01
2.102601892091904567e-01
2.158824200428806350e-01
3.881367004002005960e-01
3.217754805121517125e-01
4.620318319465626655e-01
1.642568576382320567e-01
2.839242287272388809e-01
1.355906648150368432e-01
4.156030109039133280e-01
7.750295679321169695e-01
1.048240477150360395e+00
5.733357007061932187e-01
5.324432572506734296e-01
4.478939580422028333e-01
7.336947274827446686e-01
1.284453430633717141e-01
2.780212538016639257e-01
1.906418807240851387e-01
1.837614167154288380e-01
3.100714396026131858e-01
1.409934985136048757e-01
5.316023370828286687e-01
4.191507768829472180e-01
1.150022273824214819e-01
5.611291417874811893e-01
2.456335707035459670e-01
1.726954084063740735e+00
1.484071747102272409e+00
1.736913423967308689e-01
4.304223267295859690e-01
5.298386541641104258e-02
7.918329041673420610e-02
9.838583302580092838e-01
1.360723085028534562e+00
3.845577757901173510e-01
3.404477880413773749e-01
3.100846376781690172e-01
7.032366786746797604e-01
2.876359357528119332e-01
4.309063038328830864e-01
3.789930150987282920e-01
8.284854987672701787e-02
8.253196156451186871e-01
4.707277050074663016e-01
4.150899040682634600e-01
1.465802525953555369e-01
4.007909925362651005e-01
3.727423073398351550e-01
3.719300029604538649e-01
3.222714233165230313e-01
6.109733972919706435e-01
3.685059881469937015e-01
3.453643889784259735e-01
2.971155510407670897e-01
2.257437463397613531e-01
3.807862845573994348e-01
6.856591616388876265e-01
4.572682880746983813e-01
3.302951954712286531e-01
4.488276647667601149e-01
3.437830246511011656e-01
2.160871751044313449e-01
2.491630495331790263e-01
6.271071713018233629e-01
1.246984521042430183e+00
1.023828510864363883e+00
3.296674252978648023e-01
1.780583363828207588e-01
2.485446850934410201e-01
4.897846707230415486e-01
7.281702406692911467e-01
1.387977673694648306e+00
4.478182675894518822e-02
4.021442650865824642e-01
1.231803798132780292e+00
7.932213122708453579e-01
4.023734024147120336e-01
4.246314915659325506e-01
6.462064522876923012e-02
4.098411193983410028e-01
2.852921789636084227e-01
2.675985002788529021e-01
3.493351484374409566e-01
8.243862948148140690e-01
1.268266992679537353e+00
4.555921982114108371e-01
8.533559868420410588e-01
6.527098885497013558e-01
3.981911897200506312e-01
3.283284846450240102e-01
9.934268497157830446e-02
7.228544637143461404e-01
2.230718176768747285e-01
4.943731355520676884e-01
3.796276559192200972e-01
3.769601486074293795e-01
6.441380213696821233e-01
6.041183326433101630e-01
2.951500026635756613e-01
3.615676253577371768e-01
2.120842940325682879e-01
4.532489395266360299e-01
1.457963504173238889e-01
2.746602231913369274e-01
4.724924368253458073e-01
5.982459667712624052e-01
1.468537359295357392e-01
4.152050230435331279e-01
2.704300666605538028e-01
3.095141333858769661e-01
3.818993629071102403e-01
5.478347749015149981e-01
1.945194456362427937e-01
3.214877142867412219e-01
5.961129115265135781e-01
1.019105957950109387e+00
4.106937477845948870e-01
2.388929298889362896e-01
4.468841099384389670e-01
3.800031911077501046e-01
4.192749933391765604e-01
4.220044531041126645e-01
8.221811922426544572e-02
2.199507250933548375e-01
3.885880799053961776e-01
5.104064343498458944e-01
3.401821377243779282e-02
4.918395873618256475e-01
4.841537029565262107e-01
4.748017201236371942e-01
4.347334499628537907e-01
1.791438603048633726e-01
6.761323377387382649e-01
3.286675596035597557e-01
3.439331503280061986e-01
1.394620466711387952e+00
5.392390185458809659e-01
4.864280684898090179e-01
1.633053399285097518e+00
8.981618113483597066e-01
4.063311766516209400e-01
4.689844192288185609e-01
1.311622570076977023e+00
5.333566125346502762e-01
8.650889462094712989e-01
2.346440067441467325e-01
6.701279182314689997e-01
4.803152705922237864e-01
2.593346346333930685e-01
2.519759453044881914e-01
5.743320706172111434e-01
5.229528124393769684e-01
8.681004821252094050e-01
6.580071600884520588e-01
3.725560477707942075e-01
2.758410317125206679e-01
5.909475680208959858e-01
4.552308269290625820e-01
1.377467108328398748e-01
5.705446867405011835e-01
5.032695368113390133e-01
3.699151111228977107e-01
3.821738356965220240e-01
4.100683296837266956e-01
3.074614932774802911e-01
3.496967996899111863e-01
4.609272434138481644e-01
3.855887032801190162e-01
1.649782001434998646e+00
1.258500831054919500e+00
4.083454131598623360e-01
3.998005769007669241e-01
2.087016151697154431e-01
2.765355739659506873e-01
7.034825422408794715e-01
5.228438308564532511e-01
5.725795063312606459e-01
8.603242340923747955e-01
1.310629239676694702e-01
3.100617635783348702e-01
1.867935239897236255e-01
3.955547679878316791e-01
2.430547087037801535e-01
3.778969373608385141e-01
4.907569552856352324e-01
3.178261376099534297e-01
1.063167588088484994e-01
3.137072806546093995e-01
5.131060462633404429e-01
2.064254388261141104e-01
3.367192374296437141e-01
7.400266425159575112e-01
4.504977656081188275e-01
9.802818917180765590e-01
5.244106666718281184e-01
4.378535602299197804e-01
6.569085872932215464e-01
6.221729285548017740e-01
2.434052909989655733e-01
3.663415618570292076e-01
7.782654625850876640e-01
7.061649354137127244e-01
3.394833275431179409e-01
1.780533057671532249e-01
5.517410010854232327e-01
5.840087859096251277e-01
4.011093599956313538e-01
1.096149713788466595e+00
2.230460700743422398e-01
7.639567303481038518e-01
3.044649956931401724e-01
4.316277386040545117e-01
2.860305130102509530e-01
4.517431151440454151e-01
7.457634200669124303e-01
5.110337550560208886e-01
2.513335617206788886e-01
1.679743322141738493e-01
1.732700268101356189e-01
2.873081831578976897e-01
4.634316804684327495e-01
3.832767083651803519e-01
6.592298393890855257e-01
5.188150069151092891e-01
1.083775225712552553e-01
2.659402361256883451e-01
8.011234684378297777e-01
8.570777019339886893e-01
4.733392300467465508e-01
6.486712351959496026e-01
5.841366932514082677e-01
2.005101707816904499e-01
5.541191987701145072e-01
2.213182781861853243e-01
9.429135940289481987e-02
3.379483693960532165e-01
6.722020804730093335e-01
2.053609859967208406e-01
1.575545791888606773e-01
3.077621609109918444e-01
4.519155075572149904e-01
9.533014407304811477e-02
4.844303944549386842e-01
2.946115921803014182e-01
3.936891563927641946e-01
9.774392721507037252e-02
3.705626708621981846e-01
1.163405907370253234e-01
9.200754782418786304e-01
3.471097882948510072e-01
1.838755339215910611e-01
4.048701012292280077e-01
3.929835170699668701e-01
3.186364629418512728e-01
3.248641660121228125e-01
3.442033503497658464e-01
2.158944991127265955e-01
3.293631222593566554e-01
3.923050666903689643e-01
4.687747943345080270e-01
1.463299999722567080e-01
2.300141169143743447e-01
1.763199455085922018e-01
5.052853733035066464e-01
1.714662688847346239e-01
1.803459234856829851e-01
8.699121391257691460e-01
8.846867750166662603e-01
1.094021241654775933e-01
5.097360896132188124e-01
6.901054042517980047e-01
2.476644637542572136e-01
3.206441000679955411e-01
4.421458579059449057e-01
5.983372196697726159e-02
1.293149806003016655e+00
1.251650693639995982e-01
1.338424008012565058e-01
3.341042271324123347e-01
2.287857109610583473e-01
4.717544480657394068e-01
4.314174796492769026e-01
8.281137996876486440e-01
5.349880803309917665e-01
1.332636693201281475e-01
2.769187748038360875e-01
4.250879270885360994e-01
4.874484685234121151e-01
2.086599750249918950e-01
6.291069614676753075e-01
6.100762771393293260e-01
5.684169120430903055e-01
5.154751340427459194e-01
1.998459212274140140e-01
4.644930619093222690e-01
3.271228406179481074e-01
3.468369432503967120e-01
2.252770682569803506e-01
5.368710068063226037e-01
3.322272220225794825e-01
1.565109229598128093e-01
6.259891926015312413e-02
4.586852193310431147e-01
4.437598991564852824e-01
2.359739705309428504e-01
2.786443278022478487e-01
1.467040812755879609e+00
2.151754431079177188e+00
4.873196248615800918e-01
3.317223108958141653e-01
5.144710105602569028e-01
9.073089553125568418e-02
7.410425630197384761e-01
4.636545536878800000e-01
5.591326287564005737e-01
7.495422273963971982e-01
2.973437215415356549e-01
2.900222152562812461e-01
4.376063120837466180e-01
5.806889922372873158e-01
1.698499784110246713e-01
5.052098877186286252e-01
3.439371205556430722e-01
2.207083458744855120e-01
6.121055247663144128e-01
1.055468777504708022e+00
2.871144057301465713e-01
6.652300553709959985e-01
4.344101386501535988e-01
3.612072719657543063e-01
3.075978925074056014e-01
1.864884274549964693e-01
1.762850958970837711e-01
3.633331070012894015e-01
6.208287609515605876e-01
3.267644170859168029e-01
5.472457184756316373e-01
1.703904156362507916e-01
1.436848336724502406e+00
1.138861843074097546e+00
1.107538624418609036e-01
4.368475797246820780e-01
1.158628064591457757e-01
2.188083355461973856e-01
8.762514922114521543e-01
5.957264787220656332e-01
3.567297546121731555e-01
1.954516460353302454e-01
2.841450081134875294e-01
1.100826119340741149e+00
6.423435522334379755e-01
3.439380489994927625e-01
4.074104191015119891e-01
6.002432938993402800e-01
4.014329270945306005e-01
6.040234618546289624e-01
1.194991832578773810e-01
6.502117514549280441e-01
5.743021308624525201e-01
1.070874830148412338e+00
5.751708350907733802e-01
1.338078784241369501e+00
7.216247859249415031e-01
2.354691344633534911e-01
3.727957023011692628e-01
2.966547590808248924e-01
6.717629646916146724e-01
7.025671019491083191e-01
3.244884899668502021e-01
2.191197097525793003e-01
1.921520937687489772e-01
8.044084673446294520e-01
3.352318621364172024e-01
6.435296748206839057e-01
3.124383821364949965e-01
3.534149443301866089e-01
2.371213020072786559e-01
6.379553636565132857e-01
1.212131167754957994e+00
4.328401729230255679e-01
3.092801591093691238e-01
6.173151557226270736e-01
1.785750892843300519e-01
2.034548475588328076e-01
5.141231694167537336e-01
2.805375201881007419e-01
6.006829160016946556e-01
1.365079840829250601e+00
2.960506971136753762e-01
4.113170246643690908e-01
1.994545494718103773e-01
4.587811202209802763e-01
2.731275754886907658e-01
3.855807380305518173e-01
3.323877127016504618e-01
4.766007875857573156e-02
3.971049985582066344e-01
3.370493376017913434e-01
2.626620287471326254e-01
3.263804875075173584e-01
3.015426146540473584e-01
3.267334037120948054e-01
4.946351790290691164e-01
3.478052900073789755e-01
2.130284338498215357e-01
2.700018234611529233e-01
6.705050990586632897e-01
1.976907141681358282e-01
4.790599184780552910e-01
1.986430980192566698e-01
2.363520372351363835e-02
4.188529055779348642e-01
4.630401211096338843e-01
3.793436807869994820e-01
2.141766742412112567e-01
2.255899852172102982e-01
1.180115037263479882e+00
8.286159608422941636e-01
4.039319244340728865e-01
1.152907495519517045e-01
4.920699355032200906e-01
4.582320004276139169e-01
4.569277975477147868e-01
4.087966700035817191e-01
3.602668455936746672e-01
4.530397296347090652e-01
2.444922533254843544e-01
6.577561569982623979e-01
7.215290496381780994e-01
8.370320379106535036e-01
6.823362812527943300e-01
5.831484031535543178e-01
5.904147672709147976e-01
1.067311730705152062e+00
7.054763728638159259e-01
4.216947915461317642e-01
2.460445165008313395e-01
3.006320967628507979e-01
8.955055385992954919e-01
4.305836842829889322e-01
2.424498249609376710e-01
2.641853981780033500e-01
2.761346937349286601e-01
3.967361659763291581e-01
2.534866636201906220e-01
6.044322621121601680e-01
3.278448536549705139e-01
6.502764494714150523e-01
3.491539155201017763e-01
9.496155700442511505e-02
4.929069668394279735e-01
3.454155648416750157e-01
1.771983957318683078e+00
3.985592339244978799e-01
1.049897342910081743e+00
2.534163133248900079e-01
5.443852503933775955e-01
5.447626411045282113e-01
3.559801384367769495e-01
2.063514855768665834e-01
8.048531676203108942e-01
8.125361210675889900e-01
5.226742434071935950e-01
3.512764884174590096e-01
4.475535971270885871e-01
2.777037063746941592e-01
2.750728769136415175e-01
2.697784321432930565e-01
2.222883304105747471e-01
3.580504725066416816e-01
3.591539593328127444e-02
6.261401898182856751e-01
3.608535258320826333e-01
4.584423632057485487e-01
5.697634501492648829e-01
1.292401193349753397e-01
4.869342334167810482e-01
2.377279551786847522e-01
1.488681555423031488e-01
3.987829567933138808e-01
3.549507596396284659e-01
4.629899852127700721e-01
3.983237764991071073e-01
7.075508691854199839e-01
3.269353564572010651e-01
1.492994829545662427e-01
4.925845052068428265e-01
5.979712500185686563e-01
5.069789621559747106e-01
3.283656560085975729e-01
6.701681404606113501e-01
3.209738037017200174e-01
2.876058654891822108e-01
2.650496367402413456e-01
5.460154297231517573e-01
4.775099643173991715e-01
7.221077567951453835e-01
3.955172387351268415e-01
3.798677214065839802e-01
7.470250570242122079e-02
2.209693845598037776e-01
4.993099274113222963e-01
7.485744032655722302e-01
6.807608874453808800e-01
2.460333773081978259e-01
6.239491367537707278e-01
3.969537420858115229e-01
4.394356976354927280e-01
5.934188306875628482e-01
2.237615095563408596e-01
5.533644489920890308e-01
3.631017970411514750e-01
3.782051577837335921e-01
1.825132015021663778e-01
1.147293789871963177e-01
6.413492044488325883e-01
6.231828629210841575e-01
1.802082398583081391e-01
2.516051143400182544e-01
8.460702029470780483e-02
5.225775739300715372e-01
7.445267544653452751e-02
3.917746515178672229e-01
6.971695147257366276e-01
3.795391258964931902e-01
1.781676715544744938e-01
7.599279460352631466e-01
5.990864984041106567e-01
4.851495215086886748e-01
2.481204236366547355e-01
1.655666064097419121e-01
1.344117034643044495e-01
6.645598973586025471e-01
6.638205801314015497e-01
5.218051191306363190e-01
1.273807943931531128e-01
3.777250449397828724e-01
4.125267445013542367e-01
2.601097910391567680e-01
2.036368780992569294e-01
4.229063089315105439e-01
3.978011731549681573e-01
3.843365850703905906e-01
3.705815261286576345e-01
5.588602339528491170e-01
5.774674961721526500e-01
4.752745139850315104e-01
3.561676509306120897e-01
3.334321861851037294e-01
3.189718943254641892e-01
2.663808333430945363e-01
3.918240608445320849e-01
1.831160718461151971e-01
2.384300721427481395e-01
3.850674395913066816e-01
3.419682472523135619e-01
4.475985597443963293e-01
5.328192143249131929e-01
8.138188559639505382e-01
1.651095710191557098e+00
6.318585434006119828e-01
1.989064464077348326e-01
1.479877850197950373e-01
2.876347385493127629e-01
2.963561992874320650e-01
2.388438205385541302e-01
5.828105817908102448e-01
2.472879042631079549e-01
3.064146584681082808e-01
1.219886867651544110e-01
1.551782518469141947e-01
4.062240558308051197e-01
3.418347309856832883e-01
8.225331080293879493e-01
7.253968446372476286e-01
9.864484106940756281e-01
2.078003484193405304e-01
3.433835242305963154e-01
6.853572208113964948e-01
6.678952152085255722e-01
1.601067298575295228e-01
2.230923817329188708e-01
5.076955347342507752e-01
5.688455779878219820e-01
1.358261148371918414e-01
5.475168426781749087e-01
5.749637481899789737e-01
5.078441525653090149e-01
6.203811075508087747e-01
2.785282584044030396e-01
3.951160046630776135e-01
4.465477064701021681e-01
5.281285727986466672e-01
3.039777924233729167e-01
5.258165287442294611e-01
2.210460156246718821e-01
3.110389988222341806e-01
5.621443159064669626e-01
4.075912958854364665e-01
3.709364083300096260e-01
2.562038879159035942e-01
1.301892929007510136e-01
6.953155798710111135e-01
5.455697427703083413e-01
1.014345707572743005e-01
8.865255839919147229e-01
2.455106155642787780e-01
8.619153131813885871e-01
2.678225037818536824e-01
5.255466853447583464e-01
7.959777724631268703e-02
8.559754262014133142e-01
1.428632387413812654e-01
3.859049550725569544e-01
2.815846409416843388e-01
4.258701084896557854e-01
1.239292615978880019e-01
3.169171243150726291e-01
1.545389618214070837e-01
8.009220887838340852e-01
4.046424783028325090e-01
1.538239505114425421e-01
4.074088887193185182e-01
1.189572240564739980e+00
3.682060956763955617e-01
1.778485420588921395e-01
9.883407728705172479e-01
1.321875728716160436e+00
2.726816078876198590e-01
5.309894355727815540e-01
1.107320197832080133e+00
9.848984909064555371e-01
2.484022948777737660e-01
5.591000898471937264e-01
6.237882917946335759e-01
3.370745527503065109e-01
2.950877429737175928e-01
2.567068920850372193e-01
1.185164341665606580e-01
3.529636211363355591e-01
8.856589704206618840e-01
5.399389179772903224e-01
4.661386744584467556e-01
3.074869844185839085e-01
9.310925518134044454e-01
1.362847281420862977e+00
2.476790103566419987e-01
2.372957706297936231e-01
3.474596537113595063e-01
6.515329230344404365e-01
6.981169104168173378e-01
2.301960605311364205e-01
6.429264684123472406e-01
4.018053839766440039e-01
3.336216515574512154e-01
6.155456451887627578e-01
3.012872891403810538e-01
3.241306783345126452e-01
5.925564498987452300e-01
3.270874093720368969e-01
5.726954137526750754e-01
1.185336778912385869e+00
1.538006755569408246e-01
1.447258158723723764e-01
3.073858813000558410e-01
2.584331495481170249e-01
4.782300603522744442e-01
4.184912351594145541e-01
3.204912679310284451e-01
4.801537532047546186e-01
1.227518179061835857e-02
8.691918663874980133e-01
3.692901615090792844e-01
2.903983856183784407e-01
1.329328044091538652e-01
3.054141859080664601e-01
5.212138593179621582e-01
1.859232351707933162e-01
4.099359620298701490e-01
3.693051893404834529e-01
2.561292096390380690e-01
3.917746402819491380e-01
1.028114690456201963e+00
5.758727703753200311e-01
8.301339152850996106e-01
4.188198112821071573e-01
4.231532710821405141e-01
2.956411696719364879e-01
1.547670595785243797e-01
7.413670301644541272e-02
2.996046431076662131e-01
1.547292889467755672e-01
4.292867535989089989e-01
1.748249890515675142e-01
3.593624516070593744e-01
3.726783011621398467e-01
3.071225415035918616e+00
1.988759851737272655e+00
3.864644765130614279e-01
2.410376833777505279e-01
3.358560450171927947e-01
4.138598751392769115e-01
3.284963956590837841e-01
1.203974465445751374e+00
5.460851146167369219e-01
5.776098258924055040e-01
3.608177469108119761e-01
8.096160421698663789e-01
5.328596967710863552e-01
7.413788582483988865e-01
5.240309003215292138e-01
3.218108892517543840e-01
6.475359530255694329e-01
1.656068162519227782e-01
2.274468645530253741e-01
1.528022241128575709e-01
6.205946753929694193e-01
4.360526657192462241e-01
4.288327137755547080e-01
1.457994803095160052e-01
5.601771558490818981e-01
1.604279981321438953e-01
6.844016162799633207e-01
4.841937651958514999e-01
2.273071105925644764e-01
1.727466152603314986e-01
4.332975558938446103e-01
2.053285352697146182e-01
3.662057879265426252e-01
2.083444601156406173e-01
1.825270361070108205e-01
2.853458261663014972e-01
5.732791034701617550e-01
6.293926143468029366e-01
1.175483216661959096e+00
9.112770280124217193e-01
3.625911832879096797e-01
3.094525210710903917e-01
5.264505211305250398e-01
7.501211550499797820e-01
3.472300476468415664e-01
4.108085288239342048e-01
9.377877175654477648e-01
3.419398079204261642e-01
1.003079149451685803e-01
2.743731614006019726e-01
8.769102405868823835e-01
2.039537380766053287e-01
7.646088733883510402e-01
3.603318302870751055e-01
2.525511310826801803e-01
1.905958926096701089e-01
1.273511684759918439e-01
2.672080670376181244e-01
2.804935202482482515e-01
3.492776956974467661e-01
3.267179938831232255e-01
2.887686508615439074e-01
1.790518010362300294e-01
5.326612848390795962e-01
3.448979261016517084e-01
3.245933754567162377e-01
2.972687744806858379e-01
2.134383720179093280e-01
2.521803461999728713e-01
3.171243887348886847e-01
5.921297649722914169e-01
4.449792456303600652e-01
2.982700357140484204e-01
5.245791359471464466e-01
4.141046173618143644e-01
5.755055776895116049e-01
4.233925403612092131e-01
5.748333392744412462e-01
3.569078981291671782e-01
8.430712187224674581e-02
4.312571089938950220e-01
9.361235532796913228e-02
2.910433189285956956e-01
4.568255972952154353e-01
1.808579213874377034e+00
1.155208386304179102e+00
1.045316563878966182e-01
5.447131834220091395e-01
2.324448809928988113e-01
3.308602064414322697e-01
5.894814393949907583e-01
6.251363370661886520e-01
3.304826924254232745e-01
1.223941266313470777e+00
1.136288040991981219e-01
1.235352535915184569e-01
3.224784445734499849e-01
3.136054857700502074e-01
8.651356840656840297e-02
8.159374330304027811e-01
3.341500583087190779e-01
6.554743260724794629e-01
6.192578843672047473e-01
6.724272468283332138e-01
3.298490351902696460e-01
7.331130535273041593e-01
1.640444260298255796e-01
2.214691109274805059e-01
1.516237532875298610e-01
3.319489214198291238e-01
4.463961316827005366e-01
4.945218425564245068e-01
1.437531719886751547e-01
4.595794398242374901e-01
1.991962769146797541e-01
4.039661050855951063e-01
2.718515557391338322e-01
6.248513852908702676e-02
4.985317596184808964e-01
4.952005656241793563e-01
6.298397878573746000e-01
7.499928000535426298e-01
4.631554756643967430e-01
6.760095918333628440e-01
1.050571944051556850e+00
2.074932797683383956e-01
4.985436318014037638e-01
5.916342043468791889e-01
5.023594553207521018e-01
2.839622346781711104e-01
7.798576101141660999e-01
3.070919141372746020e-01
1.942617796032526378e-01
3.043239413045359942e-01
8.488091698948228847e-02
1.024840174089527711e-01
1.635098424240393755e-01
1.417398532366579145e-01
1.962541406681766465e-01
2.445203401047128522e-01
2.753415941877822015e-01
2.775218101116561087e-01
2.276993916652998717e-01
4.615030938750125378e-01
1.496402998880085877e-01
6.377901063368557333e-01
1.058772597616108424e+00
1.321232708222456198e+00
3.093704434023339389e-01
1.255923963107928587e-01
5.955820519654684286e-01
8.239894982938358869e-02
5.224548858698615551e-03
6.270853954119779416e-01
6.898791243604467383e-01
1.058117325883823623e-01
1.209781269655718361e-01
1.892803181517603572e-01
7.686921992159092554e-01
3.564336388359791163e-01
2.147980558687382913e-01
4.434292439665788454e-01
5.633829818993085770e-01
5.692853990200283931e-01
4.939971169315633404e-01
7.951402875569142381e-01
3.595731024484336014e-01
4.762642746007664796e-01
2.963387718183085329e-01
2.772766980914285750e-01
9.187454086191859659e-02
5.369651865312115024e-01
5.131978906392447026e-01
2.244519184206927587e-01
4.232879545574199653e-01
3.488312334020647332e-01
4.108013703619677326e-01
5.867124238250878143e-01
2.182456116451308159e-01
1.760224138463917787e-01
1.306490276665668859e-01
2.864268730260648987e-01
3.089034220308477519e-01
4.509867025812425712e-01
5.993135621514716904e-01
3.031680380721193391e-01
6.535227566901499197e-01
1.513268364723427128e-01
7.559562508705550687e-01
4.050737187053364274e-01
1.823397942321024479e+00
9.104715074708590317e-01
7.133590666307817463e-01
7.512222195164339200e-02
7.193806558357822567e-01
2.073928082117811322e-01
1.844266160213669237e-01
5.412036107929877327e-01
1.176785360030569549e+00
1.219034582624038299e+00
4.036979055841493080e-01
8.137600374833993122e-01
5.155284267894716388e-01
2.550066365947382674e-01
5.801787883437956594e-01
1.621190053173702239e-01
5.323720749924262252e-01
8.685980905935402063e-01
3.373066525324103782e-01
5.322077114619107041e-01
1.441622092178037384e+00
1.337929721539328876e+00
2.376073939697987136e-01
2.899433733304868088e-01
1.639563735837192560e-01
3.920346054099747568e-01
2.708953683167499848e-01
2.232005565815045889e-01
2.883935056360149574e-01
4.849930034373587939e-01
1.670767728199539892e+00
9.929759565986039371e-01
2.211055062793825521e-01
5.496701825438878863e-01
2.325396905131139336e-01
4.450390073184402051e-01
1.626868271490637327e-02
2.106755146595553629e-01
3.432280637320040961e-01
3.877368921670099056e-01
5.582318192045601091e-01
5.844183288350909278e-01
5.510628734911577897e-01
1.449199082092405833e-01
3.761417104910461107e-01
5.951705206888708855e-01
7.329923486882148342e-01
3.611825240275832738e-01
2.495534679297662095e-01
4.287652677713950644e-01
4.689592796531246166e-01
5.629572340348864418e-02
2.970029690992503912e-01
2.728467502960108537e-01
2.030167253815975265e-02
3.750430788297247076e-01
2.286599507372523155e-01
1.788370200961083567e-01
1.608242048336549768e-01
5.645566814339345596e-01
1.789658768190269256e-01
5.170606828507141595e-01
3.898203251840737793e-01
4.115858666646096120e-01
2.483418207760751117e-01
8.196268359380974866e-01
3.753354831883535803e-01
3.440470130372701441e-01
5.881324567309177409e-01
5.012075231347347115e-01
1.819707291196772381e-01
2.717363593666459187e-01
6.353379004704312605e-01
1.624817216653782759e-01
1.060771921726931660e-01
2.479437029116295932e-01
4.560539266033468153e-01
1.096964958812493229e+00
5.262172321253751894e-01
1.624066490941743768e-01
8.869474454415584574e-01
7.066761886487330502e-01
5.997311336807282789e-01
3.205599095787521335e-01
2.525645876456499850e-01
4.227330199354423779e-01
3.686179926600895440e-01
3.751979840211305262e-01
1.449884336477148816e-01
5.147577826799929479e-01
2.097749508103519678e-01
8.232093896759200558e-01
1.401208106662709396e-01
4.868920586296990316e-01
4.152564544404058200e-01
5.292816349915927532e-01
2.362616121399682412e-01
1.362798763465348784e-01
2.483975155082263631e-01
1.311179923496508248e-01
6.573640665966427044e-01
4.426268118168917853e-01
1.718556860182473833e-01
4.269583668678298416e-01
3.987451264282027563e-01
1.920716635112892090e-01
1.946438247964005774e-01
7.248343127616632131e-01
2.051359868613413795e-01
1.938401707367874427e-01
2.320060597049799500e-01
9.222029717364832457e-02
1.799306375391035717e-01
1.260395857315309287e-01
7.401062182158033576e-01
4.662314006590725368e-01
7.720447254501705547e-01
3.298292754959045725e-01
9.819105094275984991e-01
1.111722270844344829e+00
3.964657312160158598e-01
2.407235965088228569e-01
2.471608396383410955e-01
3.338157754798958821e-01
9.770199138459855215e-01
3.085274606685847743e-01
5.984893382901163017e-01
9.143317424715781128e-01
4.940314608103814620e-01
1.988017778483291143e-01
2.869942212029243378e-01
3.885461406770137627e-01
3.368208353886233963e-01
3.266064040053597850e-01
7.808044307681404339e-01
3.781412603101508840e-01
4.498152830050504147e-01
8.908944096925165423e-01
2.593022104023122165e-01
4.820779879432801063e-01
5.262923550692721886e-01
1.938378146457258033e-01
9.788274292052745462e-02
5.790395580363825179e-01
5.046380041424881613e-01
3.547631617285043060e-01
7.238913924296260793e-01
3.015506424121269444e-02
3.630051706175935200e-01
8.595688976140941628e-01
2.980338875638318119e-01
5.200284287815665207e-01
1.743713297043298083e-01
8.425877604789012987e-02
2.385584192716778129e-01
5.898064346254272561e-01
2.803435693675915275e-01
4.655570323710521707e-01
3.254248957019147404e-01
4.580766279433636234e-01
2.527138191170702486e-01
4.215037355310094491e-01
3.712125959080621596e-01
3.303081414388384096e-01
3.870972614881038609e-01
3.688380978363948737e-01
1.698310658409409590e-01
2.896378267775164272e-01
2.618710990398688820e-01
4.393295805559710998e-01
4.631334982395122202e-01
4.575897652140236693e-01
7.057700962667953770e-02
1.345453208475849149e-01
1.128269472473702600e-01
8.309128400469226183e-02
1.014443167993878570e+00
8.150170664228317818e-01
3.589833594137261663e-01
5.971657767621142421e-01
3.912673529351963220e-01
6.557151418315966263e-01
2.519393956476537189e-01
9.316103750954499163e-02
2.027168022860779406e-01
2.313098973925598600e-01
1.087769534419595757e-01
5.027623360478652437e-01
1.691509395358165024e-01
1.366912748224312912e-01
1.219366323037304189e+00
6.344343744952744002e-01
5.746677262308730327e-01
9.147976732323928606e-02
5.087056734203321273e-01
3.652360790079424158e-01
7.862276433531173447e-01
6.288549057828131117e-01
3.423520660737118249e-01
1.344624904998965864e-01
2.031345033877454409e-01
5.241536975890264127e-01
4.779004605886932877e-01
5.262695422724579242e-01
7.144045738526849654e-02
1.401226906899013247e-01
5.123490034259357007e-01
7.252245698828305720e-01
2.367820064758608678e-01
5.784188990847232148e-01
2.475324054155187692e-01
1.564863911241015926e-01
1.389616601748601410e-01
2.813421425185824720e-01
5.351406166939514097e-01
2.679991131483738798e-01
4.754172739317688579e-01
4.001094261642038630e-01
6.161715481962987129e-01
8.258714265455785464e-02
1.885345914709559978e-01
2.676581740667701159e-01
5.326896976870844069e-01
6.367280725498553062e-01
6.863790539338793240e-01
5.493621067613098097e-01
4.509803228314886170e-02
5.819991595148477082e-01
9.185921496357124516e-02
1.229434937698940383e-01
2.382862847237104675e-01
3.970039474777125599e-01
9.273468872908799954e-01
1.293820655947911791e-01
4.729300793290169280e-01
3.546537977586808332e-01
3.978476884869158736e-01
4.382735333446421411e-01
4.892688062288789719e-01
3.789464469991562501e-01
2.653925841064959101e-01
7.914063737191952275e-02
2.107666416487981864e-01
5.906910204275024334e-01
3.585379339325757142e-01
2.877313915228629435e-02
4.497122957497233231e-01
2.109720025480407712e-01
8.543587121593126943e-02
1.925881200871343568e-01
1.723664026021819451e-01
2.436090714390734824e-01
1.619890810673161041e-01
1.215579028339365486e+00
5.529870875467564062e-01
9.281087834948170689e-02
2.782456908425309239e-01
5.669127211078252015e-01
5.930055686230923939e-01
4.436372153421485609e-01
7.339027496243994975e-01
6.873251666652895331e-01
3.202942177634214849e-01
3.819039640821611514e-01
4.548480089710312813e-01
6.880869188320070107e-01
2.725186381690020143e-01
5.860151178912778036e-01
8.406931821065642962e-01
9.633080128511577467e-01
3.789110032581120002e-01
3.217398511470282441e-01
3.265369556124976813e-01
1.839295622631035021e-01
4.269776847308952572e-01
1.799757339904345388e-01
8.532971891468830172e-01
6.579377833258237551e-01
5.119442610610156486e-01
5.842647125008127995e-01
4.599386117099945465e-02
7.101615011791104770e-01
2.699551626891735223e-01
4.018317103048739680e-01
2.666105505968435208e-01
5.702855988381424490e-01
2.757463943730841249e-01
3.972564628177037149e-01
3.343642564592930189e-01
4.910004895757510424e-01
1.605318313007944864e-01
3.710831353945220346e-01
4.998850565643487842e-01
6.788878712727141052e-01
1.996781308176965586e-01
4.076826097745749888e-01
1.023813065849274562e+00
8.036781385985986015e-01
4.621270337992873789e-01
1.960748231548741782e-01
5.893435329919252119e-01
7.222273104152308054e-01
2.365718064207831539e-01
4.962845449883076521e-01
5.516484006641450000e-01
3.228557430218810254e-01
6.549569238530010828e-01
3.658999382246591603e-01
5.070835534793304289e-01
5.808841983610549820e-01
3.291943297242993505e-01
3.356389392412990891e-02
5.900814349660642444e-01
7.272459609316643814e-01
1.308290925579015662e-01
4.475813020688418908e-01
3.095394334683991833e-01
3.693010396894503278e-01
1.430357704674154462e+00
5.520762480693939267e-01
6.326595079974940694e-02
1.275765129445461943e-01
1.904544121900103859e-01
9.403322971615525327e-01
1.899968128939289458e-01
2.395670047648429668e-01
1.178006432446496721e-01
2.959062488512439332e-02
3.207116893650345246e-01
6.893716025198237674e-02
4.882383212010549256e-01
5.743491260226614159e-01
2.505310170091367139e-01
3.217304181154609921e-01
1.609884373282916281e-01
1.872863694795789680e-01
1.968934442587169098e-01
4.895979218696793756e-01
1.738880997168830156e+00
1.030232545124936339e+00
3.605062955973140082e-01
3.161142316798106200e-01
9.869955195976484186e-01
1.810074183576432794e-01
5.351925311986694966e-01
1.836452088886597334e-01
4.251533997239019813e-01
1.494329816150081480e-01
6.723666213646284362e-01
4.870345134434045375e-01
6.335549646502541821e-01
6.272513784272144566e-01
3.970766481312973384e-01
3.870885471372862985e-01
5.865178233505736749e-01
2.966814328618049834e-01
4.547605697173937589e-01
4.069511783755385692e-01
1.067060271504434610e+00
5.379900954818952474e-01
2.989395207285208689e-01
4.634136449306655581e-01
8.503462054910168599e-02
2.117439318712724672e-01
1.920076877142675720e-01
5.391445879486228554e-01
1.267498261653613179e-01
3.880327392908634043e-01
1.833492554774907302e-01
4.947347135345824820e-01
1.456416075140943289e-01
3.050127847671372794e-01
1.846068619382273956e-01
7.054959198408871091e-01
2.835592284154659359e-01
1.712630237343130968e-01
7.503968211372695762e-01
4.169897376262082234e-01
2.445461492930124658e-01
2.477267218147328753e-01
4.315792688034117974e-01
1.588480759705609702e-01
1.666506583951856246e+00
9.037521572252353863e-01
7.082148952806053277e-01
2.609675026124237962e-01
2.403920752627280721e-01
2.105732458906088012e-01
9.629085867343040173e-01
1.095226202644203672e+00
1.376751750854983136e-01
1.105026403310566951e-01
6.030811446687002197e-01
6.140627952094884767e-01
6.018754833746725597e-01
3.938627683629999932e-01
4.041488690572517944e-02
7.798305464856960523e-01
8.533453794414506133e-01
7.822226093036639405e-01
1.765781680163318601e-01
4.702338310109762665e-01
4.526387043139410427e-01
2.278331402988317267e-01
5.637652827041963466e-01
4.671583281562901035e-01
6.032576210272090345e-01
4.834063032165265561e-01
7.528151069964413855e-01
3.664754916015822150e-01
8.887533149565277624e-01
4.629779966777817779e-01
4.375320550427070354e-01
9.658724262262705085e-02
6.505269491330823994e-01
6.010880133048803753e-01
6.565157020426729551e-01
3.015632067554203100e-01
3.074564712203688432e-01
2.697413251204198170e-01
2.386285666207346445e-01
5.004923448389773100e-01
5.257542565979487215e-01
8.523777924060536859e-02
4.024225295033875271e-01
7.153042732590585429e-01
9.182318133421921713e-01
6.342772254197851511e-01
1.027072109878961026e+00
5.638830233963645355e-01
1.966563265414399131e-01
5.505308615796261629e-01
1.963945030997677477e-01
4.302838606740442273e-01
7.930696229726124091e-01
1.389520112724975387e-01
1.776628097733286837e-01
2.239870606937110209e-01
5.031313703710195151e-01
1.204625781289220487e+00
4.144834374244273367e-01
1.462644483112965632e-01
3.832490458268140165e-01
2.506788570239438241e-01
5.432193366342076279e-01
3.978575378479496383e-01
2.871144022861924494e-01
4.407328878213935264e-01
2.115658641823860708e-01
3.998421864447981311e-01
1.599063087720966392e+00
5.619599668897713451e-01
9.503283634075790354e-02
5.056733505089872072e-01
8.122521095722836648e-01
1.081897199112909602e+00
3.717900468416370785e-01
7.129478105373253660e-01
2.162973015902248386e-01
9.546667093909784463e-02
3.751359693779534044e-01
4.895544391602712486e-01
3.619876016202156488e-01
3.448093900239641574e-01
4.564489777499243228e-01
3.162675290977631226e-01
1.689487876396567889e-01
7.690942954581475588e-02
5.199124500898377743e-01
4.027767058976162717e-01
4.193613768161714717e-01
5.743588115671558469e-01
2.234979262629578078e-01
3.577526991011172885e-01
5.656051772995430715e-01
6.096109025239809798e-01
3.896299641832480787e-01
3.635155856322647705e-01
1.011064743470801330e+00
7.627494119886464308e-01
1.686358766939719256e-01
3.155205731038468464e-01
3.400727996455392144e-01
3.817965851908581842e-01
6.508041314787218479e-01
9.626555958323218531e-02
3.467934991758273022e-01
9.239089317839171978e-01
1.456758777143952743e-01
4.904223504942053502e-01
4.714946107418686028e-01
2.987496267250454030e-01
2.503729136360028362e-01
3.378963971742204864e-01
2.204954236726966166e-01
2.797568283800970224e-01
3.613674414324785089e-01
4.910678960388212277e-01
3.169892842013853351e-01
1.737575650030422914e-01
6.305963224421410329e-01
4.268840097338691408e-01
6.968632518543607102e-01
4.893594407536875357e-01
1.964642691763767435e-01
2.789183377939628561e-01
4.784469387069494317e-01
5.000248451253610504e-01
5.790059985977128454e-01
3.367919457596285082e-01
2.879139765871914225e-01
9.348156099501144789e-01
8.469210400555039486e-01
5.032641856658590651e-01
4.989342062338276151e-01
4.648733142921237516e-01
5.453105922669270189e-01
3.615267545068240884e-01
2.246047075046802843e-01
7.825090654245233646e-01
3.886786427735103300e-01
7.121987944923676705e-01
4.890899943642737502e-01
1.103193487587481314e-01
3.428357134412362422e-02
3.862074571310626925e-01
3.188740327403031816e-01
9.367646752658882747e-02
4.972112044186313001e-02
2.211495814247908531e-01
2.869544457689380268e-01
8.193752853834761485e-01
3.379321449622280649e-01
6.944143685571929625e-01
3.244737869583690371e-01
4.877060767515959405e-01
1.777201261521596798e-01
2.672169169397308752e-01
4.684727167662334768e-01
4.031540185238425833e-01
3.958836099561973132e-01
4.066074840085096009e-01
7.005701456756487921e-01
4.631095115978908217e-01
9.184022445241792898e-01
7.925854963443551560e-01
3.286793552263999607e-01
3.698257354517113238e-01
2.129810115577248364e-01
2.039327640969609279e-01
4.967763482443846579e-01
5.793314611677686798e-01
4.019982882968112237e-01
3.522581320843788388e-01
4.871070069445540551e-02
3.655718354133958292e-01
1.896124002414140974e-01
5.471270699017399819e-01
1.098017494530262178e-01
2.905875707209891745e-01
2.680334228892116699e-01
1.933383357160277094e-01
5.981740930898231667e-01
4.554085354538181529e-01
4.208417783920062605e-01
5.421829601286162204e-01
2.374759537464297965e-01
2.234759360957091490e-01
9.267653747362202266e-01
3.413108212135088637e-01
4.680129981914418758e-01
3.651020862599608785e-01
4.350790330958358154e-02
8.902828229565710183e-01
2.212753417000008077e-02
1.072474568804324235e+00
4.781810313019443925e-01
5.909923020181310216e-01
4.979821193682797964e-01
1.577714808591108853e-01
5.398151968590659822e-01
6.816900064526419667e-02
2.373463519584197434e-01
7.365318039034454700e-02
3.265792762692116269e-01
6.437018687681540507e-01
5.066008583922316788e-01
8.144695172861964316e-01
7.008253293334389955e-01
5.968879101361648787e-02
3.616759538350869940e-01
3.297559731074576339e-01
6.078077209169577833e-01
6.709683266326470497e-01
4.255919740434628284e-01
2.758514376399817114e-01
9.327314457958214844e-02
3.049063928548405578e-01
2.430853068482151380e-01
4.283211079965231205e-01
1.288926285721502807e-01
3.184516524351481137e-01
5.994048192670946573e-01
6.065237197195059160e-01
4.986532368017983496e-01
8.608249661592953794e-02
1.846901021047147873e-01
3.118751086517470017e-01
5.591703873596619578e-01
1.275936735356682394e+00
1.812637046170345045e-01
4.540310641753663168e-01
5.185982577532530780e-01
4.641009509045793680e-01
2.145206721197603916e-01
2.850708248180687243e-01
4.785694978438511105e-01
4.252778285938241809e-01
1.110099380843606182e-01
7.168177769424795009e-01
1.790532769507823807e-01
1.001247525072324285e+00
3.282080753123510219e-01
1.492926480992715632e-01
2.212895740009034606e-01
5.980210226928560635e-01
4.442927476028820100e-01
2.382105154302482375e-01
9.847947970126632589e-01
3.970135837245908905e-01
3.358096514256992404e-01
1.296694306034191113e+00
4.768529473064464508e-01
2.099513034134951883e-01
7.654099447636870668e-01
7.594337611071338978e-01
2.417240363578624374e-01
2.810797308433312658e-01
8.847698341159796476e-01
4.522036000952414647e-01
8.382833624398604577e-01
3.634716573072633294e-01
6.096300875637640226e-01
5.420761790253084828e-02
3.134605209718263619e-01
1.152714705539467310e+00
1.582206038346338772e-01
5.214562547279867344e-01
5.185664064098461923e-01
3.054740022874403715e-01
4.415716413233241044e-01
3.505003221840883310e-01
7.561759749844831902e-01
7.320338186985674289e-01
7.484439306058188190e-02
3.610503463680068692e-01
2.266389067242494115e-01
3.521809116126773387e-01
2.296961408760649914e-01
1.205038817281668673e-01
6.714465645367426738e-01
6.670794159842758919e-01
7.650729952977167736e-01
3.604052252451909188e-01
1.229455360963945393e-01
2.317434710995286418e-01
2.799413618634037371e-01
5.928942944522099801e-01
5.348708224473683881e-01
3.765277051783746942e-01
4.473701349001941163e-01
2.753343483871426023e-01
4.588466355629391424e-01
1.921232454516886290e-01
2.976351642828954924e-01
1.226899366944652486e-01
3.872282293900701222e-01
1.262794848555238714e+00
1.508271386016890314e-01
3.776677918895530728e-01
1.203341059390885676e-01
4.382175088011618924e-01
8.650902902860917176e-02
4.035780655594158328e-01
5.539161967350210158e-01
3.712236589938702203e-01
4.328119696454918452e-01
2.505215334709987030e-01
5.318934715589589413e-01
2.261028099195721841e-01
4.896544355387199565e-01
4.499278070022499354e-01
3.993202965296375195e-01
4.301206710068470329e-01
3.922309251112374162e-01
4.796751431892720130e-01
7.193450419944988905e-01
3.873491219079557846e-01
1.816696119252042552e-01
5.017157209861908829e-01
7.665355995924155730e-01
2.435188078052211713e-01
3.341442261779221101e-01
1.937973053078356767e-01
2.497276599833415656e-01
2.716725976084171101e-01
2.861122538732601139e-01
4.559519631564915576e-01
7.937215411963718381e-01
4.178016435459783740e-01
4.493008240258594133e-01
1.818511825751442379e-01
4.227633334590732428e-01
3.358744265075587765e-01
4.289327994036797875e-01
2.517170955342455385e-01
3.626326698630436551e-01
3.971414627431074651e-01
2.537169778901323669e-01
5.654526531735398764e-01
2.625441536949780774e-01
5.546948132444265989e-01
5.068808063805863018e-01
4.857122431014580521e-01
2.578846646877912541e-01
6.168878706217949537e-01
1.375920011648869845e-01
2.563683224010310790e-01
6.000865672669225548e-01
4.544560027115759904e-01
6.168715371842729001e-01
7.893236732152063284e-02
6.306191014717013044e-01
8.222235312191967793e-01
6.552590881536312084e-01
2.974141571504929082e-01
2.765784697650531254e-01
5.189174046205994317e-01
7.602124742149033443e-01
5.733582118789665172e-01
2.920279337864988278e-01
3.863629529723633382e-01
3.735662785758209203e-01
2.498242291563039785e-01
7.616930785463039699e-01
1.281793564249627870e+00
4.845102455231254934e-01
1.955885195554491196e-01
2.298558030920878903e-01
8.044670821966483087e-01
2.496494845884281999e-01
6.238848313654051791e-01
8.148315159753390935e-01
5.785267182747685366e-01
2.845764089277127429e-01
3.570580453616275518e-01
5.208167833007345537e-01
4.518010370074053150e-01
3.697585698635236923e-02
9.630890618831888794e-01
2.479107651622473318e-01
1.127456543282360890e+00
3.736435056286582790e-01
2.724967754569128653e-01
3.219118174715710490e-01
1.813987527040075987e-01
2.805199055762940819e-01
3.235039045369658139e-01
3.562346319435537034e-01
3.014445089527695854e-01
2.178527792299889687e-01
1.456603949719424973e-01
5.862125858305664572e-01
4.070576159631234536e-01
3.885458605366061136e-01
5.077764545296282739e-01
9.496944626016714519e-01
9.123463349424139057e-01
4.859371750684212676e-01
2.556056184388263985e-01
6.436090044971582991e-01
3.800438946415112262e-01
2.845688200213115082e-01
2.911912869660190362e-01
3.607683286152559288e-01
1.849529494663354479e-01
6.634313329117067504e-01
2.820795213747267702e-02
1.739433209081156506e-01
5.582347963953271375e-01
4.509697055758048467e-01
5.140393844364761211e-01
5.213304075876772359e-01
4.927654758671299318e-01
1.104340047063521735e-01
3.293822524145967878e-01
3.005953129994457518e-01
4.225524598569229129e-01
7.118547941677912938e-01
4.631560755876376057e-01
1.638165218251093624e-01
3.820531377063949297e-01
1.509522023153507531e-01
6.660003154022305916e-01
6.662595716917771860e-01
3.465559868893859363e-01
4.095644739772769660e-01
7.122003824052944299e-02
5.966982909023742510e-01
4.460708105766354459e-01
4.667253755598485543e-01
5.520852241948424055e-01
1.653886759740040846e-01
8.483493812039140103e-01
2.519766938390269329e-01
2.807518168184765517e-01
5.762976976405249641e-01
3.258498997160461097e-01
7.292834736369405713e-01
6.332233271599220226e-01
4.548544339409676951e-01
6.749261904223913255e-01
2.871160546753748766e-01
3.814597292923265215e-01
2.180958678520908967e-01
1.241163039825403658e-01
2.211304547240271756e-01
1.036950211428939450e-01
3.680057786108202333e-01
3.202397166198595047e-01
3.950800963003454069e-01
2.308623172209269270e-01
9.662860904556171970e-01
8.978937899270414968e-01
7.226384099408644790e-01
7.074044436390414248e-02
5.336965775614427310e-01
3.841578427617685643e-01
4.071444622537084834e-01
1.342442463970186795e-01
4.556907458418804624e-01
2.862757401060068707e-01
3.766004822211427294e-01
3.090992927816595404e-01
2.595461871678122479e-01
1.169316318014162581e+00
5.561322823658008258e-02
4.710329326674079220e-01
4.813560071096122384e-01
2.043285825980766524e-01
7.840769062997350325e-01
1.464810627363815065e-01
1.485938946916566805e-01
3.758778878656899303e-01
4.263484572363550607e-01
2.439523529431035787e-01
4.367315917697269789e-01
6.026216843215943531e-01
6.940886367587292272e-01
8.814009270738241142e-01
5.911883696333409821e-01
4.473828102283166075e-01
2.513548730887024685e-01
2.519453305062858139e-01
2.914457392821567239e-01
5.704928181332216131e-01
7.062909531589537382e-01
8.424441008736772984e-02
3.268785195421850531e-01
1.116320333752703203e-01
1.041260482004120747e-01
4.751230246050799355e-01
5.569848971002840932e-01
4.459606595892039449e-01
6.703115803113159910e-01
1.474060410683367961e-01
3.288103995719217076e-01
2.146307802330688352e-01
9.357137685048726450e-01
4.829077023695743098e-01
1.163679884699990869e-01
6.638754208713792959e-01
3.116767282238905867e-01
3.059133830767660212e-01
4.837697061380731856e-01
4.904221261820725930e-01
1.723036788238294648e-01
1.058616299531114080e-01
4.471657461772420850e-01
3.400136582765033721e-01
4.670525745789578798e-01
8.512002091994567143e-01
5.593849182051425784e-01
5.074962489634337048e-01
1.041416769032259992e+00
9.950925883937035143e-01
2.527950828138074701e-01
2.225405927479206791e-01
8.595777272423439364e-01
7.922456832658166803e-01
4.455414432930371316e-01
1.179600859354112269e-02
2.717670386113947290e-01
6.313736958602159111e-02
3.343259503141213229e-01
1.068886403415606062e-01
5.604789191040558949e-01
1.094372262950385200e-01
4.775883353946241971e-01
4.432506473597684904e-01
2.465778988292708640e-01
1.302167812747549724e-01
1.753594616443689136e-01
4.354679864020359337e-01
6.849734478072949662e-01
5.874878204946476501e-01
4.330684354854423268e-01
5.420474529051653167e-01
4.536901087209496003e-02
3.518157222214385871e-01
5.855464906976683981e-01
2.823537749313665968e-01
6.315622017631349339e-01
5.902961080615973799e-01
2.610305759517280166e-01
1.130154517910348932e-01
1.449317315428374220e-01
5.716494042665490882e-01
