4.494116532376295936e+00
9.854887440375733831e+00
8.779071090461840754e+00
-1.900472706968514558e-01
2.056783127671917555e+01
1.460253014661523707e+01
1.866614524208497983e+01
6.232259481286831715e+00
1.671748675528156980e+01
1.119370727454904113e+01
1.999828622369925313e+01
2.438215188787730625e+01
1.281359076265292174e+01
1.044247510042896465e+01
1.757369187042640135e+01
3.244315183189883101e-02
1.955411304778277071e+01
6.520852231354737683e+00
2.737288133311783156e+01
3.179654003770565396e+00
2.816665156714427809e+01
1.495052299042280453e+01
1.634996900978108414e+01
1.507206670526338144e+01
1.645012125330580233e+01
6.469356452648639788e+00
1.099801760270584339e+01
1.530416923056684197e+01
1.768942460620333890e+01
8.827948431556066566e+00
1.550937517265380450e+01
1.778219810081135677e+01
6.806109771978043455e+00
1.747677570387232038e+01
1.983192378093773556e+01
2.133967082498485013e+01
1.354965150212329661e+01
7.927923290989738803e+00
1.087618680461621068e+01
6.417763417697869954e+00
1.010925938070829488e+01
2.107259868687975768e+00
2.040987834673104828e+01
2.102076052679960583e+01
1.838252368219363575e+01
1.587098797274994411e+01
1.364258299313081579e+01
1.986837732748540475e+00
1.143081925108801045e+01
1.269411569941848938e+01
1.535848648810856787e+01
-6.652362074299702499e-01
1.519091902781463688e+01
4.104832499726285278e-02
1.294960333120971541e+01
1.111439269239005512e+01
1.422256828999849176e+01
8.734440291938923906e+00
2.870317715103097100e+01
2.027104463118892852e+01
-3.434907191887788258e-01
6.063843617610473302e+00
1.985548529290241504e+00
-1.717423562408086468e+00
2.628652292223200249e+01
4.836347274013277797e+00
2.201632737363217984e+01
2.106480579385221574e+01
1.586460397163655500e+00
1.521592805492213785e+01
1.109269484939653694e+01
1.734326455371690656e+01
2.513449459379416595e+01
1.229009964699692148e+01
3.261647781031226856e+01
2.882429869866957972e+01
1.290429897294136907e+01
3.770442709265537218e+01
1.039416596841951446e+01
2.376419865815469024e+01
1.687160245817803172e+01
1.412704118151580701e+01
1.270690300702216291e+01
1.678557979475043993e+01
1.121528519607832663e+01
1.596647804215819377e+01
3.548602829293500349e+00
9.379135453820239832e+00
1.023732729645507789e+01
1.812355957537830875e+01
8.340449877070540197e+00
3.315414516620025864e+01
1.124404563606185548e+01
2.706239207002014524e+01
1.135156561509855067e+01
1.957919035628891180e+01
1.690470403902907748e+01
2.371891308594008763e+01
-1.142185768214946506e+01
2.777509822178398480e+01
1.001666741091614199e+01
1.216870113754654881e+01
1.105083077912991030e+01
2.001245956231787204e+01
1.442137234368111365e+01
2.009813410493947572e+01
1.567488387449269283e+01
1.521385556484337798e+01
7.906202946620624061e+00
2.047328347148576455e+01
1.694213921754134589e+01
7.887443802064808551e+00
1.465625177289678760e+01
1.849247452063053743e+01
1.428158000249645454e+01
3.202296589010984462e-01
5.069605892645910217e+00
1.191734926685511198e+01
4.945147798676373441e+00
9.725369487150501868e+00
4.619032296021231332e+00
5.272810075446059841e+00
2.039881772103510116e+01
1.592215811543944426e+01
3.241664542392626913e+00
2.599139194082589910e+01
1.751449781748041801e+01
2.527606125189843311e+01
1.675781356399862432e+01
1.697316563812753287e+01
2.138707660686969803e+01
1.367010474811585397e+01
2.130786855893737197e+01
1.181645478325262388e+01
1.111997180005008090e+01
1.398473247806445841e+01
1.289170398406800189e+01
7.329536437606321897e+00
1.492266809161720431e+01
2.500715916175253994e+01
2.665961228937405991e+01
1.077266468385148812e+01
1.128739217952940521e+01
1.205589421490084590e+01
9.790905743102044312e+00
-1.723068051511017273e+01
1.377861769313857110e+01
1.047417080700300573e+01
1.262856859950508692e+01
1.029289637490074938e+01
1.246633283566458772e+01
1.026594647817572081e+01
8.374264020950391796e+00
2.135273107214464261e+01
2.205851087189239479e+01
1.434059268087631267e+01
2.530635047062337151e+01
2.413525427631399367e+01
4.080065731058681422e+00
9.949844427256664403e+00
2.759588012290819847e+00
4.655779256118734111e+00
9.824252726997684704e+00
-1.057092313568446684e+00
6.842021928036857048e+00
1.548607779873685786e+01
1.299420140872278751e+01
4.334177264013163722e+00
2.070513667753591847e+01
7.220911635463323819e+00
1.223634363286140569e+01
1.551303928894732564e+01
1.295404332532959302e+01
1.100655714886855208e+00
1.282265937325757932e+01
1.665935030089715951e+01
1.726933023207892859e+01
4.456274532546217415e+00
9.472526914607612980e-01
9.386244766205109613e+00
-5.974081093626068650e+00
2.127351855283794180e+01
2.000894603592699639e+01
3.244290091262712394e+00
1.298853520041588183e+01
9.583548758593963157e+00
1.135072816488549563e+01
1.951043316907054503e+01
2.295648034943715743e+01
1.286359242971585104e+01
2.665313937604915395e+01
1.044308110757307873e+01
1.511066534084261548e+01
2.012791092722909525e+01
-5.919005509424934530e+00
8.576714382054817065e+00
-9.269224699530695943e-01
2.358256649043312336e+00
1.454238232084010463e+01
4.067225094370996885e+00
2.799445340159451234e+00
1.168413415176712533e+01
1.743545746977275712e+01
1.581235262990620072e+01
1.018822867781169350e+01
1.443793272898300017e+01
1.250784681436618939e+01
6.981378593946743649e+00
5.604802034178042902e+00
-4.004525766461654257e+00
5.482481372298195765e-01
9.861536786556811762e+00
2.599347890996227761e+01
3.222094189248181806e+00
9.134985612560953427e+00
2.012885107932149253e+01
1.965225833474350736e+01
2.514316281408967768e+01
1.041117938100491358e+01
1.562479096370138620e+01
1.109034434516810563e+01
-6.503317057253269695e+00
2.289871095592453543e+01
2.101950749370432447e+01
9.591333016747810802e+00
1.061962541154221640e+01
8.630490754017642985e+00
1.100163458823944751e+01
4.298371079999611766e+00
-1.246243336492469211e+00
7.511694819632865006e+00
1.466810076974940102e+01
1.520539037465327681e+01
4.268788259036028876e+00
1.411695218067990254e+01
2.550063798895990885e+01
1.659324123804073281e+01
1.679559953400055861e+01
2.818019153530138965e+01
5.262060192158656946e+00
2.478281215586849129e+01
4.882588863025532078e+00
2.013604461047476946e+01
1.857475740337605430e+01
1.739346343356203306e+00
1.425825062845866853e+01
1.384922220909461998e+01
4.976347019905858815e+00
9.631757038124064252e+00
2.360757308309962355e+01
6.877411928762967364e+00
7.443244978460555217e+00
1.962202692157237038e+01
1.498622889904385147e+01
-2.645134166030757683e+00
1.074421975981455546e+01
1.086620144405772237e+01
4.250527676971302071e+00
7.138245774829925949e+00
1.586869549415763458e+01
1.124928963069976362e+01
2.058322455679038399e+01
3.036855175005030105e+01
1.510204971206830749e+01
1.369412992163171339e+01
5.774855189610448747e+00
2.180913216308223923e+01
1.864695081643495911e+01
1.844234688641045494e+01
3.451717831620769061e+00
1.522580307244091102e+01
9.430821387333054417e+00
4.022479168827914009e+00
1.556154645130844472e+01
2.750092724921081810e+01
9.799296813500404824e+00
1.000740102704017431e+01
7.880446215117842712e+00
5.401784586587908166e+00
2.837883592184837767e+00
9.725014708822229181e+00
1.803433733068270328e+01
6.400392378749913291e+00
1.813411195492146533e+01
4.050137199194566051e+00
1.142115833883947573e+01
1.483987562714467856e+01
1.302193671871168590e+01
1.902818835476707449e+01
1.708595288643707022e+01
1.432616881303096079e+01
1.878611037560082053e+01
1.484240592159322603e+01
1.166290136839725733e+01
7.545996141550972425e+00
3.272333733991743543e+00
3.934098530987763098e+01
-8.291804968130399800e+00
1.181530112491455498e+01
1.101982864466158674e+01
5.996001635366638993e+00
4.336633767490539526e+00
1.964194874248974543e+01
1.857114410311118036e+01
1.550459961750448201e+01
3.739630562479675291e+00
9.234093305117937689e+00
-4.251260929023445101e+00
1.862705537640889730e+01
1.072597587120771578e+01
1.758016755163916400e+01
1.000578820598080654e+01
1.669066400776559078e+01
8.342068572191280396e+00
1.904924300861109998e+01
2.235009230061972119e+01
1.257636296635817530e+01
1.909953150852055614e+01
1.309889777224802287e+01
9.049064071735273274e+00
1.291989110709052113e+01
1.303667056643215005e+01
1.709236715089682690e+01
1.017434794329315650e+01
-1.458785022957538047e+01
1.996961931917390842e+01
2.368835375121585685e+01
1.512551556208647696e+01
2.073019728692780461e+01
7.142785054419888979e+00
1.351853110808063718e+01
1.831029441128613655e+01
2.655568743974355073e+01
1.747107699602524633e+01
2.294323205322268677e+01
3.647719296178777881e+00
1.428806412630684974e+01
7.313832987626909699e+00
2.334248025684575367e+01
-4.722805299426354964e+00
1.023043596614752460e+01
7.965534796427803599e+00
1.480977965767828408e+01
-5.277490629563857283e+00
1.478488881243640662e+01
2.077181998139757724e+01
4.843685060768976314e+00
1.701978739029257781e+01
1.889714923468194030e+01
1.724724676914364352e+01
5.652327168920990630e+00
1.269114543652813154e+01
-1.620118910610273133e-01
2.228241379933014343e+01
8.411066274856352720e+00
1.079536211038499971e+01
1.475627384929155994e+01
8.730510450307207293e-01
1.586141630302611816e+01
1.738157764691838736e+01
8.303882519974862930e+00
-3.267708836143839335e+00
1.471777837732057037e+01
2.434822600916177748e+00
1.245022133403584519e+01
1.672615584087478169e+01
1.361112963517932428e+01
3.025727005365808964e+00
1.800869068098763393e+01
2.550861011583691607e+00
-7.001313805074019569e+00
4.510235644132279731e+00
1.530220743126409388e+01
1.578480031768129521e+01
1.447180657888620203e+01
1.752258297578611490e+01
1.614986795696557209e+01
-8.313860566271813468e-01
1.465461662250801567e+01
2.278444853117827051e+01
1.268207704424025906e+01
1.222602845961776552e+01
2.036447064397381723e+01
1.806151162557878820e+01
4.607396872889893302e+00
1.568359287230271804e+01
1.623410776829008029e+01
1.037978038173569928e+01
-9.848058160123542848e-01
1.867562034506854474e+01
1.657421848140931075e+01
4.946986720858276954e+00
1.830703343842527886e+01
1.873661101044062605e+01
1.658142275350825656e+01
1.658395116375619693e+01
2.064915525924096329e+01
1.826314773366912192e+01
-1.288848116949580458e+00
1.640717314065078369e+01
1.936490451654610467e+01
1.082582925353091241e+01
1.200953525535908284e-02
2.074593106249632513e+01
1.003125949781366444e+01
5.014513127723645880e+00
2.292054405052908805e+01
2.019966169299593872e+01
4.476137618834201248e+00
-2.800625113450436743e+00
1.800760293346264262e+01
-4.801370343936213203e-01
9.127766916945219577e+00
2.147569863910936760e+01
1.956687773288853549e+01
1.960996941798551063e+01
2.158530712039222266e+01
1.156125488534840429e+01
1.540531575503538875e+01
1.079489214640405237e+01
1.689596905624706835e+01
1.040017695294443456e+01
9.858834610832616363e+00
1.501340515156999800e+01
7.531571042809346750e+00
1.407839078182379922e+01
1.048776577508544960e+01
3.418508229286061351e+00
1.119938826212244010e+01
1.518126525563060625e+01
1.880779026800903608e+01
1.402324610152544437e+01
7.776793772265165217e+00
1.377893236921389075e+01
5.961533778297990693e+00
1.620756086457307532e+01
1.632519945827237251e+01
3.983103493173274501e-01
9.774019757620692417e+00
1.473019400335462592e+01
1.624471381470135611e+01
1.780186965117580655e+01
-6.095971873148869236e+00
1.141251271562360614e+01
5.529733332167353410e+00
1.514820251579183719e+01
9.208407892927084504e+00
2.780656299848028112e+01
1.222499624635963755e+01
2.051815465997231769e+01
2.077195870949772427e+01
9.555403240709637203e+00
3.353946867727174208e+00
3.190190938834317080e+01
1.917713592037362957e+01
6.513402832609770599e+00
1.680514254020180687e+01
1.116833652208070760e+01
2.237764902500890685e+01
2.243644247807522163e+01
1.623265326504288453e+01
1.562338730037257051e+01
2.105786957808602722e+01
-2.048753334844647611e+00
1.561479420087040637e+01
1.654217975583647160e+01
1.486931914020955503e+01
1.467954394661542494e+01
2.031137147037789248e+01
1.920530632519643177e+01
9.701886483760354452e+00
2.100966408739083136e+01
2.298110576895382451e+00
1.018257185565020961e+01
1.358086325212491374e+01
7.117537666955612963e+00
2.914406835246388994e+01
1.670596430265115373e+01
2.028590170007333882e+01
1.732037794799862240e+01
1.415079247930648876e+01
2.053777104598134429e+01
1.168608346406521292e+01
1.484708100566041367e+01
-1.323367374204664770e+00
9.200756965997030079e+00
1.264779689909082094e+01
1.019334395793333670e+01
2.142053266331525663e+01
1.065707016766658910e+01
1.093084062741421292e+01
2.607931515089987329e+00
1.645058751139539766e+01
6.726509790406964839e+00
9.467582290868634232e+00
1.936006547404972622e+01
1.097731914448220181e+01
6.355214407945638300e+00
6.645195620766756406e+00
5.780232422742813014e+00
1.657841156586042075e+01
7.549880664949924380e+00
-1.271810726327188945e+00
1.607234641628605232e+01
6.056627948277011342e+00
2.387444046456872115e+01
8.168005056002499487e+00
2.027844026774845076e+01
7.875740055877528789e+00
2.259196930242455181e+01
6.563623373452713849e+00
1.822059911916581854e+01
1.803184862458134319e+01
2.088584143473043753e+01
-7.096089647431711001e+00
2.731439363919319874e+01
4.174540764929631109e+00
2.062520653883795774e+01
4.596088416697611478e+00
1.310310713773910152e+01
7.368419072356616084e+00
-1.477232851373813105e+00
1.337736582203574898e+01
1.507865152001741649e+00
1.296501894624515216e+01
5.155288529910336592e+00
2.676787710654267016e+00
-1.221305707481803893e+00
1.497477512096827468e+01
1.331713094350439519e+01
1.726102264173017176e+01
1.352875192348225397e+01
-1.186296023427189539e+00
1.862720825711701877e+01
1.713192566097648495e+01
1.885480205479282745e+00
1.765434507306137135e+01
1.018195515617622959e+01
3.944143251233995784e+00
7.571253102246828348e+00
1.814496586394082556e+01
2.258019187422296881e+01
9.167043981663297814e+00
6.040481392264211991e-01
2.016568947333462347e+01
1.463565684262609068e+01
1.755462440975603045e+01
1.586690342137454479e+01
9.804230747722712636e+00
8.021613998462171935e+00
-5.605981091415465301e+00
1.205110278183802563e+01
1.198696611892729891e+01
1.723534018453318595e+01
1.797577618424999457e+01
6.736299772609868342e+00
3.014119096635923256e+00
1.689026401026617918e+01
1.649351653725774014e+01
1.197579960788689135e+01
1.791506965523746686e+01
1.385407014015970617e+01
1.867939987568234272e+01
-1.863016157500851477e+00
2.225491131313202686e+01
-1.253813656124012255e+01
6.123642404785215376e+00
2.036117438963302106e+00
1.847043095422690584e+01
1.340040284182016705e+01
1.876467372998898497e+01
6.802883246388944372e-01
2.124370157784052537e+01
8.273778380089069628e+00
1.218172187149005481e+01
2.016653332983351277e+01
8.714547119099194106e-01
2.836822104430322611e+01
1.142924742840885699e+01
2.150263734261272930e-01
1.769901374153332085e+01
1.738099593750368399e+01
1.207876968797101824e+01
-1.699070823116102247e+00
5.210345048826184211e+00
3.785706624832741340e+00
1.010709541380987275e+01
1.876440738122467167e+01
1.322953920786981996e+01
1.002709731780321079e+01
1.233712353567040054e+01
1.693499298263580499e+01
1.386732070695060770e+01
8.132986878229161221e+00
5.165130333243396876e+00
8.748886698760358627e+00
2.112448023950209119e+01
1.053630368651441529e+01
9.451448721508654671e+00
-7.620252597018449592e+00
1.758646299488062681e+01
5.112007835750773665e+00
1.242411764252567252e+01
7.864430897239330420e+00
2.397789120081261416e+01
9.877936442239644066e+00
4.372760580359013716e+00
2.130439072595934391e+01
2.421223671944156308e+01
1.874994646457641068e+01
1.276208208405145683e+01
1.027730219268943301e+01
1.478060845629313746e+01
7.294375728130589209e+00
1.470819229961969654e+01
1.728370825169746183e+01
1.091880127229070752e+01
1.915099052222688414e+01
1.102653072293134073e+01
1.551429884120207703e+01
1.672288642449848339e+01
-4.930877994653556584e+00
7.356758263895471828e+00
2.362566124205731910e+01
6.100583529354750567e+00
1.189937112329607771e+01
3.885921140246065875e+01
1.560590173156960248e+01
-9.184942783975515113e+00
2.900114699060591050e+01
2.040546538536022325e+01
2.141839098921906270e+01
2.041250648460328421e+01
1.526911226263942467e+01
1.332323605611232153e+01
1.994413796792515825e+01
1.330977399346650714e+01
1.425995792679168517e+01
1.074518619982056578e+01
3.658594266942060358e+00
1.975284558386599087e+01
1.815395999365092194e+01
2.100781217378312249e+01
1.029268155043607180e+01
7.145647154161864023e+00
8.207658942088983167e+00
9.631643212963027167e+00
4.098360543540366052e+00
5.048214658449779790e+00
7.231831770821457894e+00
1.710085608327857187e+01
9.146266777185076080e+00
1.059619511672178760e+01
1.721539253025039784e+01
1.810704505452603286e+01
1.157877770808308071e+01
1.882576753337433928e+01
2.711767894936087941e+00
1.018278291336866914e+01
1.100719763182554800e+01
5.813910030566447062e+00
1.200926490261235813e+01
1.785031725880023146e+01
1.836195944680810044e+01
8.137369011343395186e+00
7.989100843138373875e+00
-1.423496249795022095e-01
-1.500485209890300098e+00
6.588630956301784636e+00
1.057805643886371172e+01
1.737170210803312642e+01
1.101605776691899052e+01
2.407609500566017857e+01
3.531341778823446020e+00
1.908300383976677495e+01
5.462293560073675280e+00
-3.865644434520902450e+00
1.004344041101171570e+01
4.025423065560133296e+00
-2.307170306886945355e-01
1.711601975036373346e+01
6.938937388329762257e+00
1.561993408051739607e+01
1.455399969516525971e+01
1.747517692608116135e+01
2.187908620192161635e+01
1.608781267727816555e+01
2.027707617705439702e+01
1.903250543718272780e+01
1.627939422737907194e+01
1.384650560159070665e+01
-5.441893740476999142e+00
1.258168886021655197e+01
2.990277691796299564e+01
1.544282574488848780e+01
2.861455348117235076e+01
2.660043555249465896e+01
1.795040574996987459e+01
1.212221130435717242e+01
3.086750704122837163e+01
3.650370537479901145e+00
2.451737812438324937e+01
1.508881780096821501e+01
3.543336615681994317e+00
-2.832459272366492087e-01
1.587575730341158931e+01
1.316010396929115700e+00
4.399983343383723877e+00
1.454745048403270857e+01
1.249045580661173460e+01
8.985289594467701590e+00
-2.106861892549630966e+00
1.833627630033703326e+00
4.121892054005868999e+00
8.836171233069549658e+00
6.687752352063725425e+00
1.329687331541850881e+01
2.207726687175153302e+01
1.434826507515458616e+01
2.481038317134783711e+01
4.526069896276624149e+00
1.700302081810170307e+01
1.065336830889336284e+01
1.426717765635960689e+01
2.109953983407243072e+01
1.873599102882830891e+01
6.637059108589994594e+00
2.744457763282468932e+00
9.198100635692910032e+00
5.727445075748676118e-01
2.407940121478696938e+01
7.193365256492427307e+00
1.371964667396409254e+01
1.043366124574332332e+01
1.535908467061184268e+01
8.159815511455192905e+00
1.955034065965509171e+01
-7.589150335322372598e+00
1.237061305098617936e+01
5.748215697436080518e+00
7.686414475083608977e+00
5.624845761711085856e+00
1.514062538627807442e+01
-2.978256624673093711e+00
2.106564169275766574e+01
2.122329750433306117e+01
1.659937813235396220e+01
1.367705767217563562e+01
8.526307206325753896e-01
6.047831040215996268e+00
1.008122310867449301e+01
4.573922718119547426e-01
2.195831098504528711e+01
1.941627393546914959e+01
3.840917000721944419e+00
2.312955634352788792e+01
7.765978118580420642e+00
1.176287354076832514e+01
2.027928164437998504e+01
2.179288867340827096e+01
1.900818280147290551e+01
8.464913984572234540e+00
1.697625869631769291e+01
7.255410004465829843e-01
-9.102400705484001264e+00
2.451732259924021662e+01
1.446206562305191312e+01
2.006514292808915911e+00
2.111164000899696447e+01
2.378485722292377602e+01
1.025972028015766568e+01
1.202342098794193248e+01
1.700437738826209966e+01
2.552603134107776839e+01
1.656733854544867057e+01
9.420559490064590591e+00
1.198364323912356610e+01
1.047965732244045967e+01
1.309161222394325819e+01
1.301551563195634742e+01
4.675876587338450463e+00
3.442049282235302599e+00
2.191127682074547778e+01
-2.839288597651417945e+00
1.724209147766896422e+01
3.295525535218686741e+00
4.235490703571343829e+00
1.084201435313910622e+01
8.852222688345946722e+00
-7.277885248935021423e+00
9.077943181267329464e+00
2.420786621458412924e+01
4.372166265550148978e+00
2.790764287722569748e+01
1.685871648049654681e+01
1.038888689779855667e+01
1.528042080189119645e+01
2.190270794037921576e+01
1.478680332547391174e+01
2.246317249115480053e+01
2.353161927112111584e+00
2.224721231671442467e+01
2.085946955995144947e+01
1.213043996675040148e+01
1.905263008089453081e+01
-4.084380837437166178e+00
3.400268054427058928e+00
9.131907334988696334e+00
1.251749668233347279e+01
3.598984063170760805e+00
1.066847034828080609e+01
2.358186390869548177e+01
3.109817715266903093e+01
2.933371942883815109e+01
1.247673416881271180e+01
1.234032583214140288e+01
7.609159944620202509e+00
5.681386809038841079e+00
1.085520893406460630e+01
1.152494741591836203e+01
7.140280777278803725e+00
1.924905153398949409e+01
-1.074854814244588397e+00
1.563892828177665706e+01
5.661442912545041395e+00
2.046184719177358602e+01
1.214168691142889145e+01
1.684063808725212397e+01
8.653858113873155844e+00
1.375567910866178067e+01
9.314992424773606672e+00
1.101066447250060776e+01
1.332001182759412927e+01
9.405170188819823807e+00
1.043099934315293353e+01
8.860077177332556175e+00
7.941641805816331612e+00
2.170660208946733860e+01
1.059043007082688348e+01
1.288506793556707208e+01
1.291350278727855994e+01
1.876767792554105085e+00
-1.882115580944216049e+00
1.787515269180208577e+01
1.092588687557609717e+01
2.174637019140976690e+01
1.043824627889982537e+01
8.406576154950940349e+00
1.468117928075386658e+00
2.371806156196984006e+01
2.136358815397022681e+01
8.165595415212081321e+00
1.639320006308931710e+01
8.657299204258990244e+00
1.675796888210125246e+01
1.520027182706852642e+01
1.719096043969631893e+01
1.202923711274711138e+01
9.546310080396651188e+00
1.000073766099092154e+01
9.222877705612560817e+00
2.364871156051784595e+01
1.791656009212154288e+01
7.009507479274361685e+00
2.706078533548284071e+01
1.529917709468179510e+01
1.991430114181612510e+01
-1.560667544285891495e+00
1.298135784053107500e+01
1.338917653860784185e+01
1.225352927613425891e+01
1.654904360916060568e+01
1.002713717974813790e+01
1.721648953750617039e+01
5.291221478037897441e+00
1.799956278940680932e+01
8.222066810113176416e+00
1.333273603178734135e+01
1.112359596328347777e+01
1.213619677751928805e+01
1.649066936900713642e+01
1.165005455736076101e+01
-1.633097042027728207e+00
3.029901928908335407e+01
-6.930406243163446334e+00
9.656436584511453702e+00
1.100047138765849297e+01
2.104162743729797569e+01
1.070720467408953880e+01
2.550892247996915074e+01
6.088017833785826838e+00
1.971144412252721168e+01
6.954485615380065155e+00
7.187229264577297272e-01
1.289016162155716927e+01
1.557189885047974087e+01
3.340186783599207843e+00
1.110195879420928122e+01
9.205467621789594546e+00
9.741069416011214344e+00
2.696153571030644969e+01
1.793428625745006855e+01
3.915515899352477902e+00
1.305371638838413162e+01
1.407567506503943378e+01
7.515830054550264094e+00
2.157301040861536023e+01
1.031555582441325214e+01
4.845752300634813992e+00
3.077630416225719046e+01
1.592600928848916908e+01
-5.868836128835326349e+00
2.451531104009132633e+01
1.034978020354574113e+01
3.578020295409359619e+00
1.935521890783596177e+01
1.324305367799122735e+01
8.813042146107690655e+00
4.665697684806943357e+00
4.416549873617256594e+00
7.332966386938380765e+00
2.100692294543897276e+01
1.034717597616752016e+01
6.061045677265298082e+00
1.998112678364151407e+01
1.882162141113539633e+01
1.013638087234906493e+01
1.671593993949704782e+01
1.434754705831888089e+01
9.607872978209769599e+00
2.707352763668343698e+01
1.840195776705810715e+01
2.120169079813312152e+01
8.923244193112836342e+00
-3.482106537685965009e+00
1.243744455239882996e+01
1.344229959759683624e+01
2.408410100917968322e+01
9.497737732966356816e+00
1.861165685324329644e+01
2.749088497533634268e+00
5.440323211451556062e+00
5.375798026265456997e+00
1.846487415758408446e+01
1.902306738333655289e+01
-2.440031921010699989e+00
1.290327891727918086e+01
1.438017090569917400e+01
1.134256499857897893e+00
1.189897502349263902e+01
9.899903313434464280e+00
1.359561764358177527e+01
-3.862461511648163537e+00
5.468317215284045574e+00
1.231913912878013662e+01
1.602287920922547926e+01
1.366521296663090368e+01
1.913857522405203326e+01
1.065379617177953264e+01
2.233301041031882761e+01
1.633698916302426341e+01
1.207512365917872899e+01
1.939624638449620164e+01
1.199766107552270000e+01
6.745903843899768049e+00
-6.411974935310510659e+00
2.123640725955016251e+01
1.859540195188381517e+01
1.871856352828787351e+01
8.564530520363305754e+00
9.322060324163857103e+00
7.881731762701917887e+00
5.175095320506855501e+00
-6.735116856310497724e+00
1.904234136905356678e+01
6.980420806195098749e+00
1.686434275270812577e+01
5.425496029176159141e+00
6.075307862183933594e+00
1.484909544614241383e+01
1.565455598966303796e+01
1.610577840144082984e+01
-8.146361103536847281e+00
1.776241913642807901e+01
-8.073390835816525168e-01
7.308055509120151783e+00
2.166568103864164385e+01
2.414315573244098800e+01
1.218985641862262526e+01
-3.791463831969892340e+00
7.388333380599121369e+00
7.870136333366389181e+00
7.542964303958427763e+00
1.236386116219686926e+01
5.529784245144497845e-01
1.459022506498018146e+01
-5.921036524594128991e+00
1.733484661740502020e+01
1.492674277125175308e+00
1.815208508347410543e+01
1.028334618524667121e+00
-4.172705307826475973e+00
3.507631527761674306e-01
7.875356355898119887e+00
-4.518030432327336143e+00
1.188476516516914216e+01
1.471264213612505500e+01
1.200128870891678901e+01
2.452545726348054700e+01
1.598009302540368992e+01
9.733288171369295583e+00
2.676609394138407083e+01
2.495673544054517379e+01
4.895579728236484129e+00
1.037701290628355366e+01
7.995281217430928677e+00
-1.543694491723911710e+00
1.418108455093106102e+01
1.324897418935404403e+01
1.045432687128707272e+01
1.339196190570784495e+01
1.642180134080295772e+01
1.651224264042873102e+01
1.259951050665030436e+01
1.851180085579360934e+01
1.240512413049384577e+01
-1.033440886941383496e+01
1.056234197823373222e+01
1.312720800647034025e+01
-1.043680141643319814e+01
7.543381063028775202e+00
-3.820051671858507802e+00
2.593921374306874128e+01
4.687939703758814858e+00
1.914468946990310627e+01
1.138051040879675213e+01
9.915624364077444852e+00
1.423350312388018324e+01
1.894079623166808801e+01
5.619903257183352707e+00
2.691924424953299422e+01
-1.063950943171036556e+00
1.551346506735404773e+01
2.336348196531874066e+01
1.917756824844344266e+01
1.629428267193196689e+01
6.968885589812856551e-01
1.581960011690800627e+01
1.294489205866051407e+01
1.801726977098866200e+01
1.760026048506073693e+01
8.423642161591430977e+00
-7.072566452456676700e+00
-6.184179322007381074e+00
3.682599273211764057e+00
2.215178092082359740e+01
2.754134063220575968e+00
1.501837783893499534e+01
1.080211774032217420e+01
1.611682677718006573e+01
1.422212320598873703e+01
2.398483495437019997e+00
1.775974267878108748e+01
1.169354696005481742e+01
1.337914158468683468e+01
-6.572715766584693142e+00
1.165381966911897393e+01
9.003044385273710759e+00
-9.109466981137430253e+00
2.362480005520992421e+01
1.630525023436976539e+01
-6.137660898751619243e+00
9.132055592481194140e+00
1.766118416905838728e+01
2.055294020931107468e+01
1.762854171430404904e+00
7.133824909502735068e+00
2.250449813456441461e+00
2.008972513206843047e+01
1.184504736054013563e+01
1.360344764561915554e+01
2.138967581265684714e+01
1.950267874309954408e+01
1.070107377714546715e+01
8.395287737999908018e+00
1.867647916668888541e+01
1.985379786643477473e+00
1.115470899031110719e+01
6.695678888040063725e+00
1.685219510068027660e+01
9.023636453192125373e+00
8.298703562891546426e+00
1.904435144795091617e+01
-2.306231454146811188e+00
4.425251102184063257e+00
1.387809721484204317e+01
1.135304095972637128e+01
9.734795263875739124e+00
1.107299607779539485e+01
1.469844473573616028e+01
1.270383030412041592e+01
1.294204093154388602e+01
2.016794040435016200e+00
1.469890315746162912e+01
1.462096504364826899e+01
1.264099101114921098e+01
1.615281466984808389e+01
1.126361514622367110e+01
1.876706505069375197e+01
1.694302550599783785e+01
1.404671531551755947e+01
1.570980301895365017e+01
1.193810750931463360e+01
7.622374651754327601e+00
1.065742327843878456e+00
2.250501249627035349e+01
1.563332629869250923e+01
5.908213520396344620e+00
-6.711293594795947115e+00
2.594093669755693554e+01
-6.176555840463748837e-01
9.361729104741257856e+00
5.054791984931824800e+00
6.790872527894549648e+00
-9.700924045425409759e-01
-8.727026834089969043e+00
1.543152803138416118e+01
1.839359354227306653e+01
2.414849764957003231e+01
-3.369648293801617456e+00
1.081273009272341312e+01
1.691889696101405605e+01
1.830177218003775863e+01
5.843897136309209372e+00
1.808800557684656951e+01
1.231351249165211925e+01
9.571459293228855358e+00
2.666844307748041132e+01
1.720479211368903805e+01
3.482375047096866183e+00
6.235227683455818237e+00
2.888811217768892448e+01
7.573127465244631651e+00
5.115953631331564111e+00
1.122250570082044874e+00
-7.208204873576846694e+00
1.683478469595537774e+01
7.131272352850544394e+00
4.412141693222054073e+00
7.505977919025227152e+00
1.306116657300688644e+01
9.226810248887815646e+00
1.660490554286405995e+01
1.206329224150368873e+01
1.861973081067294800e+01
2.174168692986746976e+01
9.098659893030500712e+00
1.313418104773525386e+01
2.782850060930533687e+01
1.680046756592923884e+01
2.886456387109907951e+01
3.959665834025543063e+00
7.821620501697736927e+00
1.368684348899884640e+01
5.916474683391683698e+00
1.686862826060838216e+01
1.136221995193920975e+00
7.751624256466826068e+00
-4.831542127749273163e+00
1.737748060569214203e+01
-8.741331237812190125e+00
7.460895936182950550e+00
6.680630970548065761e+00
2.082209876971928253e+01
2.259426948014283454e+01
1.347985997067102915e+01
1.311061577995319283e+01
2.893073031953804275e+00
1.100611943483829691e+01
1.623722457446085343e+01
1.127573345779060077e+01
2.843368686709320770e+01
8.400556848192593407e+00
1.566350728011507698e+01
5.249770673321236814e+00
1.774828976050022789e+01
1.613736163461447859e+01
1.139567117951098396e+01
1.264783654527231249e+01
2.062464080244754427e+01
9.742672374807341384e+00
1.471716309008566270e+01
1.683362370586307577e+01
7.488247423633367816e+00
4.719559879656273438e+00
2.159732310965343771e+01
2.516339207780772824e+01
-1.328940820633135900e+00
3.093652309364472330e+00
1.296548985129014397e+01
-6.640524362440828554e+00
2.889658729851930730e+00
2.246249656391096750e+01
9.764456658930157573e+00
1.020859105445268256e+01
1.432620848676914704e+01
1.809358951217589606e+00
1.433640450299141378e+01
3.462042243646692441e+00
4.190492660062062669e+00
1.646981992309630982e+01
-5.149622562200676157e+00
1.766244848548839030e+01
2.692698943510304588e+01
5.219585734335083771e+00
2.186288470320832289e+00
1.463166733306593414e+01
5.753269705210811935e+00
3.167916670303441151e-01
2.000171516856147491e+01
8.315232276135034795e+00
1.435731201788090061e+01
2.676939403015137486e+01
6.082944097380817539e+00
6.372114157732937656e+00
2.343398439659031851e+01
2.038857469300605629e+01
1.219734930693616093e+01
1.087356559554834234e+01
9.096503213271972754e+00
2.255409396372200348e+01
5.955205030240961150e+00
1.092898308223081472e+01
1.046070405882531418e+00
2.267506393598395675e+01
1.010560101466282390e+01
5.546389539572885496e+00
3.744040950702668624e+00
1.909176455326360156e-01
8.351440493879067617e+00
7.565399750929785228e+00
2.584925540525546239e+00
-2.753499244568700988e+00
1.754600520867298741e+01
1.448919739129117090e+01
7.256011786529533936e+00
2.457757811965237238e+01
1.215895757843729541e+01
7.874322405567141914e+00
2.009065252622185938e+01
1.981356311467909848e+01
1.006682325540376155e+01
5.599125225475205525e+00
-3.980333835020076094e+00
9.815990545169242409e+00
1.276000404293762358e+01
1.926400549641375193e+01
4.694025327803686309e+00
8.798306719049328706e+00
1.651274894489615974e+01
1.474638643316843911e+01
8.434129196538719953e+00
1.576437042634964314e+00
1.505283957744946122e+01
3.312658636886240515e+00
1.247581252377707983e+01
-1.363140801180222184e+00
1.491713855217525975e+01
-8.604690908629208934e-02
7.100136057199051720e+00
-5.882140558260758212e+00
9.206231126399018194e+00
1.632971370165662961e+00
1.670653173623472298e+01
2.096184426119407362e-01
7.715721199383438034e+00
9.333308476511547269e+00
7.870660281813144366e+00
2.203344709490060183e+01
1.581552190146679493e+01
7.444032267608520215e+00
2.687140867405272360e+01
5.615302125691798096e+00
-4.748976559888404836e+00
1.482186622371369822e+01
2.092513716775886934e+01
1.449587655850234569e+01
2.020169140081006276e+01
2.095497711016280107e+01
1.996873151233558019e-02
2.025612632897404808e+01
1.911476683612981731e+01
1.244691380733212327e+01
1.430174433338927997e+01
1.007075534254117599e+01
5.065993027715705921e+00
1.941833873025213109e+01
1.266372466398891561e+00
1.900963982403028041e+01
1.523011479301621307e+01
2.447001657983416578e+01
1.799790920613654777e+01
2.481992307679097109e+01
1.103627710185278943e+00
1.301274539932447993e+01
-7.935617316027133938e+00
1.695816392964449904e+01
1.102805135794787361e+01
1.128815882592387254e+01
1.788727102324874352e+01
1.793943467207219555e+01
1.542938553610591157e+01
1.044818529823224651e+01
8.671118084666389336e+00
1.752792311597929142e+01
1.562483275565012519e+01
1.046640424987000983e+01
1.479429230115665916e+01
1.730590474685445201e+01
2.262212126145553270e+01
2.053465796636836416e+01
1.261537405876050855e+01
1.763664428162069697e+01
1.609392537991926986e+01
1.476567773784164217e+01
3.275719825508572569e+01
9.697391724506715605e+00
7.856060565476695956e+00
2.190531608325748891e+01
2.190644100005610539e+01
9.063553835437261341e+00
1.867211065008296345e+01
8.792985940651718124e+00
6.673302749040601611e-01
2.896280685765627538e+01
1.576421377145244662e+01
-9.088896966487340023e+00
1.797736650010225645e+01
4.230095335342298313e+00
9.239529955961700125e+00
9.605589472460991374e+00
3.492145866690876232e+00
1.598036439531534825e+01
6.869088331349189502e+00
1.963011219445813538e+01
1.085308233636877162e+01
1.733415483509904931e+01
9.630356883051661043e+00
2.086365467027095377e+01
8.769952802519355828e+00
1.022791655690980406e+00
1.565372656235632576e+01
1.871338646132539907e+01
1.733463785071742791e+01
1.036985833180517602e+01
1.728584555672691181e+01
1.173875015468999550e+01
5.686915298935289798e+00
2.405901432101985904e+01
1.404237874248562434e+01
1.332728284863398471e+01
1.847585670291606874e+01
2.380437175824667406e+01
2.543225830414174027e+01
1.410560369397414604e+01
1.848050084173408436e+01
2.288008552027144304e+01
6.468330839659586218e+00
1.627233791528279028e+01
8.015040235919826728e+00
2.164233654184921818e+01
4.511358489697428809e+00
1.540876876118274197e+01
2.434138557214599530e+01
1.278101298945101405e+01
1.888687953655143303e+01
9.230702581512957750e+00
1.157826874589214583e+01
9.764848026246895074e+00
3.570424921081922776e+00
2.755672115981347758e+01
1.569337599610103950e+01
9.371528084798256941e+00
1.104989890531932417e+01
1.381696070610151139e+01
1.522569532842068440e+01
1.325851072740922376e+01
6.460202043708861197e+00
2.256781707401018622e+01
6.933825579237407055e-02
1.478112040607670963e+01
1.309284909138796138e+00
8.602504795048432129e+00
1.934390384331752699e+01
2.176130526819462574e+01
2.323758740813904211e+01
2.219820999292669228e+01
1.186936457535973943e+01
8.152851141450767614e+00
9.046695682113934822e+00
1.596377506915962385e+01
1.093007169787937016e+01
1.814989438727830873e+01
1.832919568355205797e+01
1.274201204192306136e+01
1.736015603681527608e+01
1.313205958617174929e+01
4.885909837700623370e+00
1.399933979233637871e+01
1.845539294118920992e+01
1.718981676676534676e+01
3.117363192547982464e+01
4.244642273811152222e+00
1.904236530447223430e+01
9.670019374545475443e+00
1.691825831987630835e+01
1.569800324461100161e+01
2.150193536219217094e+01
7.934251183806367180e+00
1.522001320431395754e+01
1.711845255250621989e+01
5.185013084927120985e+00
1.500205856263708881e+01
1.768965545845527032e+01
1.445072671321135260e+01
1.470938259253608038e+01
8.327701381631840150e+00
3.721335940781344220e+00
8.497981471899564099e+00
9.705784312701126737e-01
8.756539308144795086e+00
8.904629949718326998e+00
1.146963496436986674e+01
9.570865044141839917e+00
2.273234155490897024e+00
8.282503311008028390e+00
1.211639973077865307e+01
1.003716731440914600e+01
1.174631252045271879e+01
9.513149038891640430e+00
6.506367835133048061e+00
2.050428191778875231e+01
1.256546038333671333e+01
1.695794014354004275e+01
9.051472595439307156e+00
1.792402797982408913e+01
1.185782905322280101e+01
5.358251275209710229e+00
7.830231039356263523e+00
1.196535308018677313e+01
1.148373821396035055e+01
1.624756645391995846e+01
2.907152668845711929e+01
1.793215708773185924e+01
1.402597804728516451e+01
2.579077021841265349e+01
1.964862241539001531e+01
1.862001072811291635e+01
2.110657765787365747e+01
1.362050558659133515e+01
2.122269936571391469e+01
2.060402166596202278e+01
1.203846066734129749e+01
1.629066063139060105e+01
2.035777178744280036e+01
8.125860487179878078e+00
1.642382833019725297e+01
1.035914044982966686e+01
1.066335229234925919e+01
1.499859641991879755e+01
1.399731604193691226e+01
1.955012644114959386e+01
7.003477743338436312e+00
1.400047974094637482e+01
1.422513535782945837e+01
1.927751725215490808e+01
1.842617715317452110e+01
1.439394827088963780e+01
2.144860555782456402e+01
9.945223586692065965e+00
1.538005265873101735e+01
5.306719479117219862e+00
1.091280262448331939e+01
6.759872491825106522e+00
1.186926577705366981e+01
5.330716503633340153e+00
2.621832831054319968e+00
2.204905990870032895e+01
2.114910240655396478e+01
1.374773806478940230e+01
7.037661993213390588e+00
9.248538857125140566e+00
1.022369298512379032e+01
1.653177909593709671e+01
2.065413402111236252e+01
1.464962916626970468e+01
1.520320233250651398e+01
1.493796047954322148e+01
-2.517996119545045985e+00
1.909887915910811529e+01
9.755792871336382177e+00
7.991957760869922822e+00
2.979699276197382574e+01
1.115348978514833789e+01
2.072561178423100614e+00
1.803343458255179144e+01
1.544542502639692572e+01
2.406100500371851325e+01
1.561714667883538255e+01
1.824852539668015794e+01
8.225377261230534032e+00
1.509037170137676753e+01
7.223829752288494888e+00
1.834306753758907860e+01
2.736932131761189879e+01
1.203067894198572674e+01
1.358566806977316332e+01
9.005454605016197434e+00
1.485405132938894468e+01
1.102002019054062032e+01
1.566427799598440629e+01
1.680205435765612521e+01
1.105235123749980630e+01
1.319554777574164461e+01
2.014448842265054651e+01
1.961143213975880428e+01
2.713360432843916215e+01
2.927058872814828305e+01
1.354852495695583059e+01
1.316039840771412628e+01
2.001050231343793939e+01
1.911626369945351911e+01
1.483071324768890520e+01
1.467210788818707812e+01
1.751428431262857544e+01
5.393099670221516817e+00
1.750556272809272684e+01
1.480697897349612902e+01
6.723221668253451355e+00
4.251944604119287874e+00
1.940005430013749788e+01
2.083498893267797314e+01
1.477865577181393064e+01
1.542189195258663403e+01
1.683491914732272221e+01
8.444863973474795671e+00
1.704569736256888746e+01
1.708989343876590539e+01
8.622422856065391272e+00
1.233188725982966361e+01
2.116628455652338658e+01
1.868740425173528052e+01
4.860532006320042342e+00
2.168152470303962787e+01
1.585304119558510649e+01
1.509366417467929011e+01
2.341500849766019599e+01
3.101883792298906428e+00
1.102087277836817236e+01
1.658250972292579206e+01
7.416018809671683698e+00
-1.547035574044457462e-01
1.668871781538027221e+01
1.057437423343061766e+01
1.608658792201447341e+01
1.484815125722131768e+01
1.486829667756924067e+01
1.131549203786950386e+01
1.374154883965628926e+01
1.073611498053558932e+01
3.769743231078251711e+00
1.035147414816364630e+01
1.467798620676174437e+01
1.967180295819154878e+01
1.381660052665252891e+01
1.248383469447866645e+01
1.870466901757258427e+01
1.944395375780634794e+01
6.610673024094083416e+00
9.324858785919062143e+00
2.216909937598813940e+01
8.157574608996284837e+00
7.984284433453822771e+00
1.015641475318535925e+01
1.825483064033487324e+01
-2.024870468420090219e-01
5.229481725315849872e+00
5.209067676602714414e+00
3.020098382970790141e+01
5.963821477108680824e+00
9.647103359916641807e+00
1.262880174114408760e+01
7.554064119057102289e-01
4.875301848718663678e+00
6.512925822554450406e+00
1.031574640575456669e+01
1.534078535066011284e+01
-2.956314033895282023e+00
1.100263875374716349e+01
8.700381491359436836e+00
1.271508465598148518e+01
1.407089070791664653e+01
1.740431385746045123e+01
1.260544278384487882e+01
1.650926364780482913e+01
3.562781637189530670e+00
1.023918749134342931e+01
-6.967710171955218357e+00
9.335157377107208276e-01
1.016985441001344270e+01
2.298049715435291063e+01
1.458176211966538460e+00
-2.654083846710676653e+00
1.714439480005258787e+01
6.101083703032358585e+00
2.105747758834171890e+01
2.223365392497640869e+00
9.048441919691356361e+00
1.569368951882273677e+01
1.126000822648801147e+01
1.665939633080857618e+01
2.788846781790929441e+01
5.517335986249833013e+00
1.615063376233046455e+01
1.291371615398723804e+01
1.199328168815829088e+01
5.170336161838292810e+00
7.252186861982110599e+00
8.736990340841643388e+00
6.831267633221699498e+00
1.531719003060640460e+01
6.434746257867089980e-01
2.610049522338679395e+01
7.979095438157884246e+00
1.054868884775623883e+01
1.054943430737417032e+01
9.941412479421558146e+00
1.843537218703313840e+01
1.514292707208113598e-01
1.151294396468921377e+01
1.364978715430561351e+01
8.077198238327170543e+00
9.043531445224147092e+00
8.745453252536009359e+00
1.889993204913544389e+01
-3.043914609078115063e+00
6.852396506229482043e+00
1.268144437756080123e+01
1.266674738518167942e+01
-8.366354006606513849e+00
5.055629220895411891e+00
1.661122358960325585e+01
1.609578906674063603e+01
-6.683251969176282614e+00
1.101853524740160140e+01
8.001727356578399508e+00
6.012644549440068431e+00
1.829356694890800838e+01
5.834988805156342551e-01
-5.653496545577823440e+00
1.209027280193481602e+01
1.396136196289087650e+01
5.016583032049027224e+00
1.482979102830249474e+01
1.940558788612564456e+01
1.207405625874865507e+01
9.823650775008630376e+00
6.233545317593197410e+00
4.229554485187833279e+00
1.206159263406757276e+01
1.682710415859793329e+01
1.971802951022269212e+01
2.387548329996035790e+01
1.166796309166508649e+01
2.606856232254528294e+01
9.793828809324665485e+00
9.835170047806144566e+00
3.184037982101528996e+00
9.039365449232420247e+00
1.399501812857421612e+01
4.715874389636780961e+00
2.791120087408268091e+01
9.329580080310648782e-01
9.035680101940997133e+00
1.510091589542592772e+01
2.322747171165907787e+01
6.309065013687046530e+00
1.665810081781479823e+01
1.088966086905010400e+01
1.104298628839359253e+00
1.516866243754531496e+01
2.609173202540652881e+01
-3.379653173845483138e+00
1.329730031358798215e+01
2.628485104336135691e+00
5.121135347337229859e+00
2.067788627068921414e+00
5.723770353195760663e-01
1.397205135515308427e+01
2.599333476804886800e+00
-3.062816254247024972e+00
1.099700196629351723e+01
7.931466635541497112e+00
1.440956637291860432e+01
1.342967380917264109e+01
9.201484007677322552e+00
1.562921652589190558e+01
-9.866447482894741938e+00
-3.353034096029716693e-01
3.185038253367849848e+00
3.032707380379079609e+00
-3.468366192081688837e+00
2.001445939590553280e+00
1.098552516552440750e+01
1.306241232849993139e+01
1.033403884098063941e+01
-1.887792822160747619e-01
1.532631148646763819e+01
2.160190417521414474e+01
8.146161042985283984e+00
5.928115755671683473e-01
8.215226531188932313e+00
1.451796684558844674e+01
2.187770826627732390e+01
4.107909791856343418e-01
1.834711312082262680e+01
-2.292405640515099208e+00
6.645814752083524013e+00
2.130283783185952728e+01
9.146226086574131386e+00
1.712594496282423506e+01
1.188350332599968340e+01
1.694814074738876286e+01
1.180404689045602140e+01
5.186090843705130737e+00
4.364828587263417603e+00
7.147136636071152793e+00
1.179684719717184294e+01
3.810475547398056051e+00
6.792366871667297801e+00
2.586727762050102086e+01
-3.741594687115679108e-01
1.262128595296188394e+01
1.764574675884188082e+01
5.802793277975837327e+00
5.986302209418838061e+00
-3.945634216009352713e+00
1.562960603333442577e+01
1.224657940919139776e+01
1.630469664316167666e+01
6.931071939770134804e+00
1.381873921892615442e+01
-2.931524432730881813e+00
1.415698249416158205e+01
1.557688274381841609e+01
2.102664904514331567e+01
1.335681120764506602e+01
-1.527797648695951693e+00
1.117797426767087643e+01
5.897701084291554707e+00
1.651536768894916207e+01
1.767824035641440616e+01
1.981254977736243461e+01
9.959505036769954245e+00
7.749449567606674805e+00
2.303518599768641195e+01
2.234587528209218021e+00
3.413422056648769853e+00
1.702558127797756526e+01
8.146757942463551672e-01
5.486695413556937240e+00
8.224583855326116577e+00
1.925129377161574951e+01
6.261817690259832148e+00
1.036395775083180126e+01
3.359549387807831522e+00
2.619430653819046029e+01
4.244846611392674163e+00
7.184780273705982268e+00
-1.352453094105776188e+00
7.080937083321941827e+00
2.131084675159470976e+01
9.015379057659288264e+00
1.740034235719507194e+01
1.325759000820835354e+01
1.200107166173517470e+01
5.821203570617996093e+00
1.565611912636082792e+01
3.101359322297965804e+01
8.770400105261728640e-01
1.241574121383789020e+01
1.178997388930838497e+01
-2.528875430160653082e+00
1.854665949939075631e+01
2.623582441817781330e+01
2.329027746521262543e+00
1.116075959017152286e+01
2.175970120374050509e+01
2.996854038204085668e+01
1.206905218571423433e+01
1.498625340657160621e+01
8.477429957889071943e+00
1.988550815714310716e+01
1.396859655580956883e+01
1.296322229774619217e+01
2.684826682054313807e+01
2.422936214302413305e+01
1.605009926101966045e+01
2.116498235271458839e+01
-8.932880636374278538e-01
1.357792339355458466e+01
2.031664141554811920e+01
-5.052690731925650880e-01
9.098129274174198144e+00
2.484045174648542798e+00
1.207133989563469356e+01
1.323275723887887523e+01
1.336750790050527371e+01
1.049350172927232450e+01
1.614829402239620748e+01
-3.743007186443776391e-01
-6.757856132234110191e-01
7.161602790237239446e+00
1.434420033980936893e+01
1.208324746062771737e+01
1.124097158396216400e+01
2.099084474855799698e+01
-4.087043232576945684e+00
1.253930215687367422e+01
5.916855822897190365e+00
1.441781380823124437e+01
1.898125258258072279e+01
1.854258550526288474e+01
1.659712267895133664e+01
2.078223996109471727e+01
3.639097336296728713e+00
3.033801409936671689e-01
1.267077797067814515e+01
7.141166689051871685e+00
1.744768483424073224e+01
3.312077723374074623e+01
1.156753811040013602e+01
1.440913764278475639e+01
9.608690542804509960e+00
6.146443791999715245e+00
1.248646496109385851e+01
4.594815440261541539e+00
1.238755206767656603e+01
1.193136272540345999e+01
1.587632496628941681e+00
8.198534398897606934e+00
1.466772750584831897e+01
1.470180638310604593e+01
4.756687227295500975e+00
1.060994107159632449e+01
-4.372542522981021307e+00
2.626218157632138173e+00
9.861966613994894715e-01
1.941679804836928724e+01
9.020612848378334547e+00
1.609912256000249897e+01
7.192281418703302620e+00
5.448659180357694254e+00
9.102842341025109363e+00
3.553986786576089685e+00
1.499519546888147659e+01
-1.414361584666409044e+00
5.659916878165176968e+00
1.466766496616980930e+01
2.141835503311701672e+01
1.590437039931427421e+01
2.194989595182288156e+01
1.888481141159914500e+00
1.746710535475781967e+01
2.132105868172994434e+01
1.886303151328007743e+00
2.436220085463784812e+01
5.030241136695806858e+00
1.446476171008325196e+01
2.874647010029010374e+01
1.583687513193629570e+01
2.126184289420180562e+00
1.655070512698017637e+00
4.343176575191677102e+00
8.571613739529439613e+00
7.395824009754448980e+00
1.357514930091795691e+00
1.939978648603508304e+01
1.069003974306559712e+01
1.097178083886127808e+01
-1.452238581989476529e+00
9.179415663018502869e+00
1.242792681705500968e+01
1.637737971507277734e+00
-4.972435642442292192e+00
-4.897942357265890223e+00
2.634128800899321732e+01
5.541082776367616702e+00
3.397677299531565609e+00
1.354823406101800742e+00
1.917706662221905134e+01
-3.849556447649646884e+00
1.041794883565265195e+01
8.707912364172372577e+00
1.689922590250651524e+01
1.489284285441530642e+01
1.238043188673314887e+01
8.034576593843780756e+00
1.048750540396956410e+01
-5.329774364305848167e-01
1.085350189623930817e+01
1.652600204247403326e+01
2.129914313496707479e+01
9.562561507046837050e+00
8.617593222493098892e+00
2.473046530969443779e+01
4.085699998681150191e+00
1.177474503735308531e+01
1.111369226500410434e+01
7.560557949659639121e+00
4.068584430674476948e+00
1.490144704864839298e+01
6.507457460243585956e+00
1.415009532444432239e+01
9.386430698240829429e+00
1.216143123459772823e+00
8.107865916235653003e+00
1.700706560049611937e+01
1.633505539252078620e+01
1.018049184742184821e+01
1.701648229325874695e+01
9.770355826237818064e+00
1.346239874858251540e+01
9.630536125253470914e+00
8.785862364781053202e+00
1.670954651823615222e+01
1.274966607654923934e+01
2.699551626761722645e+01
-3.047214156011335717e+00
1.706851024607625789e+01
1.166296771677264132e+01
1.973172658089272602e+01
1.207819365952290980e+01
1.608960522309374142e+01
6.252232477525964782e+00
8.736724681572127338e+00
2.209544747547518284e+01
2.590525218868649659e+01
9.229942543551118206e+00
1.376725835278223542e+01
2.096581690691061794e+01
1.002461224429126219e+01
3.401287313040185722e+00
1.794492533471702700e+01
1.068686657665185180e+01
1.038601533386636788e+01
1.071094966052626773e+00
6.409695947568565089e+00
1.735528449025832032e+01
9.968420494131507326e+00
3.448869468360257429e+00
6.812534869199126319e+00
1.303777410149440641e+01
2.367264678986771287e-01
1.634646565222845993e+01
2.288468157453844753e+01
2.575712924286676753e+00
5.244837368309561043e+00
2.382944256328926258e+00
1.196732870465933729e+01
9.573355434139472209e+00
1.682449437479196774e+01
1.460920671386436709e+01
9.562168719901407599e+00
1.257985879089110881e+01
1.589184057670804862e+01
2.871796513270203377e+01
8.536473412731766075e+00
1.106740791861042794e+00
2.320284682761599981e+01
1.772421568233329481e+01
2.165963985295807959e+01
2.011963343432289264e+01
1.716624526130246409e+00
1.691425720039394776e+01
1.841663831992584477e+01
3.884056268076420793e+00
1.687816538703647495e+01
8.607564550283228755e+00
2.443832935884530144e+01
2.372267357580086156e+01
1.296586024957052530e+01
8.060766387791900911e+00
1.786274726627183185e+01
1.836437554587524801e+01
4.830972013753779493e+00
1.488660467286808853e+01
2.517454635984563538e+00
2.709601667537070568e+01
-2.922456614913926387e-02
1.830960247552351916e+01
4.554063588085384140e+00
5.483847203636599943e+00
1.867754032226520877e+01
1.101199069440657752e+01
1.027999343597664961e+01
2.213500710595902632e+01
2.382461050817133952e+01
2.076675553260529483e+01
5.537388056956658033e+00
3.800511190705066156e+00
8.892474447067158394e+00
1.168493964946435426e+01
1.768918219340194753e+01
4.756897887097721878e+00
7.194370778797704702e+00
3.848290036264657488e+00
2.360738870262907341e+01
1.480406328844934194e+01
7.987917245649683196e+00
1.043261818226807236e+01
1.273218232942626571e+01
1.133794080351184164e+01
1.183520241184922384e+01
2.028180322537202329e+01
1.796611519054155792e+01
8.118773470307047546e+00
1.957697650600978534e+01
1.375546847872391254e+01
4.125201887858054306e+00
1.730842687311643857e+01
1.207345394365840718e+01
1.278721027414890443e+01
1.567458117796789452e+00
8.779834335520959598e+00
1.438327108954261746e+01
-2.569139020129384221e+00
2.039279470397372052e+01
1.918905644526385856e+01
1.421652634399326587e+01
2.964014998744772811e+00
1.343110293322051518e+01
1.940566670115854464e+01
1.701317203365850617e+01
1.408398243364996461e+01
1.698558695629157000e+01
9.718213161917503840e-01
2.381333697096946622e+01
1.807794674541375457e+01
1.560354135870838377e+00
2.169907324040984520e+01
1.557553979207443717e+01
8.669304325520201360e+00
2.248612852957658959e+01
6.866589403003189318e-01
7.351790827609690382e+00
1.965521549773222887e+01
2.050181427660101008e+01
2.288404026119589219e+01
2.110624667710740709e+01
1.802309206092856897e+01
1.821121537908373966e+01
1.588442952631645255e+01
5.490611934406004480e+00
2.161752489081776929e+01
1.560568604085514721e+01
1.114901220259372394e+01
1.619686787403682615e+01
2.589591053163746182e+01
1.755073360531973492e+01
1.177956327387968116e+01
4.597126839978642465e+00
1.976597514392874189e+01
2.868572903759294945e+01
1.031835363776049519e+01
2.631646864804240238e+01
2.219595252591909684e+01
2.652630440273480872e+01
6.630330190615168817e+00
1.544283042790547711e+01
1.037490588695452232e+01
1.038882062031242981e+01
1.693445055599757154e+01
4.817331957923855157e+00
3.684059196731936936e-01
1.611503287597856371e+01
6.986057089072730264e+00
1.974433671463511075e+01
7.643681478228856463e+00
6.172200638771187187e+00
4.142590551419402800e+00
2.460289670012283381e+01
2.713349961518071041e+01
1.920508352365763471e+01
1.703628377889678802e+01
1.160917101818289154e+01
-6.622468808393577433e+00
2.096554496017791536e+01
1.142231615165880498e+01
6.097969454113268739e+00
1.321946818424257231e+01
-9.546929484404117261e+00
1.253799619451235969e+01
2.139172338029953835e+01
2.596400907077094899e+01
1.123676796804964795e+01
2.002428693734469789e+01
1.648776531633151876e+01
1.267010483726674153e+01
1.044640185812298938e+01
7.865324073943014582e+00
2.467135431466756756e+01
1.061150445189021241e+01
1.249819379625544968e+01
2.374338124355374902e+01
1.267244979474654087e+01
1.456566039900755527e+01
1.057065415092604610e+01
1.196100969512275469e+01
1.105393804198621410e+01
1.213190232313529293e+01
1.766892251585083073e+01
9.810132360915119420e+00
-3.696657859738223806e-01
1.264699697507028020e+01
1.176638175372062278e-01
1.037864457113271044e+01
2.110609518763482129e+01
8.912597447080116808e+00
-2.073230925876785591e+00
1.087707316400901902e+01
-7.448459442428728039e+00
1.969519694697335410e+01
1.510746804856644587e+01
1.077032074081105861e+01
1.512943032156881173e+01
6.716386344404099873e+00
1.329284751763351125e+01
1.971072283796345204e+01
1.414536917257581194e+01
1.648742211679512337e+01
-1.378299092561434236e+00
1.090302759629578588e+01
1.066980948611846713e+01
1.141319932948483284e+01
1.015718788717441612e+01
2.476181996806772645e+00
1.232957833248152468e+01
-4.553399235732925376e+00
1.184959048155116079e+01
7.542773356767042969e-01
1.656391783169908649e+01
5.697902309608934956e+00
1.228394129820976843e+01
1.950222123680247677e+01
1.876208721226228704e+01
5.736969095538782426e+00
-3.404213151628567857e-01
7.810849222882112031e+00
1.721465059843873036e+01
1.399552334426277866e+01
1.124037430806659188e+01
1.122292572050133685e+01
6.179834872441048788e+00
1.092371330742362545e+01
5.577865646981877035e+00
1.083961250192157877e+01
2.860780282626674875e+01
1.473191942755114070e+01
8.215520155821707249e-01
2.052746142088385284e+01
1.557125134930255683e+01
-7.521670431626276354e+00
9.983261039705581652e+00
2.466118026418087084e+00
3.212491786345353262e+00
3.638850843572271287e+00
-3.367246257990501590e-01
9.471225706853559245e+00
8.547283591248742596e+00
1.344583170475964096e+01
1.808595245453320643e+01
2.092635109775210367e+01
3.177970274371217130e+01
1.606664122208999856e+01
7.872662790202475946e+00
2.459220833127887573e+01
1.247450268400062612e+01
7.505946163817498018e+00
2.963952470975324616e+01
1.605362585189628533e+01
1.659374443767644891e+01
9.877898612867994643e+00
1.157623035244769483e+01
1.444386949412660215e+00
-8.101621379206477513e+00
1.551870948805411388e+01
2.551546641670421423e+01
1.516299198918790125e+01
1.209043253916875926e+01
2.467942804521328526e+00
1.677749254578770888e-01
2.660944697177792762e+01
7.646729384765720283e+00
1.516958850443245410e+01
7.222126795375984898e+00
1.803382846093711578e+00
5.631928016399925241e+00
8.984599524576196927e+00
1.193813272206949705e+01
1.173628284243825703e+01
2.474140734148335241e+00
-2.340450710963139613e+00
2.191422454688748189e+01
6.909128536048797287e+00
8.451617028551936528e+00
3.781746257227041497e+00
8.722650270738142808e+00
1.727292819894028497e+01
1.397913648377340223e+01
3.812318514405376391e+00
1.604792162294263846e+01
1.484670824193108984e+01
-3.711643252891377642e+00
1.542306926265420941e+01
7.231201051060835994e+00
2.227174017958304120e+01
6.457035810911321505e+00
1.283089268180941644e+01
1.669913272327365661e+01
1.441857851043494065e+01
1.081104504886170048e+01
1.162732494556563267e+01
8.685378394978457095e+00
7.542730324899011407e+00
7.050026788637282493e+00
2.583896999057454025e+01
1.215012195820976615e+01
1.717492322797340876e+01
2.051499485605864948e+01
9.346208980345664941e-01
7.325781258657634964e+00
3.098981626448562565e+00
1.086539313076782776e+01
1.557686351806623293e+00
7.131670900763339205e+00
9.130414636185435029e+00
3.500494539953635353e+00
8.641754854586935153e+00
2.548303356666401953e+01
1.674802695421092125e+01
2.092143460211275396e+00
2.576433322062673170e+01
2.078979034389109160e+01
5.758504060330892571e+00
2.382774933523235461e+01
8.229291799944917329e+00
1.276820591914670899e+01
1.241339128382581691e+01
2.413065339436130330e+00
2.192026735326881948e+01
1.686088455205922543e+01
1.699259172345942659e+01
-1.825511681638715800e+00
1.694047349267271585e+01
2.530660652890423989e+01
1.010236048787218976e+01
1.859517693812713901e+01
1.378341188983410603e+01
6.012390528578578142e+00
2.628221637905316754e+01
-3.428122089395785110e+00
2.463641703054315713e+01
1.060499289707066595e+01
2.722866010675545567e+00
1.841144679586983557e+01
1.843124191346861096e+01
6.576682954243196377e+00
1.806763626178894100e+01
6.415660541444978548e+00
-8.448764621168876943e+00
1.425663161378687960e+01
2.094404316486611606e+01
-2.744033605926716746e+00
-2.740312535862159393e-01
1.109233445395834394e+01
2.149548537673736348e+01
7.282015623497272827e+00
4.324236463894720828e+00
1.430686160641029403e+01
5.446362516669438492e+00
1.790251880676756002e+01
1.371761917278589493e+01
-4.761623538009388312e+00
1.222188893710095670e+01
1.411857878462330973e+01
-3.550439745499389232e+00
9.049477095708908791e-01
1.648978339071709343e+01
1.459063854689227924e+01
2.486588634600764181e+00
8.219442399371885699e+00
5.173153248993259012e+00
1.148387643775316747e+01
1.206888019660116385e+01
-2.690786008565339671e+00
-1.778377022847124067e+00
4.399151282909940619e+00
2.009989590676349991e+01
4.381550670177446705e+00
8.281869267252588429e+00
1.346375243091365803e+01
9.507987844974465474e+00
1.688656883071101333e+01
4.938500993978067299e+00
1.377735636211971837e+01
-2.449781843419827965e+00
8.970568928941830222e+00
4.775026074094256501e+00
1.318552366472580673e+01
4.580598959288280980e+00
4.874555263903772584e+00
6.576557240087012701e+00
2.288948751640970158e+01
3.286210090373862869e+01
7.181091512580820790e+00
7.454958645525366023e+00
1.340362084406375232e+01
1.007311268487451628e+01
1.485115079023280771e+01
8.870752457816855951e+00
1.400683247847506152e+01
2.076952577419812940e+01
-1.590936026342248510e+00
1.368036321000664657e+01
2.596529476362621125e+01
-3.459204337119601291e+00
2.118773654368367687e+01
1.778630233041354813e+01
1.890132853037842153e+01
6.386591905954830395e+00
1.929698499962085378e+01
8.989239331370754371e+00
8.733858863777641091e+00
1.360645487480421423e+01
1.337355561759142120e+01
1.573026514877864201e+01
1.608208000107809710e+01
1.684073662509268843e+01
1.908293438644247431e+01
1.104463666229555940e+01
9.121190951861720464e+00
1.824222492822016761e+01
-5.389478665030793536e-01
1.698583443546118588e+01
1.915643477564188402e+01
9.479575201910428461e+00
5.738166431806632772e+00
1.347835658492172684e+01
1.161269723866379877e+01
2.145929598543416006e+01
1.099699116485992079e+01
2.395637261181883559e+01
1.492297595975657032e+00
-1.585494348681235977e+01
1.152119791996507558e+01
7.767542079921071263e+00
1.547621862890771638e+01
8.648658816779786207e+00
2.150355077222960887e+01
1.563074256897543535e+01
2.319451703939022025e+01
2.789403790084305967e+01
1.607377972897050711e+01
2.151208773481705805e+01
1.810285443922991533e+01
4.978847066068112781e+00
1.054646049975591637e+01
2.153401228243274090e+01
1.722460198323997815e+01
2.446376491881691351e+01
9.578280127941198430e+00
2.472369783666871967e+01
1.373570050796809028e+01
1.564716041625716514e+01
9.527004282966430537e+00
1.761531142640738068e+01
1.636769439167211715e+01
5.403101470612043045e+00
1.931809474640250812e+01
1.355726595499388054e+01
1.537736353524658739e+01
1.849879150927686311e+01
1.315285686836996604e+01
7.404690918587533588e+00
-3.521373469770665565e+00
1.992244093426221241e+01
2.215075038876687330e+01
1.535587699418692864e+01
2.113745799418503424e+01
1.213022958959254538e+01
2.047234815080230419e+01
1.438254998686852559e+01
2.354948507382594869e+01
1.344936479737464197e+01
1.416997346206159136e+00
1.359747636336304311e+01
5.644783604254413945e+00
2.767602753433976659e+00
1.919241041131080294e+01
8.572343063384749939e+00
5.483032627887936883e+00
1.113031790325169368e+01
-3.285468622580339115e+00
-4.325986285282709787e+00
-2.388403594087691317e+00
9.633823025606588430e+00
1.953753849156786515e+01
-4.704167197273662282e+00
1.043813522731763754e+01
2.151176802931257015e+01
1.484746290203659669e+01
2.056310899723627017e+00
1.414914442514448467e+01
9.653517035324455264e+00
1.932183519161354468e+01
1.655260684542108152e+01
1.336955106232412049e+01
3.940339775952182322e+00
1.734040436438089472e+01
8.673073582890481248e+00
7.773615600331098108e+00
2.481912506830968823e+01
9.506056614490233869e+00
1.428423967861567689e+01
1.103721133203241322e+01
-9.907250004317091907e-01
1.460927801638260348e+01
2.695020241167682684e+00
5.864158915597442956e+00
2.093999001100623047e+01
5.989624436389561879e+00
3.696061337259223478e+00
9.350668708935899076e+00
1.746362492898531116e+01
1.955862796530534808e+01
7.454567240489154756e+00
1.327683552498011466e+01
2.364623567462924569e+01
9.373386941121594873e+00
3.092681109897875302e+01
2.089066037062895020e+01
1.386348715714387225e+01
6.370642876563067603e+00
1.366343019973697892e+00
9.833654566847513934e+00
2.964265904921870032e+01
9.107326206962795823e+00
1.593754612351929723e+00
1.558679252874649990e+01
1.682685001932304658e+01
9.440762770605530818e+00
1.734924446961019839e+01
7.855902772313740456e+00
1.409974031008948714e+01
9.707107839305137986e-01
1.327490522099638781e+01
1.964320289920833318e+01
1.204393435067042617e+01
1.752487588386662054e+01
1.976860020973825982e+01
1.244223442113371902e+01
9.084528299474868618e+00
6.950252169028587446e+00
1.606695804407772954e+01
7.058672086371657883e+00
2.115091259333083684e+01
1.107649519361430634e+01
2.392146102065349567e+01
1.857520772909390416e+01
4.459875146122385559e+00
1.959722674785420082e+01
1.760228709071471087e+01
1.062788872289580411e+01
2.396505603431015174e+01
-5.361542523675652205e+00
-8.088923664124223478e-01
1.729096027225231325e+01
8.126417386401854515e+00
2.898222553119737199e+00
7.560155528447822348e+00
1.082769644935629572e+01
7.583813120925498197e+00
3.200916002624467183e+00
4.924279291489938259e+00
6.820067497444796345e+00
1.545755988289405991e+01
1.891331527504929966e+01
1.407532807750745008e+01
8.864967899403893625e+00
7.810821973637075644e+00
1.063282238170353367e+01
5.715828329714682354e+00
1.666515003209124757e+01
1.539446214321095852e+01
1.010605890022553410e+01
1.518431012791612744e+01
1.277813174719764788e+01
2.231045932172879276e+01
1.873618059405188774e+01
2.019659146797494031e+00
1.509509852630201010e+01
1.710144780004509357e+01
-4.005415914684050449e+00
8.235105239880951444e+00
2.499636532798086819e+01
1.016548023116649802e+01
7.993249900320279266e+00
3.729859484455644747e+00
1.561514446825487568e+01
2.202049661372663536e+01
1.472599722454991422e+01
7.449806938736287520e-01
1.144935900381736360e+01
1.863937224572292450e+01
1.344822258864199682e+01
2.660143148214552866e+01
1.623017188553856727e+01
1.869283197046846112e+01
2.697281240729255813e+01
5.332930226201426649e+00
1.206593904352786240e+01
-1.630593463109619279e+00
1.900903087108066813e+01
1.588507489971868836e+01
1.570840436817903196e+01
1.892745072442426135e+01
2.188412632015733550e+01
1.632412900875023354e+01
6.854223566498305331e+00
1.573894425001142849e+00
8.007716530640578867e+00
8.333365141565010958e+00
1.510869046363676915e+01
2.036488145785465065e+01
5.045146493020425282e+00
4.784878651573976072e+00
6.730340456494516843e+00
6.361901158331022543e+00
1.894583305475926949e+01
1.188510541943472276e+01
1.218714586746639839e+01
3.609338729899604914e-01
5.031210803632248485e+00
2.953086268562709904e+01
1.091508009814040747e+01
3.111223613611997507e+00
7.964789183183569321e+00
1.983155104695384807e+00
4.803123122885551766e+00
8.551433636328070520e+00
2.152407458272107021e+01
1.188267192029519492e+01
1.207435167684509736e+01
1.179206442051928860e+01
1.308042321939660724e+01
1.330993262892449991e+01
-4.281661844420256102e+00
1.017390585077657761e+01
1.815961868807736579e+01
7.401295959771672983e+00
2.126604208873634150e+01
2.868174010689227771e+01
1.238893115103725506e+01
4.192388794445150779e+00
1.374825513467693838e+01
6.040043258941935278e+00
1.905869338343676844e+01
1.526259826736692560e+01
7.879919428374321910e+00
1.554103169933227946e+01
-6.875742844746554283e+00
1.259710423900205001e+01
1.692188231133327747e+01
1.364115938147430995e+01
7.630494548625577522e+00
5.890600930237042121e+00
1.860585700276269705e+01
2.140055703647882979e+01
1.397557982833021128e+01
2.681347119020173864e+00
1.702626844776703763e+01
1.838792766825711311e+01
8.819762578030491795e+00
2.067676926603421350e+01
1.470343415995334624e+01
1.086443013524480250e+01
1.213973387019898098e+01
1.984441441696641562e+01
5.002922585875495542e-01
9.147510843505671119e+00
1.741374084165045133e+00
1.576463756511948588e+01
1.954414466071135337e+01
1.353097568026484510e+00
1.458663978049955290e+01
-1.370166796937510867e+00
1.621578446032083320e+01
3.041083891690860241e+00
8.869080887128291124e+00
2.779445690621561482e+01
-1.204367411396205512e+00
4.131117410571945925e+00
1.949483317612222066e+01
1.302853368842005466e+01
9.007706963482064566e+00
1.386871024420656795e+01
9.794776014853553647e+00
1.141849979232196688e+01
1.434472883572185253e+01
2.211720396894536833e+01
1.609610826719929833e+00
7.971095589287600092e+00
4.084749575397481181e+00
5.785373837075212577e+00
9.547494432185047231e+00
2.663541679531493855e+01
1.640344429607799270e+01
4.313950355454338137e+00
6.729010788051027703e+00
1.754828495975375802e+01
9.702994320708327791e+00
6.965882889308744552e+00
2.656867246680889139e+00
1.325889397890784949e+01
1.005968835632646119e+01
1.324017540053219477e+00
2.303244765177667830e+01
1.468659450030310154e+01
5.729899525897948820e+00
1.423497586255820124e+01
2.237634788062000268e+01
1.847873264365124868e+01
7.806943819028887788e+00
2.439379932319113209e+00
2.314796743822938652e+01
2.153438230255298436e+01
2.466723228891785880e+01
-3.740738472870930309e-02
9.911526739770380345e+00
1.090452319337398990e+01
1.277527883928937058e+01
5.265801392582091012e+00
8.774255404316377849e+00
1.761000053745723193e+01
1.792258215033822921e+01
1.748548202617112679e+01
1.556419675827699223e+01
5.303342035375123942e+00
4.224071649872556122e+00
1.534636919412578493e+01
1.641103308810237138e+01
1.060282436998254241e+01
7.286753600590571978e+00
1.068967258238133411e+01
1.441830622559891140e+01
3.628309776550793231e+00
1.283188617042503665e+01
1.080948503563848817e+01
7.768037649368466191e+00
1.405275838103816000e+01
1.236603008317720054e+01
9.578603121807830689e+00
9.460154731036467979e+00
2.032096122531079629e+01
2.121094387805978698e+01
1.293979376270895898e+01
-2.553319031719425425e+00
1.445823288517519245e+01
1.101726645640474089e+01
1.905318452805298790e+01
1.179997837179965359e+01
2.245031976000294804e+01
1.936534432385693094e+01
1.115108054503050994e+01
1.873333411348575339e+01
2.478031633865501249e+01
1.423294082790935988e+01
1.514068311070531081e+00
3.099294209507656461e+01
2.092894295790462422e+01
1.539146331178088190e+00
-2.057955119843626335e+00
5.818516377670590600e+00
1.426321052980305382e+01
-3.250481518101096867e+00
8.371293178109475264e+00
6.831871453219136470e+00
-1.185440270226138182e+01
7.879758370850595384e+00
1.803802740667724436e+01
9.942497165775392887e+00
8.943910829040348176e+00
5.786110131474828222e+00
1.118015025245553318e+01
1.217538106025185130e+01
9.907506540961804831e+00
1.325892121620044861e+01
6.746074491099491865e+00
1.419560153706045469e+01
1.671493864219365832e+01
1.151601278342079127e+01
1.378585895477500856e+01
1.234557806652499323e+01
2.402699184051051873e+01
8.176753492128270295e+00
1.088516675043419468e+01
6.899504408865482219e+00
1.695593054468366745e+01
9.564486804581008528e+00
3.116715611737792102e+01
-3.683516606082825717e+00
1.146373532587541888e+01
9.140634972727809782e+00
-9.692031984064513495e+00
2.539112559259137214e+01
5.701848078898692052e+00
7.862637536608374944e+00
5.155665374905595399e+00
4.732859629350713249e+00
1.174556406108796125e+01
1.088796502220606044e+01
1.053083318819989245e+01
2.746605440197348713e+01
1.989468651134153276e+01
1.571420213975733304e+01
2.911520240167441642e+01
2.161204949029905720e+01
1.183056169436189009e+01
2.984759951271729506e+01
-7.943785495572797117e-02
1.047688423418442483e+01
3.623549387472380090e+00
1.541750370927296387e+01
1.373876311390291960e+01
1.265268176687214918e+00
1.458279013868904883e+01
2.015832067092829760e+01
4.124038024505352951e+00
1.899850398060999623e+01
1.185007677225411271e+01
7.076968664261087838e+00
1.418440333069982984e+01
1.355319429542019805e+01
2.733893512876183962e+01
4.251857480991041882e+00
1.308200884129489339e+01
5.513836107739365389e+00
8.228293254054108274e+00
-7.203614462554838838e+00
3.215468399886290740e+00
1.529322853972098528e+01
5.128833394685059943e+00
2.289859800171307569e+01
1.790226040271950581e+01
2.876390742381019550e+00
6.145875578080392643e+00
3.223142387189696478e+01
2.740758508065283650e+00
1.636091670838199263e+01
6.616664899346304196e+00
9.052161868229106290e+00
2.551233763917551300e+00
1.081550937249693334e+01
8.997436669707994383e+00
1.739401927217701882e+01
9.504471897684666715e+00
2.034397020998780903e+01
9.307886656030362360e+00
1.018125390116989593e+01
1.380571904811114337e+01
1.215322065582574851e+01
4.564236782975143569e+00
7.859754641477394443e-01
1.505918063925692252e+01
1.733037853757725344e+01
1.304566975789983019e+01
2.042832092924686549e+01
1.846613059228202758e+01
2.085975458403963501e+01
8.056124455750293123e+00
1.459023775250132360e+01
6.847635471356923631e+00
2.300923404037720843e+01
1.468249685129870841e+01
7.813203627803545714e+00
2.064622241938110392e+00
8.926673372884010860e+00
2.424240668137129973e+01
1.612023065295672097e+01
2.543573471983904710e+00
1.384694326411775478e+01
-5.571755923345534711e+00
1.711297720416973789e+01
1.593048156742253241e+01
5.218244849519379613e+00
2.096167158520527352e+01
1.847147701137974707e+01
8.848564823027160742e+00
1.271284981762001109e+01
1.021180273318427112e+01
2.287750575669564057e+01
1.231153600607181886e+01
1.253325197258111245e+01
1.998035708119522269e+01
1.714505895525107348e+00
1.429744398499567382e+01
2.620282650466265295e+00
1.401449045784788439e+01
3.026608287447189127e+00
1.446394378153844684e+01
2.299155391880186983e+01
1.575864612254477493e+00
1.466787059342311750e+01
1.659575053838404557e+01
8.105937358070050891e+00
1.732467680942420429e+00
2.625960352604125347e+01
5.374368042941640056e+00
1.834987107266543660e+01
5.284111360351815279e+00
2.794830053035823880e+00
8.450313518940589574e+00
1.724071647460256429e+01
1.795914126712504810e+01
2.092056876149917599e+01
7.471772679423537511e+00
2.415743737435434468e+00
7.346020427133041153e+00
1.768813214531982680e+01
1.938210350350601630e+00
3.622680617284373739e+00
1.240206133795572896e+01
6.209674650980602451e+00
-1.031090295286485059e+01
1.960355969825839395e+01
7.799650594457062880e+00
6.160792658393930310e+00
5.429093702947227484e-01
1.211314514791166630e+01
2.080509187649456493e+01
-6.762278255892283596e+00
4.140172535984831370e+00
8.164502852347411022e+00
1.249439382473039473e+01
2.036615063473797704e+01
1.494426577780919274e+01
1.664239699184967236e+01
5.826228111198830106e+00
8.978879761842364360e+00
7.156530691975149239e+00
5.537409261614200773e+00
9.707026296326390025e+00
1.998194850188449578e+01
9.785336748575318211e+00
1.779867728809141880e+01
2.251702132374374088e+01
2.375319103863028403e+01
-9.405507456317252490e-01
-7.343575258946529516e+00
9.322647968704487198e+00
9.241917628109547422e+00
1.439995877520813394e+01
1.479014106289186259e+01
2.836472078765316951e+01
3.202086030029789754e+00
1.142540532699605649e+01
6.361287728540574449e+00
2.358898836645266783e-01
1.831387512034769571e+01
1.348592002375907839e+01
6.960988200300448625e+00
2.209580466889086381e+01
1.658697059947468944e+01
1.502979806880918545e+01
1.177736633044467851e+01
8.383491930020042560e+00
2.005532777358027374e+01
1.172998981743286606e+01
3.985499314949095151e+00
1.795792334274125324e+01
1.945087328639702662e+01
3.423792066003684909e+00
2.151466972058550198e+01
6.714844957705423667e-01
1.100657351386661276e+01
1.222560055304114712e+01
2.241565796021885149e+01
8.189350973810903156e+00
3.233932389532782281e+00
8.433683695622001153e+00
-7.023679402583070441e+00
1.523335666363763607e+01
1.079771330181525002e+01
1.519924735990781528e+01
1.380300866457663744e+01
6.422771114598845088e+00
2.072883436660944767e+00
7.583767204320849942e+00
1.002065369502722092e+01
7.488872337216392339e+00
7.912911413758138224e+00
-7.622822815316453671e+00
1.008470317104990954e+01
1.977800467874665458e+00
3.017700106264285864e+00
3.900564139764028937e+00
1.367306645036205737e+01
1.492225445709187426e+01
1.464851119609855346e+01
1.637102855934321610e+01
8.725405212337605576e+00
1.433048641917307009e+01
1.519769913107045056e+01
9.663651402151742786e+00
2.232815257772631412e+01
1.915795985261482315e+00
9.217338335892577561e-01
1.006367298767594320e+01
2.263307812652791284e+01
1.527565007419421761e+01
2.237122816964001970e+01
7.601728542156536150e+00
-9.382144308064255256e-02
9.390055328296242010e+00
1.465611199189893910e+01
1.816697313270213954e+01
-7.413720534992194189e-01
7.871520968218675307e+00
1.372002517497428187e+01
2.077751481473185180e+01
7.782181372782531525e+00
1.129740428345562009e+01
-7.751754502140869363e+00
6.222297645184724502e+00
-9.572720166063021452e+00
2.132303009151956985e+01
1.061630263623240467e+01
1.974288431597131677e+01
2.022153994300951041e+01
1.356595120027878920e+01
-7.349628415626938249e+00
1.750835406333714417e+01
4.144048290609759988e+00
1.828567004958702569e+01
5.876862586290570789e+00
1.423696496269378997e+01
1.773897558797542473e+01
9.908019612027686662e+00
2.612635407793205644e+01
4.194921632201101147e+00
1.101773267866452954e+01
4.924936757318889136e+00
1.667062468329373814e+01
-4.443878134546793035e+00
2.228772331465050627e+01
6.937407666954300112e+00
1.058314604902685119e+01
1.488067812812629143e+01
2.223399013080582165e+01
1.130454931468433699e+01
2.774198341368191478e+01
6.967592703926158038e+00
5.450071755212547941e+00
9.288211163629483735e+00
1.556854839406641133e+01
3.505563340864625843e+00
1.475558146611680854e+01
7.794346658326887223e+00
9.448100686971798723e+00
8.133543686946964613e+00
2.544572968532684598e+01
1.400903271209401169e+00
-3.746442412288217838e-01
2.909494016412324413e+00
2.089284903947601890e+01
1.106119241472850945e+01
2.140710621908089450e+01
1.944435874955181021e+01
2.153144425199848655e+01
2.138509920493882532e+01
1.675207311628970785e+01
-5.421060249070805526e+00
1.547949979339206550e+01
2.226965505725333117e+01
1.093475249180619358e+01
1.957697586224647068e+01
1.141983793383354850e+01
1.785348265018537717e+01
1.588146226181302723e+01
9.070611818584737307e+00
-1.200273826544574263e+00
2.264908089610798925e+00
2.214344800219532772e+01
1.787375561087391418e+01
7.893842124707745711e+00
6.624201132196120057e+00
2.738765263519987769e+01
7.216279274608879746e+00
2.461434685441303571e+01
9.469580175841571190e+00
1.947469913324079016e+01
1.354491097793861343e+01
2.247140315154989310e+01
1.522464583965246732e+01
1.080542285142318804e+01
1.875187128736878606e+01
8.062925145353489143e+00
2.269379641754910892e+01
2.176987589717777638e+01
1.824179109232056817e+01
1.439621021027393510e+01
1.991772001425348293e+01
1.698237091729056658e+01
1.075737816301447936e+01
2.518707313269631953e+01
1.944645991398753893e+01
2.135164149243463783e+01
7.977652594050155699e+00
1.243833959329357697e+01
5.671758201437270941e+00
8.262659476794027569e+00
1.184307862609050233e+01
1.184102389477727968e+01
1.393085027947472554e+01
2.355444175179938071e+01
1.885526663544834491e+01
1.977514881748524544e+01
1.088671584426950290e+01
1.882003453679975991e+01
1.426058065763189120e+01
6.557377537553620073e+00
4.113231959336360433e+00
1.917432195984450516e+01
1.377479374006266255e+01
1.716717090988618821e+01
6.185541920915085257e+00
9.914715478592611930e+00
1.345302553002942147e+01
1.606397949988314622e+01
7.116735745938569835e+00
4.505518852206805036e+00
1.884077257136112848e+00
9.849881432632685119e+00
1.237866655847572872e+01
1.936667094934973221e+01
1.206633730606034760e+01
1.089447158795799453e+01
3.507236758823538025e+01
2.059451625015357479e+01
4.852247292003141865e+00
4.829614406028397866e+00
2.414514744263653512e+01
8.758281904691216369e+00
1.278814631570236315e+01
2.547592980218436765e+01
1.312987461202141048e+01
1.007486903744469942e+01
3.213367218300857076e+01
1.598416778408794414e+01
2.153756050845063896e+01
7.258371109340444605e+00
1.302607427252722516e+01
1.451893296446026227e+01
1.534285364085872772e+01
1.471746493324868510e+01
1.005116620610867528e+01
1.762066899727906844e+01
1.619802319882159480e+01
1.087708655126944279e+01
-3.692883899693313765e+00
1.677335821457806020e+01
1.418618262516628192e+01
8.528869919485451589e+00
1.693030050159234179e+01
2.127146770461720848e+01
1.805465583584415867e+01
1.309859911416695866e+01
1.701831131988623724e+01
6.687536113481186817e+00
1.675589056921584330e+01
1.669911177031981708e+01
1.690892470569123418e+01
5.665693327037928384e+00
9.415772156229252232e+00
1.261008365384148533e+01
1.219582805207787857e+01
1.481137634332344533e+01
-4.066508366957165777e+00
1.363990717697697619e+01
1.753278864645800184e+01
1.358175516064784460e+01
5.054207205721027663e+00
8.846964577320704848e+00
1.330876253152982258e+01
8.960912743659548596e+00
1.824196380642784732e+01
5.390872732580916704e+00
1.624226902387950133e+01
-5.573208990773252935e-01
1.722730323517345141e+01
1.632346320845549315e+01
-1.134367726300749268e+01
1.687399395193915552e+01
-6.504636731356370660e+00
2.454229343016780263e+01
-1.059886728374735299e+00
2.412855755977311389e+01
1.816261498105504302e+01
8.941975713340866605e+00
1.732741149123133084e+01
4.736459354732758698e+00
1.653984020937737398e+01
4.808278890428411501e+00
1.900468512305070590e+01
1.948958430183297708e+01
2.079554987827565071e+01
1.498920667954610053e+01
6.187836202362149152e+00
-1.704148468518454251e+00
7.863658919088550192e+00
1.145329682414650563e+01
2.168120777561391321e+01
2.203360448175875774e+01
1.002941273439377312e+01
5.986607606843222129e+00
1.782689937404815339e+01
-5.232058388451591213e+00
6.179380089519639796e+00
1.297840667157127825e+01
1.367683910073525055e+01
1.441932584523952698e+01
7.611786403455710115e+00
1.579553047400089838e+01
9.448709911155489749e+00
-3.639681543281653830e+00
1.243191884922332235e+01
2.382887684834187780e+00
3.263765607569538929e+01
1.282633651539789810e+01
1.571105852506316580e+01
1.708304906826456460e+01
5.551816227846416041e+00
2.491819543526284519e+01
1.696761068204854439e+01
1.721901595787116435e+00
1.295898219703840937e+01
2.006089949255614613e+01
2.037863613206383206e-01
1.006935063634453797e+01
1.342470925843274188e+01
1.325890987746856808e+01
9.952784679225032960e+00
1.198535639792702057e+01
9.665829693258572775e+00
9.467259920344403668e+00
1.790015028930916685e+01
1.188872539599636013e+01
-4.364727895984444217e+00
2.188095466972792735e+01
1.471694290346700029e+01
6.114993333802630104e+00
1.175207403653269012e+01
1.716318979285595248e+01
1.494311833151006397e+01
1.289089547695741089e+01
2.080383493234407410e+00
7.933172660662748399e+00
1.077708566536399815e+01
3.313251784011542611e+01
5.922814560535414330e-01
-8.388929206568320751e-01
1.447448258235580454e+01
7.063757108931952189e+00
8.506012951195884852e-02
6.942464302661861097e+00
8.494651219420191524e+00
5.098913707701271392e+00
1.136822378019239466e+01
-8.364719628775247884e+00
1.716260613658574385e+01
1.281648876201532516e+01
7.265093082606355779e+00
2.761381677111636179e+01
2.282093921243272661e+01
1.938033574995237984e+01
-8.264143843834531822e+00
-6.070306348874623836e+00
9.233938206995020437e-01
6.787259801344120547e+00
3.057642349695527173e+00
2.099415881617353818e+01
3.180989585227536054e+00
4.480482645382721785e-02
1.532480960678854842e+01
2.307915270537652930e+01
2.103859217038983331e+01
-1.058440272165739771e+00
2.767603967195348957e+01
9.104660794889923636e+00
9.040420409381610511e+00
1.092081124625194377e+01
9.628512725347604828e+00
1.370316401495168179e+01
2.375595321576501817e+01
1.136201039165200655e+00
2.037298451826423218e+01
1.638436110445250904e+01
1.632134715956442506e+01
-4.488647790183080133e+00
1.771903906967808950e+01
1.394524640802460169e+01
1.589711667724878197e+01
7.872652021644064746e+00
2.518584721685603256e+01
1.583564134629251896e+01
-2.813607824554267722e+00
1.265616395041810449e+01
1.624217383237816392e+01
4.815479521889059811e+00
5.995048984846704343e+00
1.042277019967596630e+01
1.429099353025684138e+01
1.273959286719431816e+00
1.004985849012774679e+01
1.506631631959748319e+01
1.493336810920450120e+01
-4.430808395694619151e+00
1.414420725410407442e+01
8.897807118432524476e+00
1.748555561450903895e+01
5.317133639764463737e+00
8.855592124287127831e+00
1.391591132543557308e+01
1.036847587821783634e+01
2.664969102751241081e+01
2.869103354604607858e+01
1.221534713426123631e+01
9.545758985678375552e+00
2.697255071977115648e+01
1.584824094707035158e+01
-6.914074528140758957e-01
2.449139122809727098e+01
8.281817647068251631e+00
8.072465284120966089e+00
1.700129587993998825e+01
2.921751966191118299e+01
9.065353325192688771e-01
1.561696606092577611e+01
8.420826356074925911e+00
8.605827547467427507e+00
1.212238901814102121e+01
1.147737018134100140e+01
1.548609505473821457e+01
2.236140250834353083e+00
1.143758862705891488e+01
1.592763650868493386e+01
2.136480855410280100e+01
2.004919443596649131e+01
1.782966098156976642e+01
1.667891863177430167e+01
1.806229427566991319e+01
4.860402667569516666e+00
1.814968197765216473e+01
2.432350859101393326e+01
1.061683613006869109e+01
1.398200349635445150e+01
1.469717015675821870e+01
6.446482074364411119e+00
3.315102754109545913e+00
1.820149313319379303e+01
3.793434242214573260e+00
6.854334012944562460e+00
1.290022260157557810e+01
9.784461653233904599e+00
1.996014260653883809e+01
1.366357872797139805e+01
1.462594398004597451e+01
-1.162669952343748037e+00
1.822037519422605811e+01
1.741436150584297593e+01
1.285068852444416621e+01
1.039257511116286992e+01
1.922004003193628563e+01
1.377857444173979218e+01
7.162982832036107084e+00
-5.104762664193970068e+00
1.424147327764998749e+01
-5.487882309329108921e+00
1.502006978074133769e+01
3.554092120385988096e+00
1.265703525303570132e+01
1.113085012971922083e+01
5.312451963267292854e+00
1.897658925399795038e+01
9.956937013535835490e+00
5.706237880961452902e+00
1.383770313039350697e+01
1.061109216331576022e+01
-1.972977000753587618e+00
1.851731798910647342e+01
1.007632731936821813e+01
1.568464981486263099e+01
2.974844997827526072e+01
1.699510281470462303e+01
6.873093046521390193e+00
1.441810671273115929e+01
1.148888246689828918e+01
1.937621436779208750e+01
1.953454136032282662e+01
1.351687922940992337e+01
2.333711919700844106e+01
2.541831458875610394e+01
1.489709835218013723e+01
1.195004877053560222e+01
6.425122420801869794e-01
1.528107278853794071e+01
1.269552225403485579e+01
8.408351960065544972e+00
4.522654337379478307e+00
1.243474427810092209e+01
1.919121080049681893e+01
1.059020298402850813e+01
5.899606841748592956e+00
1.375873529601136624e+00
2.388765030725527083e+01
9.778501120144866832e+00
1.694353265563658084e+01
1.054158987170377770e+01
1.891637341118785542e+01
1.073151288587330043e+01
1.085973000137215649e+01
1.317681840106213542e+01
1.308557680627970399e+01
1.333518027799128447e+01
9.714180353016601543e+00
4.593944179875393274e-01
-1.186496516381112087e+00
1.362283537336256245e+01
2.191217115108710800e+01
7.609241421676230743e+00
1.471705716324086666e+01
2.274290916640671156e+01
1.523133463938226839e+01
2.208702089409831615e+01
1.169705580686067492e+01
2.034993657361142283e+01
2.514193996828730349e+01
5.902808850693901377e-01
8.476634324722681413e+00
6.117566754126940509e+00
2.190306310615402907e+01
1.002328554805033889e+01
-5.127411549071638319e+00
5.741625524583199081e+00
6.550516576424584514e+00
2.188393653340668976e+01
8.096529085310152141e+00
2.078235135618552931e+01
1.736690457551643618e+01
2.868474102303188999e+01
8.702695714468788424e+00
1.148184400223540536e+01
1.285949523408187645e+01
1.380321085679024407e+01
3.190267125721106822e+00
2.025489315865075213e+01
1.175473695378140349e+01
-9.450208124198468340e+00
1.567625358928694368e+01
1.672683196665190053e+00
2.197246151574608319e+01
1.279816254682965138e+01
1.760911427964371967e+01
3.855118701939323955e+01
-5.531227553389207685e+00
-8.142524938167099435e-01
1.470212044043141475e+01
1.119587332937143032e+01
7.065044819501721918e+00
2.503801074103783719e+01
1.671207303372369779e+00
8.457834539523034323e+00
4.908878251760199873e+00
2.147724584177696272e+01
1.076275426982917338e+01
5.457743005942077730e+00
3.206418908800287682e+00
1.972181826130999127e+01
6.577826013895204937e+00
1.719574010834562472e+01
1.207027265161352148e+01
9.358504811366884724e+00
1.335917168400671073e+01
2.690104881662804814e+00
1.549644297483075661e+01
1.972963103860665512e+01
-2.636779206306727019e+00
2.040253161697164330e+01
1.986534161982662994e+01
1.418770698576931011e+01
7.961025958258161950e+00
7.441124504235517634e+00
2.398533898051555724e+01
7.160654903326417298e+00
-2.248145597421313369e+00
1.533883437540915651e+01
1.553040448847427513e+01
1.347838126842889039e+01
1.694788910774573054e+01
1.317979019418044118e+01
3.472695513381722776e-01
1.304798627143802037e+01
-5.925195729449328041e+00
-7.774463761146961360e-01
1.415773700255434164e+01
6.000580287938475976e+00
2.466762720330554970e+01
2.631225498449084910e+01
1.271424360231506512e+01
-3.002836566600933565e+00
8.676389739949939894e+00
1.345075288723951701e+01
1.839418388857869502e+01
2.380704716077830341e+01
1.007677855117732690e+01
1.619320163244368871e+01
1.113936865771064788e+01
2.967959361765792892e-01
1.899851905087215442e+01
2.496512791019881661e+00
2.504352576368697214e+01
9.312781036585178640e+00
1.280211194710730638e+01
1.663618462981344237e+01
1.676133203150422446e+01
9.257205207656326706e+00
2.683626381900836577e-01
2.128286074015107232e+01
2.676037852666216565e+01
1.607294328901478764e+01
-2.121894324241594632e+00
4.731588932155077032e+00
-4.790978403272156072e+00
1.834123816580064670e+01
2.747313707801184535e+01
1.755833021533153726e+01
3.497235486538684768e+00
1.251603750098691847e+01
3.656736500677723711e+00
-3.979486421793069439e+00
1.370783805213926598e+01
7.454599750100470601e+00
2.090878238469900907e+01
1.524774164596455250e+01
2.286000145453840560e+00
1.677181235912669877e+01
4.189605561332783168e+00
-4.547133191642515726e+00
1.011290806667490472e+01
1.833683099119446069e+01
-8.042422879309071959e+00
1.287995608641452350e+01
1.410477289909722742e+01
9.002885423937627252e+00
1.002796706151272588e+00
2.589716131918038400e+00
1.681856150266679606e+01
1.941002092121352973e+01
-3.960317605000753360e+00
9.260709254715919769e+00
1.941747482503316746e+01
1.048646686849596676e+01
4.201283762507827646e+00
9.647853455124092648e+00
8.403996286019420836e+00
1.466055633217953869e+01
9.224824785555128415e+00
1.912706894226911913e+01
1.952536409746089419e+01
2.312775242272859799e+01
1.314049101614187975e+00
1.950075450349643091e+01
1.234951518586615293e+01
2.402652566847668680e+01
2.694459735486196195e+01
1.349364204257163635e+01
2.002592680833431871e+01
1.150847985043817800e+01
1.415026407826816524e+01
3.565872504829943779e+01
-4.116172722825567121e+00
1.398610645784582118e+01
2.017294931345502107e+01
8.840807723983886035e+00
1.217725648917345893e+01
1.120048185124593942e+01
1.697617409499301289e+01
1.006127898473209825e+01
1.900942625111631656e+01
7.974013656878867096e+00
1.425869197656622589e+01
2.094431581535981479e+01
1.361789789594824640e+01
1.932514467195602492e+00
1.196999443564969567e+01
1.069519193893879816e+01
7.605043582251155954e+00
-1.629067171835302474e+00
5.913047422626561911e+00
1.647949527255664748e+01
1.899718512741792154e+01
1.588264669986062216e+01
8.806127018656070504e+00
1.206826916845005826e+01
1.712800050575836508e+01
5.322614357693254306e+00
2.488214579417829952e+01
7.514972942522106791e+00
2.295555451221826360e+01
4.231422875032322395e+00
1.435371282992208819e+01
1.908598238148945114e+01
2.340141264935100196e+01
1.917426100137537048e+01
2.896171451653586359e+00
1.599007530985510073e+01
5.026350512156284367e+00
9.061503027636064189e+00
3.925854492544445407e+00
1.760116413068641350e+01
2.190964572975321545e+01
1.572360562734621681e+01
1.272525181669232097e+01
1.943362808444783951e+01
1.441415928620700981e+01
1.740283367625164601e+01
1.385291237693255795e+01
1.837370811972212437e+01
1.431979649494243745e+01
1.022739129338694397e+01
1.153906122528231037e+01
1.967911231314622000e+01
1.132149365026415921e+01
2.161086387970543399e+01
1.292824088675999405e+01
1.514945852350763289e+01
1.474862106731624323e+01
2.249559849767821618e+01
1.140692279250393426e+01
1.011185476227487356e+01
1.249799319190930902e+01
2.849654983018579912e+01
1.143558188335245518e+01
7.169579730655101457e+00
2.437360405356713500e+00
1.830724865781018451e+01
1.516647300749514216e+01
1.335176779016374837e+01
9.436832537605170046e+00
5.839510649836185507e+00
2.480509042344308313e+01
1.281042208573884977e+01
1.155323813460663018e+01
2.192415913863106169e+01
6.395767253157600862e+00
4.617604780308695922e+00
6.884866910086699932e+00
5.601615183531706066e+00
7.368730245228263698e+00
1.330322798624916913e+01
3.373729577058881546e+00
1.059672148631302946e+01
2.269268096091597897e+01
7.068796625128896949e+00
4.773890206521627988e+00
1.212134758829289183e+01
1.452526832631967579e+01
1.219792738362171747e+01
-7.282205710618285366e+00
2.605291603061071726e+01
6.376664977380912092e+00
1.435008023271809918e+01
1.942439504492212876e+01
6.527937278690174594e+00
1.602163231410571598e+01
2.900850674033506493e+00
5.343033765570183391e+00
7.236381285960931109e-01
1.361034846785102559e+01
-1.508472782967814396e+00
4.352924876621202088e+00
2.275102445264706574e+01
1.177823619720676618e+01
7.704812205843992956e+00
2.652797798884222402e+00
9.356410534176347937e+00
6.627106091248492703e+00
1.360955169502432227e+01
1.436722796293364013e+01
1.004382441351261690e+01
1.941297101614905785e+01
4.074499156361568453e+00
2.363030925224194334e+00
2.136131646308223253e+01
1.011595554924021201e+01
1.823986429183399594e+01
1.917977649833212439e+01
1.592682532106394433e+01
2.838405863879813751e+00
5.998861572069344561e+00
2.409549396879764060e+01
1.599671455268779141e+01
9.249396776999347480e+00
1.085123297414921240e+01
1.159736765955526039e+01
-7.272950105071856797e+00
1.289595004230598363e+01
1.029397276689736884e+01
2.699959591987654051e+01
1.990572409966033973e+01
1.794310559576172892e+01
1.153719245459900833e+01
1.896181379238700515e+01
8.417550090944260432e+00
1.084209952311778125e+01
6.231988746007672830e+00
8.782977567260559226e-01
1.271508826947487591e+01
2.173464351765068159e+01
1.728330054153617112e+01
1.507771965254524105e+01
2.301203730182236029e+01
1.152095328559536824e+01
1.946149820589840829e+01
1.049849217885440567e+01
1.248404883218577766e+01
1.786553481315760905e+01
-6.551914392028592715e-01
1.154134412293100809e+01
1.300414022970927874e+01
1.689884341171040916e+01
1.918430610509990686e+01
1.537183437521714779e+01
2.430155997627498010e+01
1.578965491995248271e+01
1.899169905573261019e+01
1.058886103931698131e+01
-8.379674246551175543e+00
1.373242246712345604e+01
-2.645557717225031524e+00
-1.019572581047185622e+00
1.811098284892565857e+00
1.835157073883370060e+01
1.890085752349194337e+01
1.597057647249374668e+01
3.502722234851844973e+00
1.172444611244927160e+00
1.797580053396187338e+01
2.603906151836530825e+01
2.420539043576779648e+01
1.188982881658041890e+01
1.724824873589867025e+00
-1.211300832951923212e+01
1.677533510046313125e+01
3.222524604424691574e+00
1.190147879825917698e+01
8.127661250674151461e+00
-4.371107829921641041e-01
6.042172219016123336e+00
1.006591074405680786e+01
1.130645886239554443e+01
1.680386022424477233e+01
9.671704825716048504e+00
2.085460586199478428e+01
3.812081955306268810e+00
6.729240787689150238e-02
1.289277153249271635e+01
6.818524014171487124e+00
1.088451998399689558e+01
2.904094933447254334e-02
-1.120240904535023674e+00
1.153832807243594516e+01
1.643385725730036029e+01
2.178901581029565193e+01
1.672123771547407500e+01
1.110336961883923834e+01
8.502557517098310313e+00
8.279023524939731260e+00
6.251008851546004053e+00
1.160478911871570773e+01
1.347531290881057942e+01
9.425271738221226769e+00
1.982456378999609115e+01
7.653189450828762119e+00
2.756826644737191145e+01
2.090126812650743204e+01
2.709372373978901294e+01
7.908821484517389422e+00
1.231786529891826376e+01
5.516859576441547119e+00
1.732916725063607544e+01
1.916572321934979328e+01
6.871258529404627780e+00
8.946972414898851866e+00
1.519653927351126299e+01
9.991082925758604460e+00
1.972687670215847788e+01
1.449353047380635928e+01
-4.118056234768516788e-01
1.701356603551280244e+01
1.454349385394004912e+01
6.002844747016723659e+00
2.310495686890762101e+01
7.172170078719489084e+00
8.622294759894884919e+00
2.564302517143701721e+00
1.642218150267564880e+01
5.937795591532861295e+00
1.516679080696633264e+01
1.472088039842110163e+01
1.785385919250224873e+01
1.476346679721388000e+01
2.752622166924565050e+01
1.502864050717425926e+01
1.555974716375899902e+01
1.489817782894485276e+01
6.926271608931955370e+00
1.831245846199546889e+01
2.050634532359522666e+01
6.531284380250724553e+00
1.621740291547691015e+01
1.858117920068161055e+01
7.412789278892319089e+00
2.099826788957467727e+01
6.821535671994936934e+00
1.588465691098170396e+01
2.020883878764065855e+01
-6.084997566798080015e+00
1.920131131633991117e+01
1.510170177415700721e+01
8.925969890776414672e+00
1.443758884867844472e+01
1.241418317686093076e+01
5.541934256013220761e+00
1.738879708213070785e+01
9.781598052379990804e+00
7.653386044189602444e+00
4.072253273599713452e+00
2.597045323270239692e+01
1.776428077590115606e+01
1.094899857505312468e+01
1.073034755208254865e+01
8.707788842288820774e+00
8.162359432857343222e+00
1.232433050727060220e+01
1.865333708790367240e+01
1.345886208935486650e+01
1.207966309468466193e+01
2.241663330312670865e+01
1.954181408967011180e+01
1.566848795602366806e+01
1.649407571922928639e+01
1.636540833042132448e+01
4.801245144818636845e+00
6.116640398592537053e+00
3.142707795807119453e+00
1.401653390779564035e+01
4.533450076217349078e+00
1.794431060529081634e+01
1.404403443698274145e+01
7.150458349262848401e+00
8.179868629608208153e+00
1.143603653365246942e+01
1.566409993781029186e+01
8.025803450650371929e+00
5.673607840591159857e+00
1.575305275719074416e+01
8.460881604384070442e+00
1.740626396271013476e+01
1.065328512295305075e+01
2.015457880725990236e+01
7.254464395688003719e+00
1.081752650680328998e+01
1.293030663202155495e+01
2.608052941304444516e+01
5.536974053323120870e+00
1.354044439572278691e+01
1.830525747093360422e+01
1.530473453585111088e+01
1.574859589182331376e+01
1.309627608708076707e+01
2.204689084172619573e+01
1.673629588294420500e+01
2.508013986894151515e+01
1.623902668475604116e+01
-8.120760772722377396e-01
1.329026566671939236e+01
-2.445810758897138726e+00
2.115925135862964623e+01
3.064111170788336835e+00
2.514140984527244882e+01
2.064826852617684239e+01
1.562783590429424407e+01
2.924992538728950109e+01
1.676743744748554121e+01
-5.306514182753346631e+00
8.977301450302675789e+00
1.644777496768641356e+01
2.184459003005886757e+01
-6.429368983651784220e-02
1.537849719061270548e+01
1.547048658536057530e+01
1.728540552531814711e+01
1.511528462314615240e+01
2.573663290369552215e+00
1.543141998170601425e+01
-7.271500466185329969e-01
1.580148052708194939e+01
2.365302305480813061e+01
7.504667853742105876e+00
-4.829353484574454569e+00
1.591667516204319099e+01
2.007182383477388044e+01
-3.627351635838550692e+00
1.426511527246429978e+01
1.233542032655313392e+01
4.342015696573028549e+00
1.481798362862640772e+01
1.855539431382489113e+01
