2.381881320721867468e+01
9.370572273864667068e+00
1.953118987927813777e+01
1.213698970135273214e+01
1.745468581274509745e+01
9.372853150906152564e+00
2.398778603988343150e+01
2.585156280813316698e+01
2.969272110555365884e+00
2.112449994029759637e+01
4.792023351135270559e+00
2.449606086919089876e+01
2.147578104007504152e+01
2.692756272903891102e+01
1.316124924318131661e+01
1.432499479036283674e+01
1.919957110264647326e+01
1.653321277291396996e+01
1.827337828571931766e+01
1.304334797407508972e+01
1.129659928475513198e+01
5.000229277097133718e+00
1.239638197964980293e+01
2.756299412219940592e+01
1.248101797230900445e+01
4.799183736939525602e+00
2.236553521859531202e+01
1.181956910427351204e+01
1.321714931673174931e+01
1.245855161650296594e+01
5.676648983161030060e+00
1.218318688616984957e+01
6.675837766693007325e+00
7.165612833408729898e+00
1.258104947009496755e+01
1.846286778669757211e+01
-1.728026747092016535e+00
1.789082163548448534e+01
3.467284244736219989e+00
1.420718641631481205e+01
1.534912134045738696e+01
1.042113894805801522e+01
1.590634938623913541e+01
2.091460559461605584e+01
1.465201196500547098e+01
-3.601796094829978756e-02
1.484850053586326624e+01
1.294515511386387629e+01
1.824570251780459529e+01
1.556144399619094543e+01
4.036410593754354181e+00
1.353631123675263837e+01
1.884100839903096869e+01
6.026874822225437356e+00
1.573230176815445702e+01
1.494984998232538942e+01
1.103757371206634730e+01
3.164369999558329738e+01
3.392729592202774569e+01
2.264701352454076755e+01
1.571801532827396386e+01
2.425460875370328040e+01
2.554576638428213187e+01
1.251332398215137687e+01
-1.009312928560021305e+00
9.744889905561649357e+00
9.393703539345167997e+00
5.748589415707456851e+00
1.073645347947390860e+01
3.581615033109571300e+00
1.020394788565812405e+01
3.066003651405424080e+00
1.340173898692737708e+01
9.267469074120285200e+00
4.228420022836445469e+00
1.712026990166741314e+01
2.089530766082125979e+01
2.065570786083740984e+01
2.351981249433532639e+01
1.666239896459487113e+01
2.051994336891527126e+01
1.978199223016861907e+01
1.163431321993714107e+01
1.614553374124336926e+01
2.114310574006546517e+01
1.394666985741397980e+01
5.573517108841912204e-01
2.512761390740912759e+01
1.643160230470243732e+01
1.813703035069447367e+01
5.414276034320252506e+00
1.853692725136819064e+01
1.514306745913624752e+01
1.940602564426114185e+01
1.949013007464808567e+01
-5.940689382160599052e+00
1.609448190488848240e+01
1.095019359148386684e+01
5.199600453520197618e+00
1.625005564511379674e+01
2.502187258885726351e+00
2.385938193235816129e+01
6.135856368662786053e+00
1.333640061942008970e+01
1.966500133589268273e+01
3.903667419436033015e+00
1.832915546149475006e+01
1.358733438730314447e+01
1.441895851991907307e+01
2.628783490718394233e+01
6.501810457504888063e+00
1.475139752950747152e+01
1.878186527173970433e+01
1.950356508910255826e+01
1.970742674188702637e+01
1.510513756472714419e+01
1.055503880731903621e+01
1.930854721260456586e+01
1.897237595597702864e+01
1.686746688325953869e+01
3.215609185744543197e+01
-8.003470327807349349e-02
-1.248879256359188616e+01
1.705813480445908681e+01
5.458461204137975642e+00
1.233056241525235919e+01
1.501581350191804631e+01
1.340321896407255053e+01
1.463242857485654724e+01
2.273701686105408726e+01
9.233834552140507412e+00
7.107971206026988398e+00
1.001295433588418859e+01
9.319599329050333836e+00
9.720483561513773907e+00
2.303581716957810244e+01
1.585305200775647450e+01
1.674979671454693175e+01
-6.592937919688637294e-01
1.761042483844580886e+01
1.980657189921866035e+01
1.293562520059919052e+01
1.802736071476346069e+01
2.065089034114897970e+01
1.616256010203377969e+01
1.463620813385313113e+01
8.772419525800103202e+00
1.302256712104677661e+01
1.998712837791724439e+01
1.686292859739975825e+01
1.674481398893293260e+01
3.395258565645150384e+00
1.195348004392576513e+01
6.005204319668706603e+00
5.786115079264590122e+00
1.734259339379697451e+01
5.672773295417954387e+00
2.055815581315015095e+01
2.287971882310853289e+01
2.107057004987994731e+01
2.160680177530218060e+01
1.536876420076126237e+01
1.507877470729485481e+01
1.126647349344425209e+01
1.559280127054034892e+01
1.657866987289995819e+01
2.239177619659947283e+01
3.308871302143103321e+01
1.002286215099604760e+01
7.519278077638801960e+00
1.579698793865001960e+01
2.665476624887916302e+01
1.218191293065156344e+01
1.930467835232921914e+01
8.250335947716337159e+00
1.073533929838876588e+01
1.512562355966103667e+01
1.462713775851811704e+01
6.365690442132134308e+00
1.052764791112699072e+01
1.609437676652245841e+01
1.057612240089763134e+01
2.066326480995935810e+01
1.606597610710053914e+00
5.622198847259923582e+00
9.488713347114526186e+00
1.979164156143124842e+01
1.027777985809397165e+01
2.018164820143562110e+01
1.481367272744433450e+01
1.158226119945817345e+01
1.743755237435018302e+01
1.802132773859353421e+01
2.009438298991678096e+01
1.098777025279203201e+01
1.000766883799767015e+01
5.529875446411466555e+00
1.219651344362819145e+01
2.477043732542573906e+01
2.331541353712672304e+01
1.750245273926407918e+01
2.365405109966175701e+00
2.197738199645733914e+01
1.883056464671566488e+01
1.431618908727956807e+01
8.090823380577205626e+00
9.606386885129879261e+00
2.160379984915027762e+01
4.188197701530384620e+00
2.532683124584494294e+00
1.526271505459293110e+01
3.343895920106518815e+00
2.516901589425802399e+01
1.325722287101248753e+01
1.721452003261674690e+00
1.865512126917123936e+01
4.638600798367065181e-01
8.167761976554189118e+00
-9.094927813749862366e+00
2.778736747152368025e+01
1.386031961019504877e+01
1.513496805594449768e+01
1.742308816082329059e+01
1.808220996479610676e+01
1.174197588690579153e+01
1.203274273651598492e+01
1.562921863959670077e+01
1.877129835684782222e+01
-6.230836205660637006e-01
2.722647617821462518e+01
9.000475551592572288e+00
3.483411039949814381e+00
-2.740175594643773138e+00
1.788488102418951797e+01
2.339894220801878788e+01
1.163771501482740689e+01
2.036616025741514591e+01
1.104738417615571677e+01
1.975604383410821896e+01
1.008226562026490569e+01
1.977811024024091324e+01
5.939341215594993173e+00
2.347099959227674049e+01
5.899160724504483255e+00
1.057903158500536733e+00
1.753467670082337548e+01
2.107148402203331727e+01
1.448244137815252941e+01
8.134291862394846362e+00
2.080441594111043457e+01
6.759055921248673826e+00
1.503558159770993541e+01
3.434834253798484838e+00
2.597308230366234483e+01
1.912544689359327776e+01
2.211167583533291037e+01
1.884044505689644211e+01
1.885443431968389660e+01
9.834476039621691257e+00
1.884422119944223795e+01
2.299962278912841640e+01
2.253505689554073399e+01
1.312997249013217527e+01
1.146071297207943473e+01
1.592430265420517799e+01
1.077895440715082032e+01
2.329293959807795744e+01
1.522195788243858772e+01
9.262378980279066809e+00
4.895508265347643828e+00
2.572431250897741961e+01
2.075468700412177725e+01
2.290763994023858174e+01
1.569823141963101421e+01
1.846518389522598369e+01
1.498438940614742876e+01
2.394571119444925955e+01
7.117387197889243566e+00
1.877324566952308516e+01
2.621648460716826889e+01
5.562211509804427578e+00
5.856236631567455220e+00
7.729289440835472647e+00
4.317017401952753630e+00
2.174912722615077598e+01
1.053956543092935760e+01
1.913808400337950388e+01
2.172522121108526250e+01
1.479232779704916823e+01
1.154637384578498427e+01
2.091297738494785818e+01
1.415451359059976255e+01
4.914728089281808820e+00
1.616769336120874812e+01
1.873587236640375409e+01
2.264787656748978861e+01
3.169779404348645357e+00
9.061212493729001949e+00
1.362992526120501680e+01
1.036742361515035782e+01
5.458666420298229127e+00
1.094856041456571916e+01
1.136883070024644837e+01
9.709913255285414380e+00
1.784881259225582539e+01
1.944514944123699962e+01
6.480122963126390800e+00
2.411613779607989727e+00
1.479819786809177629e+01
1.345813004827890325e+01
1.803675672648898143e+01
1.277156092466245241e+01
1.147253528141894208e+01
9.057847065480615356e+00
1.745111175795275926e+01
1.945729599571483703e+01
-5.393193027275813733e+00
1.609199018176688867e+01
2.146224639544658430e+01
1.999074639110305895e+01
1.692307030481107688e+01
1.408600793226696624e+01
1.585911327897269985e+01
2.238281098682910653e+01
2.036732399432871432e+01
1.124497016063449450e+01
1.411876033051014190e+01
2.479204451345187010e+01
4.483559883546647029e+00
2.130225346313182655e+01
1.684936803841489450e+01
1.662347777675308436e+01
1.946993061696413463e+01
1.302075438534933483e+01
1.654067400306738023e+01
1.445846070980872611e+01
2.935966522743192542e+01
1.902736803620098982e+01
1.222446177029634384e+01
2.745659374605322967e+01
1.932421686210707179e+01
1.276569870662576989e+01
9.294725961541530523e+00
1.871341355244120308e+01
9.741173230097246005e+00
1.972388367442778190e+01
1.189578903686255273e+01
1.113957601919413776e+01
7.614025974827356436e+00
1.183486669066633112e+01
1.222942225103787450e+01
-1.487701984208825934e+00
1.512747268774413101e+01
6.610614913874513832e+00
1.661889930563226159e+01
1.251934361503577975e+01
6.659933237583246068e+00
6.958848827537963189e+00
1.585983499397475782e+01
2.493530572329679273e+01
1.519266492850090344e+01
7.756494744579072176e+00
1.553441566535020968e+01
5.259571502428215695e+00
1.289916319001146405e+01
2.082265803097369883e+01
1.609589808951963619e+01
1.157996122535560346e+01
1.731554792750792160e+01
2.044721264326508248e+01
7.052976289645485508e+00
-1.537495243602407413e+00
1.878867587492395330e+01
4.060103753799580772e+00
3.164341035263291246e+00
1.678584008202003020e+01
8.510822655081852872e+00
2.065197852394248912e+00
1.355102165050323038e+01
3.819878027363033368e+01
8.946142801130037014e+00
8.493550736532000656e+00
1.726791826230245874e+01
7.872436269036896306e+00
2.277816155490423000e+01
1.542048626306240067e+00
4.419039481802428782e+00
-5.048261270711265070e-01
2.260868565402374486e+01
2.707019748822310845e+01
1.835484705338149780e+01
2.165181038536901070e+01
2.660630357620969022e+01
2.100825550542619879e+01
1.751889554631691226e+01
1.242519640459709507e+01
2.317704786333943900e+01
-1.779707408325279516e+00
2.925317476163152719e+01
-1.330336582851614935e+00
2.289093399840862730e+01
1.736599018144355000e+01
7.692696354329456199e+00
1.685489971634582673e+01
7.742510882384863180e-01
1.056044559922538184e+01
6.238638864323320377e+00
4.230175982272328383e+00
-9.332969495389221493e+00
1.548364523897420497e+01
4.599829691002696563e+00
1.155226976795655958e+01
2.178427968131359194e+01
2.432961921635475022e+01
1.627034439636281604e+01
1.007653943670433705e+01
1.737326721478564195e+01
1.610159373880617295e+01
1.164567156557913563e+01
2.222431503535221964e+01
9.561711488919641511e+00
4.408387378844807358e+00
1.131237015663893430e+01
1.593450577595176298e+01
1.762442593743963926e+01
4.098543698487659981e+00
5.369611249693249988e+00
1.666153903653813018e+01
1.137571566331251915e+01
6.235000910563471166e+00
1.917004384523262672e+01
1.788297539491186683e+01
2.260118493439523490e+01
2.162438806683896075e+01
1.204266750085248816e+01
9.466711918082495458e+00
6.380687059780342452e+00
1.713773882001092375e+00
1.027454952885466355e+01
9.787486494190105191e+00
2.039384040278487475e+01
7.476050183345392952e-01
1.533477741260848859e+01
6.295967933116017434e+00
1.651136433427245720e+01
1.161712696483624541e+01
6.931726660606955193e+00
1.013684474892865239e+01
1.893092898786474620e+01
2.354262151815463966e+01
1.605557678512622033e+01
-2.070156022296700371e+00
9.934491997471518232e+00
1.470330823085132010e+01
1.894260116520494819e+01
1.108292376634720711e+01
1.318436004587400134e+01
1.803427556113422270e+01
2.483421976027955225e+00
9.441135273732797373e+00
2.341922617792722860e+01
1.548217471280339907e+01
1.235105631062779707e+01
1.600152611397183477e+01
1.401520784432452160e+01
8.664192525793623645e-01
3.863336454949063636e+00
1.561396695265630541e+01
2.509296139347873122e+01
7.747188498124245370e+00
1.213974101085284474e-01
2.075527068322762148e+01
1.068742854599445025e+01
1.092625182275082807e+01
1.856057026358996609e+01
-1.365926416081748584e+00
1.648497625163167868e+01
9.894713110728119432e+00
8.576858894106877074e+00
1.200320602854228014e+01
1.304167430081095347e+01
1.030093543124826283e+01
8.628011197985443914e+00
2.193220249557899137e+01
1.636078458070016950e+01
2.173125213929550625e+01
1.784319083054107580e+01
1.569036637152224500e+01
7.436944381823039407e+00
1.353398094880610358e+01
2.086642355480596223e+01
1.462682253840621627e+01
5.534343877633702391e+00
7.860639383187518092e+00
1.430818377816255804e+01
8.684409343094131373e+00
2.527705369163329863e+01
1.907614420999708216e+01
9.339438609261975444e+00
2.080317134656575462e+01
1.581900389162821341e+01
2.507911729943053558e+01
1.715942836236194324e+01
1.647345761938630915e+01
5.325976216833311128e+00
1.055068068304953499e+01
2.642308138804591522e+01
9.950952069384058518e+00
1.589816702498026757e+01
1.204831111819189005e+01
6.693088381628754746e+00
1.072090276045071278e+01
1.546539645246066641e+01
1.011524524272797976e+01
1.277887432322482653e+01
1.925371449454648598e+01
1.282394553942991422e+01
1.807927657180626113e+01
1.676781964617646281e-01
7.456353413238801409e+00
9.614516851196185598e+00
9.539318560956019155e+00
1.635247653170422666e+01
1.467283834293451150e+01
-4.301178739831144071e+00
7.707450040126673230e-02
8.323042391508792548e+00
1.520572908713457139e+01
2.362754484657313725e+01
-9.383693388469026786e+00
2.673674395027370565e+01
1.777484439065095501e+01
1.136859754466559025e+01
1.503001788791077331e+01
2.878837816695544660e+01
1.537262084097521608e+01
1.044092835873078684e+01
5.961685791627957087e+00
1.659846710823746463e+01
6.212676521794094242e+00
2.126900183674343481e+01
1.927214817989934659e+01
2.935265243163172499e+00
2.501099299975122392e+01
2.108004525926432393e+00
4.601753847117052487e+00
1.384204466707129200e+01
1.873551971113279535e+01
1.564969198440073228e+01
1.511653900038180609e+01
1.083927615888890728e+01
7.869145188497725485e+00
2.614472681182759572e+01
2.019120493920200943e+01
2.715295280902481068e+00
1.026155247807440674e+01
9.165040024756066828e+00
7.535420028771000034e+00
1.486036309069875472e+01
1.219074182813187690e+00
1.361698241706439205e+01
2.787603787060506022e+01
-6.410390218986307787e+00
2.347785847909497647e+01
6.958546525007989203e+00
1.134869791967581421e+01
2.134855385600218369e+00
6.206588581674509442e+00
2.051924895118831671e+01
1.236500237920408551e+01
1.781500926921175676e+01
2.063749208127008927e+01
1.768212962435324442e+01
1.249128476124016629e+01
6.621275305158249580e+00
1.884401731318201456e+01
1.333357951673599473e+01
1.122278477087704118e+01
4.088348517443009200e+00
1.172741619857661988e+01
1.750046014979399445e+01
1.252567892363420299e+01
2.052848137944869222e+01
1.349884835999020538e+01
2.439721623992141986e+01
1.005458126729968171e+01
1.637544408410488472e+01
1.122828624967589661e+01
1.666909171623458974e+01
1.586661410854411258e+01
2.133636201411266597e+01
1.775518803026726289e+01
5.003797800391680539e-01
1.030766584767619065e+01
1.727417396836028729e+01
1.113118566306869184e+01
1.857652468192034689e+01
2.731567196037944711e+01
1.583414130437553524e+01
2.094168560568342485e+01
2.988195459990392777e+01
-1.685019465467590294e+00
1.216880528537627981e+01
2.128930508102976660e+01
3.218576610655986769e+00
8.939745274880372961e+00
1.441045118237120448e+01
3.592748160348804731e+00
7.404037262871099756e+00
1.201828249175585483e+01
6.410798346351441523e+00
6.969063072645042212e+00
1.908075531652900736e+01
3.599843509441811307e+00
1.719622032831448166e+01
1.561226165975207181e+01
1.076507171716799860e+01
1.428261696657244784e-01
2.445068204199430539e+01
2.901174367751234229e+01
8.932988841721666518e+00
1.954390280729892027e+01
1.432349853350918067e+01
1.173477487158528731e+01
2.072133126630646416e+01
-1.445769728940732080e+00
1.590459762460598370e+01
8.789330537878683458e+00
-8.320241920059885388e-01
1.062419482743010235e+01
1.264190185197026040e+01
1.762756135313870232e+01
9.705077507175374762e+00
4.221037334078019398e+00
2.177824996743199648e+01
2.017827426762679011e+01
5.595426681867252228e+00
1.681671325928829219e+01
2.232871209298605208e+01
1.477449319883294265e+01
9.628745162154700665e+00
9.065587436852325709e+00
1.126495801893273097e+01
1.529942589220897275e+01
1.608049375518962165e+01
4.222393714150783239e+00
2.409640369514399083e+01
1.565197579995363242e+01
1.593083798309078247e+01
8.494130163009486978e+00
2.210712044958453504e+01
1.961186948532258612e+01
5.684067811517607538e+00
1.699694005733412894e+01
6.912133590280490125e+00
1.812348617580985888e+01
1.061303896997839047e+01
3.451960589026281667e+01
2.819921576174337474e+00
1.178762344032760723e+01
1.380188135723453513e+01
1.537721767095270309e+01
9.236066509042302641e+00
1.556610834918784292e+01
9.413755212284158347e+00
3.222592467377751291e+00
2.123925289514666304e+01
1.429334378852765752e+01
6.395716667646794917e+00
4.206374757949490117e+00
-1.274605093540159828e+00
3.192677918600779208e+00
2.528319830127698964e+01
1.165604924589918312e+01
1.112100530386257446e+00
1.433974355863747974e+01
9.562069950612098523e+00
1.724196827078392857e+01
7.781946707526770979e+00
1.848352986354484528e+00
1.347458544708437955e+01
1.979463609162601756e+01
3.427665318364844893e+00
5.067948355959302376e+00
-3.888775810938085442e-01
1.026539182379110571e+01
6.562083155044760474e+00
4.930883274942914340e+00
1.412769358596304414e+01
8.952086977091923359e+00
1.557092049369650510e+01
1.482466749018489338e+01
1.524110662546439698e+01
1.603911707330385639e+01
2.763228140138268429e+01
4.071279456041835942e+00
1.455096745888839394e+01
2.360304361968667308e+01
1.531495368544877067e+01
2.007328825961018026e+01
9.631456461768038935e+00
5.553394606513592180e+00
1.240415254807813028e+01
2.171003277496316031e+01
5.833937340587169729e-01
1.058411610813197967e+01
7.883638720831328328e+00
2.097621266888448588e+01
1.759337589798549573e+01
1.838206171502918096e+01
2.720967394089385039e+01
1.186167651993088157e+01
1.600605501770646555e+01
1.139463603144180581e+01
2.713903539986164049e+01
1.055651024993176179e+01
7.259426267570745495e+00
2.015678214909851107e+01
2.772308097079297795e+01
2.349221103054895821e+01
1.941270333562015793e+01
9.305015795656458977e+00
3.021633395821500301e+01
1.389206313531493464e+01
7.908818977229429947e+00
1.557730122344013068e+01
1.207951911971889558e+01
8.751223368108639988e+00
1.484239124215419281e+01
5.752497988203572277e+00
2.205925400698140493e+01
1.159603891715713075e+01
2.344730446556673087e+01
2.166871688180658850e+01
1.455520934088389140e+01
3.100844899129924670e+00
2.616043779072691677e+01
2.571929558093373203e+00
1.905726230632168239e+01
2.167826746580995945e+01
2.774168361941053718e+01
1.419981764442955807e+01
1.675044851566040904e+01
1.792231584920818932e+01
2.227362963804157658e+01
9.302837692978556561e+00
2.153470530708504782e+01
2.401909019076109075e+01
3.480657429763998323e+01
4.636870378370502976e+00
1.419053914154476104e+01
1.410707314532218959e+01
1.453047131244704815e+01
2.310698783627979935e+01
8.583395752775174969e+00
2.434269785728542956e+01
3.389467772965267045e+01
9.134239122303924319e+00
1.142942130166045445e+01
2.180564748429511468e+01
2.825085288681991358e+01
1.348230253697705194e+01
1.566991777413471709e+01
-6.101149417925881835e-01
5.699299207878397056e+00
1.481321446116882612e+01
4.133309185286776710e+00
8.856537026077120345e+00
1.141982162538758416e+01
1.177596517042873359e+01
1.283420493969103404e+01
9.787159176652792780e+00
3.369856936573398798e+00
8.738330076042316819e+00
2.037510058519210787e+01
1.192065020598508340e+01
1.902995820640931868e+01
1.621223799406067201e+00
2.068284758235315479e+01
2.042619980270171709e+01
2.520303462475608569e+01
1.574288991539749816e+01
2.216263270732623880e+01
1.683730405182870982e+00
1.293410959668206317e+01
2.183474642239331587e+01
2.858066657342415340e+01
2.575326363697057985e+01
1.922047834668276778e+01
7.113535948149177557e+00
4.101067107670090195e+00
1.227181935447987371e+01
1.213630589126366033e+01
8.926716682689871618e+00
1.201315925781192107e+01
1.656857539380152389e+01
1.392329365427512755e+01
1.831514880953390900e+01
6.561230865344668928e+00
3.769044731685369243e+00
1.665145230981478619e+01
1.222890741794772396e+01
4.074427854292054008e+00
7.356118499661079113e+00
4.626787165184154560e+00
3.293087343737270345e+01
1.981546064998733669e+01
4.635182840249953529e+00
1.897084613203914216e+01
1.679070520460628302e+01
1.622750410753246797e+01
1.232066188792093442e+01
1.862228382201664090e+00
1.205214094816035697e+01
1.548585816868505560e+01
1.609239535214828720e+01
5.085448263865046670e+00
4.981854844085262357e+00
3.033501937563280393e+01
1.602948979404372665e+01
2.141692839765082113e+01
6.731466848397857916e+00
1.298377862551375017e+01
5.624705030168016151e+00
1.871870622191327271e+01
1.760658267112809483e+01
1.706540634577767435e+01
2.802458480206041713e+00
1.137444356167365811e+01
1.700468238564134538e+01
1.555125516998148782e+01
1.659469427635175975e+01
2.505814390546674986e+01
1.678689780776710450e+01
1.156298547165073387e+01
7.697141949890394130e+00
2.273615276189870826e+01
-5.200612351669718691e+00
1.639437376808444924e+01
1.705866747101174496e+01
1.630557430929110296e+01
2.941583327468040210e+01
1.826729760419040360e+01
2.396344216040136388e+01
1.587314741151675435e+01
3.139152004204946422e+01
1.356104629551795426e+01
1.774037000358902105e+01
6.350539163091283967e+00
1.397563828978853451e+01
1.368305842420617324e+01
1.310798064608689373e+01
1.599738280977894078e+01
1.650348800231121515e+01
1.503377380617052950e+00
1.218226012789364177e+01
1.458638864845913474e+01
2.254653483019181692e+01
1.882013070698927493e+01
2.114558085736811677e+01
6.747207598426413711e+00
9.374020202090079579e+00
-1.079871224090993564e+00
1.520943448189323988e+01
1.986843959738975229e+01
1.917140187930157680e+01
2.186876228014040890e+01
1.330498129879420333e+01
1.688953395191768436e+01
9.526491661884506357e+00
2.601051955701500162e+01
1.870566069868181813e+01
1.070729525844502206e+01
9.786106079319182527e+00
2.735216673961872402e+01
2.181793826067310249e+01
6.160790200941136163e+00
1.890940985898112103e+01
9.631210869641762429e+00
7.679833592318061619e+00
1.298279674511445592e+01
1.512370323797470917e+01
1.133009994030250311e+01
1.259253063934630745e+01
8.205154024210628450e+00
2.413731616650557754e+01
1.261070011073930175e+01
2.094895433664661510e+01
1.356767513942061498e+01
1.299860595583505329e+01
1.437263942136297601e+01
9.909331587179352141e+00
2.321408095849304232e+01
2.153785359337192062e+01
2.874827268281906356e+01
1.717374193143612615e+01
5.677118741770769361e+00
1.636399451157227247e+01
1.286848226223916214e+01
-2.116909009561538824e+00
1.760342053237574333e+01
1.852015393654055231e+01
1.898315002073884017e+01
2.036760046557087378e+01
1.313442686313106833e+01
6.015012862515348502e+00
1.691453211969519543e+01
2.447568362016556875e+01
2.602908925576306132e+01
1.002354297541997141e+01
1.546076714335994495e+01
1.942979544966689787e+00
7.685556729840953949e+00
2.909372626224003255e+01
1.479554733595588800e+01
1.309591225522029845e+01
1.676960798790902629e+01
2.033466547450534279e+01
1.166161478215174441e+01
1.697426598423394495e+01
2.234657119879926768e+00
7.284932367764355376e+00
5.933724284654331882e+00
-3.400404233506947094e+00
1.135298086689866182e+01
1.902031242774240383e+01
2.619173215097987395e+01
8.113333739547186951e+00
1.998647020214157521e+01
1.694611143056209812e+01
5.763704743503879513e+00
9.590862936162977803e+00
1.042272704932409511e+01
1.320280345368008312e+01
1.099193711326533673e+01
1.245791153123194306e+01
2.167337426672595768e+01
1.397085661456915773e+01
1.808957620699804636e+01
2.365836038866974889e+01
-3.505072728962403517e+00
2.247075336287616665e+01
2.796046557600244142e+01
1.680480453558013210e+01
1.239493242769313497e+01
2.011669536939686509e+01
1.737080469166221519e+01
2.339763118173116396e+01
1.024055162034431987e+01
8.334733933451346388e+00
2.842686978279537158e+01
2.144951191553364822e+01
1.336958965403741928e+01
1.717429823237284836e+01
4.226464817229455662e+00
1.963359417794696071e+01
1.349569844093728932e+01
7.985361770428468731e+00
1.226684787544626687e+01
1.891858594832734752e+01
8.585210138080526576e+00
1.304248405359089702e+01
1.079801180373418390e+01
1.053962721422271898e+01
2.287880211480188564e+01
1.364207616598855566e+01
1.028789778716379999e+01
1.307945652691714145e+00
9.159995719064880859e+00
1.633256603031500731e+01
5.756147017170263780e+00
2.319179748688225118e+01
8.038183245768252050e+00
1.800540400921336470e+01
2.025803433132275444e+01
1.457473290013770395e+01
1.043999047664775048e+01
5.785575233557850083e+00
1.878179442010724642e+01
7.454355912933934292e+00
1.847582896081030412e+01
2.647861217557024816e+01
-5.276160508917826064e+00
1.317312888903893509e+01
1.225472118034829805e+01
-4.149508014680520773e+00
2.449918519552123541e+01
1.181216897889150630e+01
1.910727447411116486e+01
1.069678029280049714e+01
2.753615301495794654e+01
1.095010970390515581e+01
1.782957325721841357e+01
1.798815706102487866e+01
1.506486872868960347e+01
-3.179070769247331896e+00
1.752905994794718936e+01
1.162236562353059810e+01
2.048434313868328616e+01
4.708191143963503578e+00
8.916837279981166375e+00
1.877219633765828632e+01
1.141383889323116563e+01
1.520186121377114574e+01
-5.586403634492995707e+00
1.144217226432967038e+01
1.787500477192726578e+01
8.078757459264380714e+00
4.842230282083534121e+00
2.188057993550859237e+01
1.770916446051705861e+01
1.428149321971417862e+01
2.504673661111549876e+01
1.815635708288551342e+01
1.744345888771570685e+01
1.565601374073435181e+01
2.541148953225999207e+01
7.867169759185742350e+00
3.253000389434678397e+01
7.183177366159782196e+00
1.188364356877806927e+01
2.670669066993822582e+01
2.266613374194572827e+01
2.849470513353576706e+01
3.824033640068748241e+00
3.453017959043286567e+01
1.209008694913650572e+01
1.562041927455318557e+01
2.343717951943948208e+01
1.832509643100851804e+01
7.422333140175979338e+00
7.880632854190011471e+00
1.069218893869461340e+01
2.578780534086920539e+01
1.856964577560438556e+01
3.284161605211807000e+00
1.967533517559957801e+01
1.087569110205855338e+01
1.669664785216785674e+01
9.141833901287455433e+00
2.410905195464603423e+01
1.546764029795526341e+01
1.172009646324018206e+01
2.336876228630805485e+01
2.279213362797108289e+01
2.564046794034049981e+01
2.146807332763010123e+01
1.597680728657342542e+01
9.284864202585282555e+00
1.661626396828444285e+01
1.093007701103483953e+01
8.131168614569475039e+00
1.605904383953217973e+01
1.245520152845539030e+01
2.064634071250473824e+01
1.175851958334004621e+01
1.857991061517242315e+01
3.537647472811613625e-01
1.034505960298390903e+01
2.245634654921507689e+01
1.637397704806453191e+01
1.435688072936031290e+01
1.009039613612820574e+01
7.121162104441410179e+00
1.132014020111681418e+01
1.752489833211052428e+01
3.899384394258731845e+00
1.469079659799108128e+01
3.397498146804834818e+01
1.270074051440097662e+01
7.603849767380054914e+00
1.609634845225423305e+01
7.859693050367582146e+00
-4.625436547409847776e+00
1.055604263798103659e+01
1.021017174891780144e+01
1.226070177899779878e+01
1.204241466499253477e+01
1.228018427968018500e+01
1.754780789654635953e+01
7.390088048448859581e+00
9.156634784252929649e+00
1.426957374454509875e+01
1.613568555024248496e+01
2.495744133748382865e+01
1.478469882495006971e+01
1.029452488934239796e+01
1.785592643425772508e+01
9.460594385475786794e+00
1.245459259378435490e+01
6.379752710272498462e+00
2.580954734543350071e+01
6.560929929976495600e+00
1.827039857694676073e+01
1.801988255284555862e+00
1.306821174288563725e+01
1.646993982550500846e+01
2.335279276531508685e+01
1.215473898475745784e+01
1.277912955325476219e+01
2.574978356572641758e+01
6.119371392489668438e+00
6.156796655923287176e+00
2.255012917091811175e+01
1.488906652410457809e+01
1.615379750085816113e+01
1.977878323887543388e+01
1.219533619104791455e+01
1.403679116219778678e+01
3.231136380114705275e+00
4.464920678878883109e+00
2.072960348962913457e+01
7.438842503792500338e+00
1.733986242832750690e+01
1.660673071377861021e+01
1.902553598842688842e+01
2.045069244955833199e+01
7.782997149847169283e+00
1.133632830480620157e+01
1.785301876668117416e+01
9.404588630034439234e+00
1.365113444517089647e+01
-9.303346862499068948e+00
2.239219615543409247e+01
2.398844701519756484e+01
1.127985421567116475e+01
6.578205206652825154e+00
1.207387140279847415e+01
1.257842296621436162e+01
1.436877467350178961e+01
6.094751886308458211e+00
4.398279532666123259e+00
1.962210480175874494e+01
1.797948678725412464e+01
1.246579525311938141e+01
8.797740388408698209e+00
2.219545579652537270e+01
2.356445205639985829e+00
3.036988908903412465e+01
1.647695596306159871e+01
1.697044152403969974e+01
1.207949894202565133e+01
1.692850494970075914e+01
1.660698761000649881e+01
1.299011862189385624e+01
1.140900990587371666e+01
1.121272968203963671e+01
9.556448088647314876e+00
1.136503018568134848e+01
8.846379471610148926e+00
1.749914623019080295e+01
1.569302977197872906e+01
5.417217620130585942e+00
1.010897373992517601e+01
1.391250037973189535e+01
1.563320530122538798e+01
1.664220163815147657e+01
2.317714534812299121e+01
1.414982128707688958e+01
5.526166099933419673e+00
1.151266029661687185e+01
1.505582316606569293e+01
1.797805642695102080e+01
1.902673193895279979e+01
6.309984858771983340e+00
1.627151861708811964e+01
7.165004138225782526e+00
1.827986272309993865e+01
2.175398451890910678e+01
1.421717401087146015e+01
5.261437522733587002e+00
1.471817599811510036e+01
2.116392281496685968e+01
9.475730785490355856e+00
3.083204331207653581e+00
1.328168377415710211e+01
1.641367133482332008e+01
1.310619921040748181e+01
4.662875029902849633e+00
1.875778716284521153e+01
9.820386796883752822e+00
1.271350821405903275e+01
1.286016129228502791e+01
8.943962112028174261e+00
2.597436231511547078e+01
8.730080031258097506e+00
7.021453712015414794e+00
8.820434044273170571e+00
1.489201834075237230e+01
1.621669410154720481e+01
1.772406229460737848e+01
7.842414511689213441e+00
1.582810589752944708e+01
1.793380370829855508e+01
5.852902393725727848e+00
1.493277407448763938e+01
1.855522738610304856e+01
1.915716843098093136e+01
1.562400043924522208e+01
2.062338083506232067e+01
1.400332138366722745e+01
1.799597925263987008e+01
1.527339793034053628e+01
-2.380645850348628301e-02
1.389021149288848278e+01
1.119331619270954548e+01
9.233493291731377894e+00
1.740844008399184872e+01
1.022622530383193862e+01
3.179987294039183610e+01
1.106003720546813440e+01
1.595072542005948435e+01
1.923610812298622363e+01
8.134469586830263665e+00
2.153936294388590511e+01
1.339138254451847843e+01
4.009875177460713758e+00
2.455747141872636519e+01
2.312259925332682542e+00
1.323094726847692471e+01
1.883628003829182518e+01
1.389593640586087275e+01
1.079907331587155284e+01
1.442206428013703601e+01
2.227654343352367050e+01
4.297490963175718548e+00
2.180849341719495271e+01
1.693592912403292416e+01
1.603878802069287701e+01
1.396193452311992189e+01
1.611045685288375040e+01
1.777808299309886308e+01
2.075023118003123557e+01
-3.010272220369358820e-01
9.547578149436176886e+00
1.322329014109510581e+01
1.059978281965989311e+01
1.819118859532406418e+01
1.362163865672738439e+01
1.568561489513075458e+01
1.247117602601773001e+01
1.524549075611255944e+01
1.344699798152450398e+01
3.908163181287164889e+00
2.554542744127596166e+01
6.362467467467297411e+00
1.484966505002566350e+01
1.999924387643912382e+01
1.669826957493526720e+00
2.229035199679212553e+01
4.593113706969489840e+00
1.981482843123751536e+01
6.476738896484704355e+00
1.938120681988367267e+01
2.451722203806320977e+01
8.480319936599030939e+00
1.573622101776071247e+01
2.287303105559865912e+01
1.064390995455670463e+01
1.821165592971213698e+01
2.335199493006720672e+01
1.900290178877610003e+01
7.618177099045752243e+00
1.337839975959749950e+01
9.864342708746121957e+00
6.249612081873991087e+00
1.415157810289792906e+01
2.723568132158663957e+01
9.051580743939780405e+00
1.856192968094984508e+01
1.865693356350836041e+01
1.141422765514073490e+01
1.250978300652596431e+01
1.506478572486378198e+01
1.674299600665587917e+01
4.015891375115501205e+00
2.077021390499049858e+01
1.579701715773452975e+00
1.297091651333485629e+01
1.464329101635723873e+01
1.470604707517205156e+01
1.326227877508109998e+01
4.163145118329978800e+00
1.785211885517557562e+01
3.068403744317987503e+01
2.118891851191931863e+01
5.909936248925816926e+00
8.806184325530665546e+00
1.532927952809155414e+01
1.213210871105190591e+01
1.540917477756320864e+01
2.547443603144889579e+01
2.470671208829314480e+01
1.514049369428740022e+01
1.567048496432467175e+01
6.547346576259300832e+00
1.433751490989739352e+01
9.893048655034476724e+00
1.362188063453959330e+01
7.964921320926762860e+00
1.507646336594690695e+01
1.336186806814133377e+01
1.367281956483353156e+01
1.334486718181983633e+01
2.056023002122385890e+01
2.206619242977079409e+01
1.370264062789429715e+01
4.918765069718347149e+00
4.673971781743944121e+00
1.470552164443937215e+01
2.155619115873010827e+01
1.521046219839109881e+01
1.312782755432756687e+01
1.749682994318964546e+01
2.257619605915633088e+01
1.643421396584597716e+01
1.576777361259196653e+01
2.216010454056841894e+01
1.723214646714319542e+01
1.730240047382235247e+01
1.990685000926085024e+01
1.309607587584143573e+01
1.614300493788552160e+01
1.560381284532057578e+01
1.962179309635562419e+01
1.511013135723139555e+01
1.357752039707067127e+01
5.292196699808528138e+00
2.222558485596633915e+01
2.366206103714280573e+01
2.555615778932218518e+01
9.710205444458338775e+00
1.820324452666775983e+01
9.517299082547616251e+00
1.132748274629000207e+01
2.079956083777169340e+01
2.621008965892158926e+00
1.026724653065316772e+01
9.929200109375528882e-01
1.316932535332894361e+01
1.241402734476747582e+01
8.574902346206101811e+00
1.243398510751995900e+01
1.662316935302570187e+01
1.673551652540869839e+01
2.631146251764334920e+01
1.724686120131337930e+01
2.415739120178011490e+01
2.325845327804352536e+01
-7.539030905874966493e+00
1.903786762989277292e+01
3.501426079011324077e+00
2.054878539229403600e+01
9.039987967369015109e+00
1.597999223110501532e+01
2.577173158709474166e+01
2.045337645786301550e+01
5.449527793657438224e+00
9.700424338504916477e+00
1.063289672942079278e+01
-6.678289461259225845e-01
1.298449715036795737e+01
1.988176094366476576e+01
1.575995258668866938e+01
1.537137707852154733e+01
1.855471890940514612e+01
1.672290143595803613e+01
1.459824975091488852e+01
8.034226975767239765e+00
1.849443750037809053e+01
1.013082495652972170e+01
9.000304452433425695e+00
1.200659760486128391e+01
1.467809870660320826e+01
2.737411624761070783e+01
-8.390308495133211864e-01
9.004824600667049594e+00
1.313334908947656743e+01
1.259445978550512280e+01
1.657868658937950102e+01
9.028977210245244578e+00
1.343833981311836112e+01
1.827404886194806721e+01
-6.157178161213181511e-01
6.648338648239302984e+00
1.756099086259276021e+01
1.195724321894161335e+01
1.061128738767209256e+01
1.323104303443977869e+01
1.916691062395119616e+01
-3.409693431479709602e+00
6.766938640939287097e+00
2.092796452054589906e+01
6.024668055038489456e+00
2.333993042105548454e+01
1.687474929643821042e+01
6.617284798067515794e+00
2.127260283003674601e+01
1.068460246923102375e+01
2.783385634763007488e+00
2.048108567168729621e+01
1.286097082780757717e+01
5.419047329802708646e+00
2.054539407554598540e+01
1.365852861131331508e+01
8.948828528779273483e+00
2.932420963887361154e+01
1.198385104077898689e+01
1.507759228774075666e+01
5.512681453254174357e+00
2.213416022396744864e+01
1.905323034757054756e+01
7.494212492370976975e+00
1.446867029231658819e+01
1.780854079184916827e+01
2.911859174288679242e+00
1.217729223175562936e+01
5.284449961238223636e+00
5.130283870752464281e+00
-7.165686828804226138e+00
7.375936858417347253e+00
1.194139376146566178e+01
7.652034189856109947e+00
3.402653057222835287e-01
-2.310340449797550377e+00
2.690933040486324757e+01
1.821641444104937335e+01
1.868093069012964946e+01
2.199029930453272641e+01
1.028263804618489985e+01
1.094107004237731928e+01
9.235215413482890767e+00
2.370412773772397230e+01
1.236552728558358183e+01
1.311234074248437764e+01
2.066301880795613499e+01
3.127000151491436242e+01
5.238948967874648588e+00
1.689085603251687218e+01
1.597643213816692764e+01
2.112539328842628095e+01
9.931889196546208609e+00
1.031356449424930588e+01
8.471903989195482154e+00
2.141086346928037187e+01
1.613999388259949086e+01
2.543288728130622189e+01
4.609615846814705264e-01
2.895557991788835039e+01
9.103963200215190454e+00
7.766333659907388665e+00
2.115268894958481383e+01
1.805434272431772058e+01
1.894067980915489358e+01
1.997891657178610103e+01
2.710655583336706798e+01
1.023540203084533573e+01
1.761210221507782592e+01
1.197868511672952962e+01
5.279593207555763001e+00
8.939437032469712108e+00
1.730947871141636085e+01
1.533528172400519907e+01
2.331256657256494691e+01
2.032377314629160026e+01
1.888076808358271563e+01
2.127038163146973204e+01
4.140875375296516836e+00
1.643670389617240346e+01
1.093439529101169683e+01
1.420228312487729738e+01
1.656733599008951785e+01
1.065419623195627707e+01
1.924922993528312531e+01
1.340397403025706780e+01
2.821334710573435700e+01
2.208096643607916576e+00
2.021031970182861670e+01
7.098088259517211895e+00
4.381656103546248460e+00
2.516090855162812545e+01
1.368491862794612501e+01
8.813594576604344866e+00
1.666448742283117213e+01
1.922755837919122257e+01
7.650745886209236346e+00
7.626201371944048901e+00
2.101084878064774841e+01
1.945064061720272974e+01
4.363241464667112268e+00
1.092968388007894021e+01
1.950505442934915834e+01
1.179005383833592191e+01
9.415949587969734580e+00
1.053569492214825232e+01
1.239777403681293322e+01
2.293343220201415988e+01
8.486509710131159068e+00
3.648190705537625433e+01
-1.105249975554431074e+01
1.608508406653179890e+01
1.980495837330344955e+01
1.472266944797860333e+01
2.256693333037127047e+01
1.852727759948631103e+01
1.494610871112610084e+01
1.370683030932683266e+01
3.084792238243892371e+00
7.502205995099586744e+00
1.479265800830920341e+01
1.321530691204425523e+01
7.369609271230757486e+00
1.679725336967567273e+01
1.614190291468877092e+01
2.337593617585177697e+01
4.979974435137776823e+00
7.082340345045949448e+00
2.159764389042616983e+01
2.071483228771884910e+01
1.554594008526689208e+01
1.379975609521727620e+01
1.810017685004552845e+01
1.554833366900386693e+01
1.742019971610827156e+01
1.242919733771502422e+01
1.983955501044977865e+01
1.496433341829394692e+01
1.228981294161553706e+01
1.472985865866250776e+01
1.823488838623203634e+01
-1.232072866861869898e+00
1.748623648452279156e+01
2.000601486468130474e+01
6.731744995395899878e+00
2.412037116482289889e+01
2.595546416436481962e+01
-2.231708874803615572e+00
2.307679111623038182e+01
1.350919804589111095e+01
4.192842606739390021e+00
2.733294324363910022e+01
1.589650636491127500e+01
2.336132386084608470e+01
1.420036328772752654e+01
6.197136724049656209e+00
1.210773148514579134e+01
1.861194716824105910e+01
1.891420385910404178e+01
5.350778420256517620e+00
1.923050912657445366e+01
1.808085068063366663e+01
9.628079006897237946e+00
8.480657895538143976e+00
2.027722454286410425e+01
1.553331095620494295e+01
1.561152623712101217e+01
3.885434914090495795e+00
2.637686086328062629e+01
2.994096340085779673e+01
1.001766295263377060e+01
2.376783171469568856e+01
1.079971361792962625e+01
1.073421464510010992e+01
1.750521057406136549e+01
1.124382250876810474e+01
8.930234208006154972e+00
1.745172493534406044e+01
1.984117624624963838e+01
7.436062018050023426e+00
2.265651535770992808e+01
2.017734935523345996e+01
5.427694108038778609e+00
6.734139068471534983e+00
5.155347636997248628e+00
3.476547617234999166e+00
1.575450538168921355e+01
1.964923931235417598e+01
1.055413921483632578e+01
1.116919902346167248e+01
1.900323582504452702e+01
1.092473095091142454e+01
1.435551461130113182e+01
1.652323628656844789e+01
1.500606002795198890e+01
1.567888236139995684e+01
1.498296597421796150e+01
1.021266239871266635e+01
4.677975523183292239e+00
-7.327416101906166546e+00
1.670084899923213584e+01
2.973539656839960799e+00
2.164445074375338152e+01
6.321872946379329505e+00
2.236966590073383543e+01
1.943626713983565679e+01
1.494101023401917416e+01
1.224593805787421275e+01
8.589336535109794113e+00
7.553007917026661744e+00
2.224610764307325894e+01
-1.489700162763085700e-01
1.842700509774319784e+01
1.242818574082097882e+01
1.097186343414119847e+01
1.986522826741100545e+01
1.049153805512769111e+01
1.683580534871407508e+01
2.462953365385052251e+01
9.198578348389659709e+00
2.458878496549996129e+01
1.619904106610651695e+01
1.208825814895887163e+01
7.885010098135524004e+00
1.387068459328035885e+01
2.917365578252120883e+01
1.515566777405031473e+01
6.448105038296489511e+00
1.940548484930595663e+01
1.232134325425096222e+01
-2.008288314865680491e+00
1.804190583956827965e+01
1.064313226608986440e+01
3.178387102643398521e+00
2.996625915155971853e+01
2.171354162619248029e+01
8.969633234512599529e-01
1.934525426408242765e+01
-3.004340728654725012e+00
1.813125222100885736e+01
6.551249409402572610e+00
2.676929907579929591e+01
2.697794315893529671e+01
9.574599167863738103e+00
1.952895472428629375e+01
1.326905679324248410e+01
3.408679913592125388e+01
-5.305981905248984276e-01
1.109601998586352067e+01
1.938263580541722320e+01
3.401820855331152416e+00
7.553076388351172454e+00
3.014628134689692018e+01
2.690183188626633637e+00
1.825416989976091742e+01
7.741316584942168788e+00
2.787647032634127697e+01
1.903544577634521318e+01
3.800870181648633661e+00
1.036708475289080411e+01
1.520320410561384961e+01
2.091642921901160435e+01
3.138698403973018713e+01
9.739054194156807398e+00
8.358102178465301790e+00
6.374593287029497901e+00
1.380667753543302467e+01
2.729376700842593095e+00
2.341261720938031488e+01
1.779122458995098555e+01
1.503205328056056089e+01
5.099540174922125857e+00
9.407325364571491377e+00
1.956289166874456953e+01
1.151495780011596537e+01
1.052967473090497208e+01
9.652150566162873702e+00
1.580947685596521524e+01
2.342247958061651758e+01
1.703812029303895059e+01
2.524334626197560283e+01
7.493373554779026335e+00
1.184747897146576179e+01
3.794442087679399833e+00
1.066293010509158989e+01
2.265453299645131580e+01
5.331999713422234777e+00
1.753210180570228260e+01
5.950602962048833433e+00
1.543238721606890351e+01
1.617763475584789035e+01
-6.795815048140241288e+00
1.397531294076154040e+01
1.865665017101257206e+01
1.709987705133317348e+01
1.870327156954576253e+01
9.092836697718439609e+00
1.745974218001551037e+01
1.269872828793306496e+01
9.591697517507469684e+00
2.233466424230449121e+01
2.162077067593600077e+01
1.189219751589645568e+01
1.957164959509449176e+01
1.967875634769471560e+01
9.033059980208591355e+00
8.907666802890275903e+00
7.303356094337686955e+00
2.551592571874635951e+01
1.456481445750272030e+01
1.997356636757379533e+01
1.734732512938673210e+01
7.554576546206291709e+00
1.869831404193843127e+01
1.051620814799252912e+01
2.329247325223881404e+01
5.543349838286587783e+00
1.762803552554670716e+01
8.405963113466597747e+00
1.993502601071739377e+00
8.627613006863867895e+00
1.955205420063948907e+01
1.338594186697449118e+01
3.019160351399270326e+01
6.973602342267795962e+00
2.031747075314228823e+01
2.142479983901565532e+01
1.741616938436861517e+01
2.572476965982381358e+01
8.904768669208095844e+00
2.277982494822424542e+01
1.914274636785533801e+01
5.310229587156683806e+00
6.952594569620714537e+00
2.200665383244658813e+01
6.829601391194955795e+00
1.538622155898385557e+01
1.432507907539027059e+01
1.565420907315541399e+01
2.131481831857111331e+01
1.759840527610055716e+01
1.165123262310775942e+01
2.813190206449804975e+01
1.610746249225363158e+01
1.713584679527866683e+01
1.600875253864795411e+01
1.037956091454944385e+01
2.014443044147519402e+01
-1.267814392644737609e+00
1.588780962368635130e+01
2.558824747967537405e+01
1.339050076439299630e+01
1.334233536650684471e+01
1.417341930210652379e+01
1.599475364328289118e+01
1.314558764989186557e+00
1.651137235659720659e+01
2.109156308990768025e+01
2.223704576420630019e+00
1.321858612342747108e+01
2.241630280691012445e+00
1.276104953946432374e+01
1.236995182314845465e+01
8.918357747725650597e+00
2.050143996812575153e+01
1.639542519429511458e+01
1.893547660463048743e+01
-6.511931931692572562e+00
1.618670789795881149e+01
2.566800271219048568e+01
-1.076550725038046608e+00
2.375474671048962705e+00
2.423759044057348433e+01
1.284526744239332174e+01
7.764393188863209616e+00
-2.451255915238391481e+00
1.250409738706650842e+01
3.127468050414942979e+01
1.653140877340251791e+01
2.159546579126705979e+01
3.858154951493730778e-01
1.467309046179708787e+01
2.292927698889085519e+01
2.273203666798080036e+01
2.190286424040317570e+01
2.173331661759520728e+01
1.283854882604701686e+01
1.591640626943330972e+01
1.244841645048906287e+01
2.468413131670935456e+01
1.606418939050482209e+01
1.297758145296620569e+01
1.104402704114228584e+01
5.092732972686867754e+00
7.452186699289441663e+00
1.736790436714377250e+01
1.077272800314185019e+01
1.636341794006465022e+01
2.428798321577802000e+01
1.152771256583790205e+01
2.255933907565333385e+01
8.763686321735988827e+00
8.003059006147367427e+00
1.460639636010543541e+01
1.996550759630255811e+01
2.854102312165702671e+01
1.500801844376559302e+01
1.944224363648282861e+01
1.447690410564260333e+01
1.682675037158377052e+01
2.646017218398572624e+01
1.389644688884399670e+01
7.700041160436228438e+00
8.769836542557200687e+00
1.586907324032173960e+01
2.231640999643239809e+01
1.211408813127573580e+01
1.745902229995249400e+01
5.661679265624201207e+00
1.892754120330744172e+01
8.601779338984499645e+00
1.355102526196849055e+01
2.656829641013668208e+01
9.536306584725622315e+00
3.166214961443897380e+01
2.577725494570930920e+01
1.873132895508410911e+01
1.891944219513353431e+01
2.040807808971561599e+01
1.636732715760555834e+01
4.045465563765404227e+00
1.059522886693970634e+01
2.365019649314820782e+01
1.250354022334457227e+01
1.354654736313675301e+01
1.792393042128679781e+00
1.681228580051720911e+01
6.170207212324790191e+00
2.415331504099079041e+01
1.748175856695203123e+01
1.418549284857073900e+01
1.559824122041723626e+01
9.242154845339300095e+00
2.438353086301461303e+01
7.223101933277519038e+00
2.278233716940906106e+01
1.681237373777490518e+01
1.848737443686189863e+01
2.053929729006917881e+01
1.092005570641232737e+01
1.743991728166275834e+01
8.565592234471097299e+00
2.141288731656058530e+01
9.045790128382535045e+00
1.357211195579279206e+01
1.098184638397673041e+01
1.755363993516065335e+01
1.429185260499320975e+01
2.141602225367263657e+01
3.939719436843745370e+00
2.463213592150270870e+01
8.508326935598844898e+00
2.515683905429711587e+01
3.245217799330257691e+01
-9.177746715617729478e-01
8.653197288417487698e+00
1.455388021131790310e+01
1.898110953814638435e+01
1.102082564285583999e+01
2.793479269030370205e+01
1.171989640732942917e+01
1.181933488001769206e+01
5.523421455831552862e+00
1.329064630189616025e+01
1.751163199118919067e+01
1.264440535130371757e+01
2.572452946994772560e+01
1.691830221745148322e+01
1.324291587370197476e+01
1.877636257112203566e+01
3.918488702509051791e+00
1.341190002832472317e+01
1.801336530702955940e+01
1.967208713565101874e+01
1.770942325963427777e+01
8.685587091088720513e+00
1.037455859477334741e+01
8.948865506888438404e+00
9.595610733458414643e+00
5.287998608747045637e+00
1.790862353119519668e+01
1.571050648581625353e+01
6.033159954169065031e+00
2.723423796575163180e+01
2.804627237602859680e+01
1.282337410386345766e+01
1.969381153667322337e+01
1.772144142342568074e+01
1.485887837466165706e+01
6.423355274651385116e+00
2.286726459070570172e+01
2.056678659095479134e+01
1.408503715288013325e+01
1.581512965093300238e+01
7.210403009475868430e+00
1.986668844222234043e+01
2.044843914986596189e+01
1.881181520627109194e+00
9.547435393277623916e+00
1.035192232697433212e+01
1.211073276106219510e+01
1.851738853578254407e+01
1.845300721192061388e+01
2.222097301674368452e+01
7.104715771151077774e+00
1.593660788115867177e+01
1.972326818262666848e+01
8.476860783622484519e+00
2.815385809546839369e+00
1.890040110091150893e+01
1.525480295869576253e+01
2.267836133313416269e+01
7.299167364633248667e+00
1.313547249822113372e+01
2.606460992264760534e+01
1.509122886019881093e+01
8.825374234507449955e+00
2.591704904826979572e+01
1.519364592662439861e+01
3.399751501085745531e+00
1.314164760829852696e+01
1.018466643062866694e+01
2.091187104206549208e+01
2.179463830292819182e+01
1.859723568107916947e+01
1.646109643092304964e+01
1.621609369097896547e+01
4.872286615944062760e+00
-2.366552981864629146e-01
8.263665792701132773e+00
2.825906926384902818e+00
1.959145933018697860e+01
2.171119951449129104e+01
5.475668352270091077e+00
2.410662389319610099e+01
4.755133237496195875e+00
2.342386294138394476e+01
2.813586620907749847e+01
-4.279543404711873222e+00
-1.201991413019683819e+00
2.356501241940444658e+01
1.285227646471481933e+01
1.344345838905013579e+01
2.384305609256322356e+01
1.065749080969769125e+01
1.813009985685091863e+01
8.588662118377087040e+00
1.732263345686457257e+01
4.750493533867839346e+00
1.962226919963019611e+01
1.966049469285492535e+01
3.935493975697312408e+00
1.776417718452044880e+01
8.765955992247498330e+00
1.567924090571334261e+01
8.376212128600471374e+00
2.150430470214755019e+01
2.227953306960036173e+01
2.118176142397452111e+01
1.938180159323980689e+01
1.779665780257602137e+01
1.052517911662535255e+01
5.170255293831417021e+00
9.539992430488695163e+00
1.044410318215072664e+01
2.064638990908235883e+01
1.602697600625238294e+01
1.044263157973186651e+01
2.709662130220650766e+01
-6.345310990134294116e-01
2.283879046595026807e+01
1.062817306060344436e+01
2.364382334217129511e+01
-5.547070861973899980e+00
1.980856406571430028e+01
7.292313942872780785e+00
2.006657746716541624e+01
6.276979283114357600e+00
1.115011281040786173e+01
1.812463072102048045e+01
-2.543661306638682618e-01
9.038282097845282692e+00
2.445556355268238491e+01
1.750282411355897239e+01
1.543447372232280657e+01
1.970445616599988625e+01
1.495502301115843835e+01
1.818592978936218429e+01
9.967302624688784363e+00
7.824645779400100309e+00
1.476167216522789261e+01
1.334262206009229601e+01
1.338777888556931828e+01
1.762801277910267572e+01
1.926032388201999623e+01
2.487379593761406227e+01
9.761309445590839573e+00
9.488716852954766523e+00
4.762351886166300119e+00
2.092993554657476807e+01
1.316552315205385071e+01
1.231179298450982174e+00
1.046623710581245348e+01
7.704240020489407925e+00
1.375705276184906012e+01
1.553292323509942463e+01
2.544373089716034997e+01
9.887397324625936790e+00
2.007256570461407819e+00
2.318818981557544845e+01
1.712045105456085992e+01
7.585061186591147475e+00
1.503212093629142743e+01
1.271494053761783505e+01
1.191370663479037262e+01
8.162029601947679680e+00
2.257223068523443743e+01
1.000252385298459501e+01
1.753154458982702124e+01
9.939145197277582611e+00
7.442928017667654217e+00
2.262818211824367864e+01
1.165192067036656454e+00
-4.639148591083142037e-02
2.075748234952672533e+01
1.190082709916054426e+01
2.103445324384185966e+01
1.123986879336894162e+01
1.719994836002803851e+01
2.635586364047580332e+01
2.745895711915056125e+01
1.814620276491860551e+01
1.058438628567245132e+01
2.322638946949396654e+01
-1.045151406992957277e+00
-2.356504477070515691e+00
2.511656404812413967e+01
9.453924163973312034e+00
2.942840662666460361e+01
7.955848838335640494e+00
1.814666680013801425e+01
6.979302213577142311e+00
8.071520616595194042e+00
1.039427203754118523e+01
1.437447423478512576e+01
4.439440718358952154e+00
3.090247925548340646e+01
6.183673605585383370e+00
6.418701075844722936e+00
2.040777976241494684e+01
1.686268424783099817e+01
2.432393474902020358e+01
8.016413707283419399e+00
5.283318020183429553e+00
1.013375380995142905e-01
1.551841769143308625e+01
2.915812467470706792e+01
1.566122412443304057e+01
7.989156811021260296e+00
1.999187971654856000e+01
1.676312972558463343e+01
2.205946634939531492e+01
1.571234410016828065e+00
1.340623434956312110e+01
8.786307854609006540e+00
5.926661175497827116e+00
1.136122578269457506e+01
5.226538137746530310e+00
2.398693023064409857e+01
1.565560368735364705e+01
2.326310900868094222e+00
1.680190724072359387e+01
6.520731769209078266e+00
2.598230930001788863e+01
2.231207803014112301e+01
6.268781304727696124e+00
1.774346704599911106e+01
-8.816005008335423554e-01
1.582846111889125496e+00
1.844904901003101827e+01
2.558917924503769115e+01
9.685856695049707810e+00
8.378375412739714534e+00
1.136175870764553508e+01
2.645209742416507481e+01
9.253717746487623685e+00
1.443950929790227633e+01
1.847812117708446777e+01
1.882455962833915919e+00
2.483033872894443306e+01
1.400080377804881948e+01
2.340920699538551730e+01
7.573672066720547491e+00
1.802968693938853306e+01
1.673995293465086576e+01
2.236731029130939419e+01
1.935255192586500073e+01
1.598500512505025029e+01
9.215047950404482435e+00
1.547331471747514797e+01
1.321368291365340042e+01
8.806909098587297535e+00
1.564455411985381517e+01
2.060275957000645519e+01
1.357869867271580233e+01
1.348084969579592496e+01
1.851702631983226865e+01
1.935408442850018673e+01
1.192651523182465212e+01
7.766510328963306620e+00
2.120474821872101501e+01
2.814683168374523348e+01
2.309398366730904684e+01
1.214788726786696316e+01
5.655494465049656583e+00
1.287496175146539201e+01
2.579054558673770714e+01
1.059714500094094092e+01
2.085562798870692802e+01
-1.417523252492173924e+00
2.115187552441584984e+01
2.315466411402289282e+01
1.478190306595124071e+01
1.810225525793166668e+01
1.912117523803676988e+01
-2.479150356240012343e+00
1.207620923553719194e+01
1.709228736116189395e+01
1.600337550038546652e+01
7.116013105881521028e+00
1.855218123296835131e+01
2.862802826139476764e+01
9.859091494537793210e+00
2.245288438208471860e+01
1.710876152736715028e+01
1.791042066387370113e+01
1.468013599363979438e+01
6.813570270990965128e-01
2.446459077936151516e+01
6.715852448298903710e+00
1.664944235637365466e+01
1.995522015932465365e+01
1.981325193531891671e+01
1.687846535593432407e+01
1.579979221247172916e+01
8.283717351641357141e+00
1.051469290653820110e+01
8.161310939881488480e+00
1.870255071814919745e+01
6.197726642410145814e+00
1.323416662346100736e+01
1.219088385193830959e+01
1.564096940135394220e+01
6.261774375686769645e+00
2.027011953498092822e+01
9.737486944091472196e+00
1.133871824832409914e+01
1.569187540283836313e+01
2.265225420615073659e+01
1.140803528918216614e+01
1.930481722393344768e+01
8.384051101339494494e+00
1.521015709479053157e+01
2.160554468625485924e+01
1.233859077382425085e+01
1.499887755653759314e+01
1.263881835380927754e+01
1.403074451968511482e+01
1.412679391267330686e+01
1.306539081047390027e+00
9.466541682346331754e+00
1.446961608888581452e+01
1.915349817306292834e+01
-2.200109880635636728e+00
2.960694203203977537e+01
1.999666142083581377e+01
1.960551396435874238e+01
1.286800515080869900e+01
3.912173042494586639e+00
1.773688894716544695e+01
8.021105460734304415e+00
6.969955078085533273e+00
3.148360937949672689e+01
2.636814609843614221e+01
2.377661979719763963e+01
3.072120171962441759e+01
1.680872926269248779e+01
2.137409233210608051e+01
2.469149641150494290e+01
2.466254055159700442e+01
9.581042601708972484e+00
3.254980151480597073e+01
8.219870795905023897e+00
1.757601867869311008e+01
1.240907284645498976e+01
1.035112813354427885e+01
1.001734037510715325e+01
1.940068602362761396e+01
1.763604403510294105e+01
2.284336767058810835e+01
1.725096349570736720e+01
1.384316519282512559e+01
9.962173832065133183e+00
2.444470094052919507e+01
1.878567969153964867e+01
6.981709460165390624e+00
3.220070893987646343e+01
1.695701806920048682e+01
1.227777442209213632e+01
1.118604481497996517e+01
1.208347264202198801e+01
1.248809396803441985e+01
1.431668470295821294e+01
1.902449792406582674e+01
1.584862763388696294e+01
1.215942327414074953e+01
8.950646658791441723e+00
1.837596398955550114e+01
1.798425755955854299e+01
7.075561147942906359e+00
9.990936214827883077e+00
1.576915306355668633e+01
1.150783140400724847e+01
1.039310043063717615e+01
1.608067938238568928e+01
7.703206378851888303e+00
1.978894746466443166e+01
6.929840937731796657e+00
1.627136274574093022e+01
7.524066795298082866e+00
1.256356938030369008e+01
2.213339231050017020e+01
1.418881725444627762e+01
5.783369026688461645e+00
2.002452998923300953e+01
1.925630114064558285e+01
6.972916972557015924e+00
8.265711773239402760e+00
1.944330352393859584e+01
1.157395652843432288e+01
2.580936361686836733e+01
2.167678996828114180e+01
1.805604773216187198e+01
2.222081787120939111e+01
2.103635468918740514e+01
9.625612920457541577e+00
1.502915387557790439e+01
2.046072570417716463e+01
1.854011207335544498e+01
1.519998585802838420e+01
7.297979551702951539e+00
2.489955643909492267e+01
2.636059613880781427e+01
6.706267294708197824e+00
2.058558510957073651e+01
8.680335348764359082e+00
3.161841920566381248e+01
1.235696357687631064e+01
1.779419500380667074e+01
1.154517838754240699e+01
1.863937576474720004e+01
1.959609882421737836e+01
1.326038779406590606e+01
1.885861575565812132e+01
1.239824836451134615e+01
4.566451092207699958e+00
9.241298167404153219e+00
1.735930579245356853e+01
1.426244170383894527e+01
1.728377324008721416e+01
1.347478643366612516e+01
4.351056850556233258e+00
1.383377222358674885e+01
1.493543443485437194e+01
1.601808094653816283e+01
1.408251838729643168e+01
1.947825069178732349e+01
2.416174095622383788e+01
7.604195163826773296e+00
2.709759174010110883e+01
1.045154595244585494e+01
1.016219932202915288e+00
1.247778705467501936e+01
2.781636157570365242e+01
7.838910288609092447e+00
4.648083289689722619e+00
1.126791034331854746e+01
1.517455234480631532e+01
4.258427703565530464e-01
2.733474982215459193e+01
1.653337262068345126e+01
1.770376507550631828e+01
2.462161480642791389e+00
2.368593025959755494e+01
6.579195171392655084e+00
1.722921472588367209e+01
5.438788412189794030e+00
1.071698740756373525e+01
2.435972285669311077e+01
1.917147957637715194e+01
1.546519361413522375e+01
7.904909677075806940e+00
8.491481732040384145e+00
8.342609355464489340e+00
1.344053069023009073e+01
8.251854133962922333e+00
1.018633143387640416e+01
6.230073465621700279e+00
1.091329035282724647e+01
3.792149991726688540e+00
1.507775916844393294e+01
3.583535006160744274e+00
3.962973143827198896e+00
1.287505262409985107e+01
1.310860068831317449e+01
2.640687356476675518e+00
2.106495190531479977e+01
2.595679926796999837e+01
8.779065126242073802e+00
1.178676025027267826e+01
1.654216044442206623e+01
-5.288466402957936907e+00
2.431375017898047020e+01
4.906881056304669642e+00
5.460076984502151731e+00
1.232481514451582427e+01
7.965226070631501898e+00
1.403293752730566268e+01
1.276296436615101015e+01
1.545859542313930035e+01
9.615104793185722087e+00
4.767017849157525688e+00
1.225301718171816390e+01
1.914203707701551593e+01
2.198306914901748144e+01
7.073686976380201941e+00
2.365382434338333439e+01
1.830137958330965375e+01
1.702575645803747761e+01
3.103127185016684564e+01
1.175101698793079663e+01
1.917390917977891718e+01
1.334355541238693377e+01
1.554167796660061640e+01
9.733424689978050992e+00
3.029862444498550644e+01
1.869366488067500143e+01
7.540272317107294953e+00
5.570059052205778016e-01
1.541059292923118562e+01
1.488968431943027326e+01
5.029293042550449400e+00
6.453650586838250547e+00
1.068462110006551313e+01
1.608795752252196110e+01
1.451900969264274011e+01
9.526685107185997481e+00
2.709398953642910612e+01
3.023064171099008490e+00
1.947036624238137392e+01
1.194362878131632044e+01
1.674054216370822701e+01
2.253933455447143785e+01
1.084512948973028301e+01
1.054615413537783297e+01
1.467435776087839372e+01
1.961837919583044254e+01
6.854922966931169981e+00
2.278971327993136242e+01
1.673332390252369350e+01
1.041901057256586682e+01
1.601557450934438975e+01
2.779396761076585420e+01
1.159316842742559572e+01
2.752728476560244530e+01
1.956786221504103196e+01
1.620735563199309581e+01
1.609899020924270729e+01
9.346708579340187839e+00
7.203099033460063083e+00
1.630561960282028622e+01
2.334093345979462697e+01
1.203189935695907309e+01
2.676067705255822204e+01
7.645957930656095414e+00
1.611508335341200393e+01
1.262515528071197934e+01
2.726798110776911699e+00
1.801375390823270095e+01
3.683966624257749345e+00
9.409086325894278957e+00
2.967034016294037713e+01
2.013288035093774653e+01
1.461819861208277871e+01
7.357412447233855346e+00
5.289778232303874006e+00
2.483939850434288843e+01
1.434554355373691692e+01
6.970087896775837066e+00
1.199846052932701923e+01
1.800084552316349118e+01
1.340080459394647505e+01
2.041650302727770594e+01
5.712390540167632480e+00
3.669905402709407838e+01
2.158019221086354378e+01
4.029527495508327917e+01
8.021150867636393400e+00
2.009783674980042179e+01
1.048993298495457083e+01
1.009226970204139207e+00
1.088147995516686706e+01
8.335700119879163594e+00
2.526469793101716732e+01
2.642684489226595446e+01
2.195054507636232444e+01
1.469652744424141133e+01
4.453273735684867063e+00
2.419862241758008281e+01
8.220663000869649295e+00
1.686211201938728266e+01
1.145672985342956451e+01
1.309045285065558062e+01
6.205274308541874007e+00
1.915189309433237952e+01
2.278266684063947878e+01
7.420738747909069843e+00
6.011842306976191708e+00
1.375822676197802252e+01
1.181849234920281333e+01
1.359457006222812936e+01
1.334556702117457405e+01
6.514722106295195658e+00
1.336617649059347457e+01
3.081615098746989645e+01
1.661638759943923560e+01
2.319525825034778421e+01
4.749305793435397050e+00
1.362622626778599511e+01
1.207142147695347489e+01
1.733114685860754633e+01
1.357130813089807475e+01
-2.403533845103567046e+00
1.166789182874326514e+01
9.704565493116660946e+00
1.261730070115291369e+01
1.585430515968289455e+01
1.693288432099590324e+01
1.837923218242008971e+01
1.474680882777747115e+01
1.006162161756051887e+01
1.259288309428580988e+01
1.615164040956555880e+01
1.758612707313697854e+01
3.648892889680865892e+00
2.341461386806032863e+01
9.226921947074146146e+00
-4.442055812969144313e+00
2.362254792506924872e+01
1.734430079860239005e+01
1.410880125288852582e+01
1.266578754797630779e+01
1.338720257262818336e+01
1.768918589677555531e+01
1.221887630970992689e+01
1.817371002871517049e+01
3.647028828260317823e+00
1.845442168164143482e+01
1.715997069424622623e+01
1.710994594091741305e+01
1.525489338000767248e+01
1.476957265747327597e+01
1.869377431748413443e+01
7.581303478354541880e+00
2.224969311926526672e+01
1.618688371235928969e+01
1.884154218149456028e+01
2.308663071199482175e+01
1.970256994011067775e+01
1.542892707114526729e+01
2.810641268372216928e+01
2.653656323756412405e+01
1.575390556541624676e+01
1.175520769541901700e+01
1.455663861782569768e+01
2.017655171252626900e+01
9.231731600792670633e+00
1.156736912782766069e+01
1.269586211282977217e+01
1.439166448587698710e+01
2.086471638791358885e+01
1.414344188805731051e+01
3.411436153589956177e+01
1.075206084277076002e+01
2.199483217117160905e+01
1.429337993968765375e+01
1.679293786832886326e+00
2.223106239794887529e+01
1.547569104921485916e+01
1.995964699616625637e+01
2.595591229849318893e+00
1.970694769430347293e+01
3.005284392332043808e+00
1.628669005232194422e+01
1.629831742317618648e+01
1.458609546111345878e+01
7.886615115544003629e+00
1.500783998874631209e+01
1.515687536500146848e+01
1.762644728260795546e+01
1.160616316513960555e+01
1.846354400588911915e+01
1.117531374132367716e+01
8.774851531446984154e+00
8.571211129742437151e+00
7.680370060129220633e+00
1.327326618966355909e+01
-6.137267456489951201e+00
1.639411000824499354e+01
1.479466373144607871e+01
1.892034157073230460e+01
2.571575206184540718e+01
4.522986218567751848e+00
2.380148353500072034e+01
1.131981971208061566e+01
7.062677075962596973e+00
2.097341445976277896e+01
1.315106065659411172e+01
1.734237946710113931e+01
1.008569172438416928e+01
1.857712648603159522e+01
1.333543544908265233e+01
4.982140017847370927e+00
1.468299280805268836e+01
1.793135768879613323e+01
1.902293561534997934e+01
1.209589816276204033e+01
3.278057694496389729e+01
1.558273498945385427e+01
1.276268919646373945e+01
1.168298474228201655e+01
1.842938198770497138e+01
1.606513467382012550e+01
2.170840276343841424e+01
1.161682087384136253e+01
1.412928404816192085e+01
-4.082676550774522184e-01
1.043293753227496268e+01
2.440922422017416693e+01
1.681117757262822465e+01
1.524171218274742046e+01
8.709493941408254614e+00
2.345888602050485616e+01
1.785363436332075793e+01
1.979723044677063371e+01
1.779207388713146543e+01
5.700953333465406558e+00
1.868173427710214440e+01
1.203298696696998604e+01
1.553476746582433066e+01
6.715847233124009108e+00
1.603114275389231125e+00
2.169052487764394499e+01
1.142257238125901608e+01
7.297883904207367323e-01
6.739551303561384543e+00
-9.821609401026591968e-01
1.961676178372930224e+01
-4.280193799467184590e-01
2.356812891940867871e+01
4.197351151002921910e+01
2.139096049422616375e+01
9.604980228288084732e+00
1.997311606852986898e+01
1.566371158330936453e+01
1.633006557457997587e+01
7.725267498755272300e+00
8.096206266712243860e+00
6.134231649730551794e+00
1.486450881780994848e+01
1.484727141949250040e+01
2.551315035933924946e+01
5.049716131066801950e+00
1.255742526653426694e+01
1.379292335664177926e+01
8.196256483392076575e+00
5.903584072844083153e+00
1.249276073261994213e+01
1.169027247778048206e+01
1.727392225375200496e+01
1.664029315934664766e+01
1.457145451744074194e+01
1.507771837969892204e+01
1.781270938596094311e+01
1.319905503932942281e+01
1.361643042378210566e+01
1.298989816431557642e+01
1.066872090149655605e+01
1.611323166718668176e+01
1.066736444077913859e+01
1.419259655508025730e+01
1.877934156360534956e+01
1.663494509537282795e+01
1.327438415953052697e+01
1.592998516405137366e+01
1.831017318146957251e+01
3.727638705901176053e+01
8.994876072583380733e+00
-3.298186215090481710e-02
4.910463953164835971e+00
1.161619426975757108e+01
2.115471202221541347e+01
1.699005436662680069e+01
2.410663917535507750e+01
9.803484105981240759e+00
1.365263385284450237e+01
4.073828380833546703e+00
2.859602560153632567e+00
1.196048340990290626e+01
8.420189067470673194e+00
2.163592803120035057e+01
1.345622274739744739e+01
1.849847226904556408e+01
1.058292308416311300e+01
1.802157412927163449e+01
1.534855080224326684e+01
1.494224599265454856e+01
7.050215983486296523e+00
1.054606736854957205e+01
1.316826388975147211e+01
1.484336800279332635e+01
6.226698056262620184e+00
2.883765174538801546e+01
2.160526056954126517e+01
1.905589780258331700e+01
2.566681889802042349e+01
1.121203606021559551e+01
1.472377851079424715e+01
1.671139816574532233e+01
2.183170770588647258e+01
1.233562256148766778e+01
2.769276438922371852e+01
1.133671019714165595e+01
1.628462563855390499e+01
2.960915335086171751e+01
1.035301082101821635e+01
9.286672584344614734e+00
1.329828057323346968e+01
5.855850637803939662e+00
2.352823932423633124e+01
1.841407132931065149e+01
-1.584014630483480346e+00
1.997181576480750920e+01
4.121918732731245427e+00
1.941021342949331085e+01
1.073347174343311394e+01
2.172412949983439034e+01
-6.538933074889001773e-01
2.898287078456743160e+01
1.394074527770669647e+00
9.725139037655452512e+00
7.811320159270906061e+00
1.258695141117593153e+01
5.436178962624410360e+00
1.660131232713936811e+01
3.686637131345761986e+00
2.711549723504625575e+01
1.974826854658187614e+01
6.679607059135435065e+00
8.641631402523287875e+00
2.684830540626799689e+01
1.510873207606252322e+01
6.480507529853170468e+00
1.473234737832710550e+01
1.985150307210823684e+01
1.205003108793468414e+01
2.395914410626762958e+01
2.079754323511076564e+01
1.846889803944392128e+01
4.212215144324957805e+00
1.237880176923235354e+01
2.345280631451793596e+01
1.244304047809714575e+01
1.075317753567316004e+01
9.162456218253680618e+00
1.051329367309335794e+00
1.023191577269856367e+01
1.995205263369039272e+01
1.191981116615716019e+01
1.924284110431367623e+01
1.248920857676613139e+01
2.098704582616860392e+01
3.076570392328730463e+01
1.572916283902165446e+01
1.504572865997683095e+01
1.422062022566950645e+01
2.695926786587733659e+01
1.832508457382692058e+01
4.828176699756326684e+00
1.930332607625012287e+01
1.181885916093922617e+01
1.096375529171737639e+01
2.081010116493919071e+01
1.341084235843675287e+01
1.448398603249383143e+01
2.674741529840632381e+01
1.462217548361708452e+01
1.270284962746958968e+01
2.675248055599716679e+01
7.371846850445848531e+00
6.800219894829794498e+00
1.608754681903791095e+01
1.342113678381433317e+01
1.423539794588073448e+01
1.235224500077694643e+01
1.178062798177937509e+01
1.799928280722544116e+01
-9.980428081417386466e+00
2.943099458598807416e+01
1.658070960389119364e+01
1.289535774979822946e+01
6.653449378323529118e+00
1.715572421843230444e+01
2.548414594050395010e+01
8.524020080035938918e+00
2.156534723446742419e+01
1.940557304640121572e+01
1.529402917847819765e+01
2.356812823996435924e+01
1.929252038617691767e+01
1.046067718636690813e+01
2.497573225064866875e+01
1.236271090292201791e+01
1.743734775469239651e+01
1.196953010043826282e+01
6.735587647048873805e+00
1.155864110151952673e+00
1.911241850030475575e+01
9.428784707880623728e+00
1.438267548767289128e+01
4.637362548248702865e+00
1.750256124297278859e+01
1.816467449533806189e+01
2.309201648435461607e+01
1.482627004398693771e+01
1.438682499616260202e+01
8.495576683804202389e+00
1.503115400964507131e+01
1.862848269829156322e+01
6.547908895606298074e+00
2.717411529663786496e+01
2.051005360182152515e+01
2.170550929674585205e+01
1.049010855218627114e+01
2.435597155682813764e+01
1.386062872526208878e+01
1.947932426702010389e+01
2.957315235255163799e+01
1.809722091905928210e+01
1.944368837615372314e+01
3.327543581796575722e+00
9.841689760468241843e+00
5.907815351784307722e+00
1.137034670552787929e+01
7.492036459849813923e+00
1.602941487855347447e+01
4.043067370652863701e+00
1.891549533977904929e+01
3.968691926880651977e+00
2.056457272818792603e+01
1.442155023442292361e+01
1.349526471372169567e+01
9.985098962550509327e+00
1.620153096181832097e+01
6.923307382086107964e+00
1.784304142565083851e+01
9.754872134494391389e+00
9.877157082269093280e+00
1.599801909785263376e+01
1.717497681874226600e+01
1.889089906753986980e+01
2.652953203870791299e+01
2.053590983921478141e+01
1.345200531331389016e+01
1.133622946560448952e+01
1.368472785627193389e+01
1.971212513235892061e+01
8.582371380654720383e+00
1.044548319041004447e+01
2.113938765782716445e+01
6.915852501418058296e+00
3.758779198196549487e+00
1.429545309494358207e+01
2.638766262032387999e+01
4.929191086011456946e+00
3.164543100347081150e+01
1.477235214539442154e+01
1.309663609910448656e+01
9.587556295045956745e+00
4.407183196976518502e+00
1.178698414829972307e+01
1.015451542945669416e+01
1.292698613470007984e+01
1.587124310923319115e+01
1.395451086605308433e+01
5.702987255832866254e+00
2.000016593828061673e+01
9.965376220764369464e+00
9.287480803712355737e+00
1.438623729022259568e+01
1.002960051611880488e+01
8.971010540985673742e+00
1.164539645812729418e+01
2.000987625233598521e+01
1.493231143476651113e+01
7.079494925410585893e+00
1.363331267304542394e+01
1.705574648914948455e+01
2.380305662282400192e+01
1.250822076489768619e+01
1.722265573677057660e+01
1.322823863906722863e+01
3.183119334922963617e-01
2.106209033092154925e+01
2.719109230763535834e+00
1.407019896181326146e+01
2.232133516509975379e+01
3.402556858860697275e+01
2.170529591257528068e+01
5.638519667651678446e+00
3.484326544384356339e+01
7.098000231629399082e+00
1.086265798336646071e+01
1.540363674125963200e+01
1.636705994448547585e+01
6.602621135805605945e+00
2.762573144069282449e+01
4.725009406043454874e+00
5.409467671421438695e+00
9.216251534029979098e+00
8.916025698511290898e+00
-1.611726770145608612e+00
2.146098077408778693e+01
1.098308042341419366e+01
2.217195243713312891e+01
1.620858059656719519e+01
1.763763412809551312e+01
9.463959828474344249e+00
2.204184701822032366e+01
8.003453162819127442e+00
1.136063284010046459e+01
7.235829743434337047e+00
1.740899432952170400e+01
1.323647695237404776e+01
1.474328264711481040e+01
5.387865540503000261e+00
2.071540123481845086e+01
7.540299423718863636e+00
1.662740943778727853e+01
1.309014012814432704e+01
9.212931685733849463e-02
2.248652277301940217e+01
2.233524093137098276e+01
1.155670647510628157e+01
1.393874133416655070e+01
1.192964137064566899e+01
1.773360134187486636e+01
2.370054066780582502e+01
2.879766447750384373e+00
1.679368463990358862e+01
1.999292588647195856e+01
1.884688781476177155e+01
1.029742984162369623e+01
2.345650287713650783e+01
8.694127576583028372e+00
1.294254668258759011e+01
2.057451038936255827e+01
3.598726390086994797e-01
1.553840719572363582e+00
4.946429499749655179e+00
3.828586399304171550e+00
8.257127929354780349e+00
1.068528461142435049e+01
7.591477740993084922e+00
7.668435850660571873e+00
1.441117713367333408e+01
2.951698216224080795e+01
4.243265542647748134e+00
2.398191701475737148e+01
1.987568219031557248e+01
2.484395452964453455e+01
1.379176546401508574e+01
4.298617575945542058e+00
2.238600822373233967e+01
1.787008258967688334e-01
-1.253185496430273105e+01
2.830932189212695249e+01
2.073088266750210806e+01
3.431255495658831478e-01
1.182732127874629668e+00
4.335395496498676948e+00
2.602159221852389237e+01
1.179262489829886817e+01
5.355560947913829750e+00
1.314287973414828059e+01
2.329906631489644298e+01
2.354448822335102420e+01
1.080661180757462603e+01
1.788192243890874522e+01
1.751304864260317373e+01
2.327722535784089786e+01
2.002861194581971915e+01
1.872254190442124155e+01
8.519350417143982668e-01
2.016370570537506524e+01
2.120934433079006709e+01
8.746351334319754756e+00
1.905976048705008452e+01
1.563421629258442636e+01
1.691628276034523282e+01
2.426875855192726306e+01
1.028743370693895542e+01
7.967121189116355140e+00
3.933263015065904256e+00
1.156273148774155857e+01
1.255111891496582643e+01
1.860763676551387391e+01
2.025552177847750812e+01
9.838159330516120349e+00
1.713058817103052434e+01
1.771853153286741644e+00
2.273346819155008802e+01
1.192364054558198916e+01
3.430448057280184315e+01
1.704502852878280805e+01
2.414182671738591068e+01
-9.885763337811823703e-01
2.977175903037269933e+01
7.936688780770936091e+00
6.811732417033226739e+00
2.237624086684553504e+01
1.763821100931235009e+01
1.828430313065150870e+01
1.187955136806320411e+01
2.448116925672896826e+01
2.130653108471157964e+01
1.015508399061322109e+01
2.399727644082506828e+01
5.668535723228387724e+00
9.560474363647017526e+00
1.624011542967882349e+01
9.713139747971112570e+00
1.591110616616035145e+01
2.711478716505482112e+01
2.515909167334584851e+01
1.689987021986158311e+01
2.069252124466380138e+01
6.531808664930807140e+00
1.762777583401341985e+01
1.515978325818247185e+01
1.235255744183335480e+01
5.413670813796912284e+00
1.058600478024560232e+01
2.513426495956993989e+01
1.480444092877158369e+01
5.599230849984493830e+00
1.644945405463877819e+01
8.128631777303226613e+00
1.665340903604871414e+01
-6.280994468910918727e+00
1.160070928600828211e+01
1.537408303149608457e+01
1.743028650220117015e+01
1.009764218275769565e+01
1.063562879974178088e+01
1.435872429321516108e+01
1.487127220424412144e+00
1.250080905966404288e+01
2.011386933917972897e+01
3.033572597975687302e+01
1.480873225183722752e+01
1.293082837914184324e+01
2.256345970917807620e+01
2.291813257477350163e+01
-5.290223191324656682e-01
1.437276046261577278e+01
1.314119821419623690e+01
-6.706467987777898543e+00
1.540016720401101225e+01
2.286140831994188716e+00
6.820614695128455196e-01
3.987478594833291368e+00
1.906568313865702180e+01
8.133665730288868190e+00
2.528039507522257878e+01
1.602824411501990198e+01
1.694941232715800083e+01
5.452543177840340149e+00
2.155884652910263810e+01
1.096411701718754728e+01
9.937170776771708347e+00
2.432775448896272508e+01
2.070906191231815541e+01
1.059244322701854912e+01
1.625857208182770819e+01
2.388927073201956119e+01
4.895283705897384152e+00
3.622841819335647529e+00
1.185424240424480047e+01
1.173031110119461573e+01
2.888858782138734682e+01
1.572605147895292532e+01
3.185696803202944238e+00
2.669048310000674462e+01
2.124055664861408133e+01
2.480952012975397025e+01
1.305890459900444966e+01
7.900677409796315942e+00
1.415241866512583613e+01
1.654968879508030000e+01
1.685315640023029005e+01
1.490213346803713534e+00
1.336305495376949182e+01
6.163274422239254591e+00
2.787162206234474837e+01
4.474283520740385711e+00
2.011112591340186384e+01
1.224913523013968586e+01
1.582074051419435534e+01
1.405699182709376061e+01
7.492988231028036239e+00
1.087498611530182302e+01
4.637317074393322969e+00
1.723370469469532651e+01
1.135183001754371901e+01
4.501691123103825021e+00
1.430092099472770428e+01
1.640648501186375796e+01
7.191302964946430620e+00
5.517234405660587981e+00
2.453187809781169904e+01
5.967296261807447877e+00
5.482346939724109802e+00
6.013571614679648292e+00
-4.817369919469456363e-01
1.119183556869957386e+01
7.324898350502763833e+00
1.944542337889693329e+01
1.201580593238216466e+01
2.322022108238533633e+01
9.463297700535349577e+00
1.463226930776798440e+01
1.663995011926677137e+01
2.085035287895890121e+01
1.244059371808231163e+01
1.569512637318787540e+01
2.132190413714000954e+01
2.940625370223603596e+01
8.743146337130127677e+00
1.564755460528869691e+01
2.406661894628842902e+01
1.279022048131781730e+01
3.690729633453628367e+00
9.229397613909355869e+00
1.294335025850851650e+01
1.895634160192349071e+01
1.837195972544074607e+01
2.052819924845263699e+01
9.498278062755147744e+00
1.155472591496513246e+01
2.344667516184046008e+01
1.448384970405030003e+01
2.720172358200841956e+01
2.573325556559906602e+01
8.962903802230130168e+00
-1.284208948933667216e-01
1.735164038071385306e+01
1.893373377400767765e+01
1.314365959304835485e+01
1.342661622883498751e+01
-8.552580541980901785e+00
1.488664543408209084e+01
3.557775083563736018e+01
8.383273161814784658e+00
1.553465411022848741e+01
8.627707183721682327e+00
2.501584296636707450e+00
9.402554011791963262e+00
2.439729690800871253e+01
8.976473780611634368e+00
1.564982713916494106e+01
1.197831825372873027e+01
1.715401171100958777e+01
7.906550221568835468e+00
1.410917968725561877e+01
1.379051354742929902e+01
1.217346256283727257e+01
1.591268148600866539e+01
1.513569595768086629e+01
4.408544678011217854e+00
9.329494337529176562e+00
7.111329633600149691e+00
1.301339239114779645e+01
1.556549545104338961e+01
1.537242238732041244e+01
8.434010824280306906e-01
5.504192968237262562e+00
5.228897197510050887e+00
2.887800960075097123e+00
2.288102328034965183e+01
1.833762341579716093e+01
1.471466431284406440e+01
2.470298066172688323e+01
1.147992951055125843e+01
1.969262645261544975e+01
1.104773602532745258e+01
2.133297963001055564e+00
8.590901878804046987e+00
1.003381939031892500e+01
3.219464575059575395e+00
2.267860642712651753e+01
5.224519521828710822e+00
3.557440916257661456e+00
2.291949783241811645e+01
1.164912731529385326e+01
2.159404456461167143e+01
8.248332139835667931e-01
1.908871713509419266e+01
1.355597102722362024e+01
2.661683243199226467e+01
2.126438221059131450e+01
1.927237058942120029e+01
6.758224358428719825e+00
5.882190436672644296e+00
1.767741063863761752e+01
1.607868590102387429e+01
1.775027858521136181e+01
-1.275066888240814933e+00
2.971489462750426469e+00
1.529683659290031983e+01
2.180285446296485929e+01
7.272963297063284926e+00
1.954065355163899653e+01
1.083271336050836453e+01
6.115847689076503002e+00
5.779167182567675809e+00
1.357595516069601160e+01
2.616718950889632822e+01
1.289222387226396904e+01
1.414749905206126357e+01
1.176442616123888740e+01
2.083147338286580208e+01
-4.378599926155430921e-01
3.299336141911155096e+00
6.096031374940963588e+00
1.385596675151900570e+01
1.667918823968987141e+01
2.581621981295921842e+01
2.063444361669886007e+01
-2.231354759113926889e+00
2.626964047651085110e+01
4.104600123985065352e+00
6.530058251415326254e+00
1.134914038752215504e+01
1.937047482553880684e+01
2.441073163015866498e+01
7.619060049572112803e-01
1.772301628555388930e+01
1.313934472533318853e+01
1.169176759333576854e+01
1.298000770407273308e+01
2.021045139578360761e+01
1.556630539694393178e+01
1.891879083153423835e+01
4.280869976569462665e+00
5.198195847720398888e+00
1.770858014485649079e+01
1.329247009141218427e+01
-5.480183466894857247e+00
2.876181738285359302e+01
1.329697918546766289e+01
-2.371150109548096907e-01
5.427870489662140585e+00
9.240129140176961187e+00
1.356294552406697562e+01
1.209935667886767874e+00
2.743660174794734274e+01
2.286664662641009471e+01
1.528743250508270535e+00
1.231647398245938518e+01
2.558667842948769788e+01
1.777942632106308452e+01
1.314944368354160531e+01
2.484003285699455432e+01
2.325639771191205796e+01
6.320633819624347893e+00
7.980787362371259519e+00
1.169640615982706322e+01
1.805688572285968974e+01
1.312436762790250100e+01
2.866041276793211523e+01
1.892526968933549369e+01
2.171971451301442357e+01
1.556479759457137391e+01
1.311014491367420476e+01
9.352830661365771903e+00
4.113423375952422134e+00
1.922839755675816065e+01
7.400767455627246250e+00
2.245132683769216442e+01
1.724910168172843328e+01
1.725651556126048547e+01
1.974077780272010330e+01
-3.651158105913879126e+00
2.403311584842833781e+01
1.191912413061885445e+01
1.807741569570666940e+01
1.067904344714281706e+01
2.358607028691619689e+01
1.219690734758833628e+01
1.786752727635828819e+01
1.099091236533832472e+01
1.653272073319633506e+01
9.840355578594696340e+00
2.371936572688780842e+01
1.491004513274738486e+01
2.039710653269338536e+01
1.093357878283403295e+01
2.298911389530368865e+01
1.528312290352977243e+01
1.181993988784252281e+01
1.373126607363153084e+01
4.612941056076863333e+00
1.073620624117954492e+01
1.339387985410176896e+01
6.184760264531973917e+00
1.479811425238906963e+01
2.281094798802264734e+01
1.315857789220909524e+01
1.716909248643708708e+01
9.138106770418588098e+00
1.708874681114426153e+01
1.962506214657008741e+01
1.599546890430499957e+01
-3.377727498599583100e+00
1.768991810618965843e+01
2.186410334435396408e+01
1.692275461545875714e+00
1.327384020724791469e+01
1.379971453699006645e+01
1.658121159615312479e+01
1.604000512513444221e+01
5.051091252650465435e+00
1.673955435624208121e-01
5.062278959071605300e+00
3.373360008722457337e+00
2.475396005238997077e+01
4.364885668081413428e+00
6.296352986316264833e+00
4.423551849845239303e+00
-4.027839123298761592e+00
1.178947204564332196e+01
-8.767345434025770601e-01
1.454763896395350287e+01
1.720780269245942407e+01
1.198893847680970737e+01
1.562076555611336914e+01
5.608965409081392295e+00
6.954365512121867710e+00
6.538513070395822524e+00
1.836006058376305816e+01
1.958201953302779685e+01
1.132076607488683351e+01
1.755950302565093324e+01
1.533825563177222762e+01
2.598665619474690658e+01
3.005117040006552998e+00
2.212595063212457802e+01
6.772618947102358788e+00
2.076109196355500330e+01
6.417254507192708957e+00
1.763600972948373169e+01
1.259600604573400062e+01
1.901779244582203887e+01
1.882560303990734951e+01
2.388869404138273467e+01
2.328471532947722977e+01
3.089437190039775771e+01
1.550878469898471224e+01
1.527379650963766267e+01
1.359603632005143936e+01
2.407432313234303933e+01
1.187296892226061118e+01
1.211458562952752516e+01
1.912868714004582671e+01
9.653120049471937136e-01
8.145067361725494948e+00
1.124567062686909935e+01
3.245727293142397940e+01
3.007637042626598145e+00
1.444797080140328660e+01
5.021011111933759707e+00
1.666195199208990374e+01
4.034782938974743161e+00
1.115662880491288433e+01
5.966564154532932207e+00
2.653730039856630185e+01
1.143563010715269002e+01
6.144193571917668351e+00
2.540033838926261467e+01
1.395026451358135944e+01
1.552327034868437750e+01
1.573229645501835705e+01
2.107797272046269654e+01
6.976398587526645656e+00
2.506993024067735121e+01
1.340911574957090124e+01
2.128722257484695035e+01
7.078818878419937732e+00
9.487076915291112300e+00
8.089135186176974912e+00
2.171063581372416706e+01
2.471254679800028953e+01
2.032587708153897665e+00
6.108594403325184885e-01
2.494863341514123078e+01
2.540456253062366443e+01
3.170401799080083549e+01
2.071208260235553666e+01
-2.821057658304269466e+00
3.521155003608811995e+01
2.245260339345859535e+01
2.056588358891135471e+01
8.759669853844883392e+00
2.475753750716771151e+01
2.039923859462230382e+01
9.860936807755862787e+00
2.331496426144976652e+01
1.928554620130277897e+01
1.809300851799896748e+01
1.439698642520163219e+01
2.263840087577906957e+01
1.067531757228027800e+01
2.674496094077137798e+01
1.375796419092301903e+01
2.302772360512273053e+01
3.477564947159933695e+00
2.200336909894621584e+01
2.031617777699688077e+01
2.220743255594163656e+01
9.778129900038535993e+00
1.248787437509511733e+01
1.081953693238709491e+01
7.347116511034144537e+00
1.686104969116287577e+01
1.571174103737652672e+01
-9.394837399307505166e-01
1.020409557198186690e+01
1.878411961757775828e+01
2.416974529828395646e+01
1.661323523330203500e+01
3.091443433786469086e+01
1.688652184820081459e+01
3.609833849798320671e+00
1.434419652374789678e+01
9.103595673995592108e+00
2.101410670992658680e+01
1.477895419700259794e+01
-8.317748239147704226e-01
1.103553904870221913e+01
1.416485503870660523e+01
1.304216195453491878e+01
3.172707623794256193e+01
1.055091159046995131e+01
1.547514962683024464e+00
1.722388971669082025e+01
1.098631345567564921e+01
1.625076383691447290e+01
1.169208417149192059e+01
1.042695444166365348e+01
1.648780594923890419e+01
1.165441815256082236e+01
2.254423453247294162e+01
3.008111165226129913e+01
1.017458287460031841e+01
1.066074243709024927e+00
1.897318831084081125e+01
1.827427621560196513e+01
2.441056162571493360e+01
1.526157316124889007e+01
2.950520368931942983e+01
1.106757667705504389e+01
3.391764475381819466e+00
1.095762966484487322e+01
1.458864192196233489e+01
1.624343133967921204e+01
1.544754124494052405e+01
1.533266216620204858e+01
1.032533912259873432e+01
8.301357579047632385e+00
1.880600505774680187e+00
1.951536824987259422e+01
1.502142986286006021e+01
1.727751073194211529e+01
2.375539128699388414e+01
1.237031637635220704e+01
2.015093527262730078e+01
1.475518864088620319e+01
1.594820840938739792e+01
1.900540885801484592e+01
1.770924770260653247e+01
1.508542531377266016e+01
1.116015242340465363e+01
9.711976933596957906e+00
1.894116177304063342e+01
1.784435693811985857e+01
2.007061913012558563e+01
2.692904103163517249e+01
1.769555481921585738e+00
5.431135166352831334e+00
1.730269235509594239e+01
2.417729985052503139e+00
1.461567411796164606e+01
1.585625537521432449e+01
9.672695016788068756e+00
7.814298343178776918e+00
1.111991290794145470e+01
9.493909542463825346e+00
1.238867828818473527e+01
1.481663899321455347e+01
2.028562198813395412e+01
1.660519683122548429e+01
8.590920222867737266e+00
2.609073581727586344e+01
1.759450522269683148e+01
2.094285996666327776e+01
1.458256767342284377e+01
8.268031736380081043e+00
1.234862216563276149e+01
2.338449143322741008e+01
2.444432231284211809e+01
2.175839811660117817e+01
1.243179964889984035e+01
6.751208310982249827e+00
2.460815527321121721e+01
1.582210017820169412e+01
8.947758872948440967e+00
1.292604684460519593e+01
1.197777502226463753e+01
2.048064926679270314e+01
1.341013445283579131e+01
6.778743676019232112e+00
2.649062106637789782e+01
1.447314556793509155e+01
2.679006503260034577e+01
2.205765692442705017e+01
3.321907484276351852e+00
-2.157748359333304222e+00
2.323141789743607433e+01
1.670663032083955102e+01
3.253573753436882043e+00
-3.245717854503183730e+00
6.636760222649442653e+00
6.720575095218393358e+00
2.155217434429840040e+01
6.806730722602964079e+00
1.555886177129394810e+01
1.824981213099542998e+01
2.751997392105748474e+01
6.473995980414471774e+00
1.070628177799012803e+01
2.112022459572989419e+01
1.813804699376206742e+01
1.475363257436283959e+01
1.517003641599991681e+01
1.570164371971013395e+01
1.004597138500544418e+01
1.719713584027894626e+01
1.476954225130531029e+01
1.078269035519279839e+01
1.227456842590396491e+01
1.000499924796257289e+01
9.515589403443001970e+00
1.673257290896316363e+01
1.957190055755522451e+01
1.342082403135104585e+01
1.164169469267977775e+01
-1.566597970470127166e-01
2.198218966364332516e+01
5.297780756161728277e+00
1.846756677612867747e+01
5.005584286470167399e+00
1.630106106402593014e+01
1.074293858760101728e+01
7.253671307023267900e+00
2.925595453449022898e+01
2.225160676251584846e+01
1.242708486987936567e+01
1.621882337671314644e+01
1.320087983766390494e+01
1.236900325865034489e+01
1.735742837313748055e+01
5.297987916710098943e+00
2.109930545920785505e+01
1.638734957463174169e+01
-4.534759735203635955e+00
2.679110062762316602e+01
-9.973794444375741364e+00
2.013605104889413155e+01
1.792386479590007298e+01
2.221228443437819067e+01
1.289968640271259659e+01
2.050924494720618441e+00
1.821631589863005729e+01
-1.539036160557202493e+00
1.412484578396717438e+01
2.494693295405227218e+00
9.354252485543952389e+00
1.932694124231151989e+01
1.707207973996932537e+01
2.757513859077756280e+01
1.839746509129385998e+01
-3.602942645997913473e+00
1.198165792622670267e+01
1.082218193053722644e+01
1.589949822616547692e+01
1.759854095712512390e+01
1.590438323869112480e+01
9.962604890878125730e+00
4.222365295524753037e+00
1.829333030828732376e+01
1.160061381287270876e+01
2.091732528648116585e+01
4.501743977201869029e+00
1.421813504361176683e+01
1.567232353732839556e+01
1.586480456512921933e+01
2.060242673781533540e+01
1.043104613025846561e+00
5.080612656609602595e+00
1.016252243890767204e+01
7.741086890606780457e+00
1.915228931298641868e+01
7.469422980359198050e+00
2.046267923230537633e+01
1.748598725149822997e+01
1.559916514798180742e+01
1.008776709709447061e+01
1.376618578259744652e+01
8.420207887036013972e+00
7.252184412917060286e+00
6.393546007708579282e-01
2.154806387868033823e+01
6.896045794728422607e-01
1.878071761059378275e+01
1.467451377573468108e+01
5.707731912835228627e+00
9.533779705980307995e+00
2.699467258448097340e+01
3.008847158913164321e+01
1.602734047162773834e+01
2.220791507082850558e+01
8.373837157979338031e+00
3.428501223591226221e+00
1.946838470909755614e+01
2.150142876687981186e+01
8.960885411311835469e+00
1.719885545481616873e+01
1.706131687845865486e+01
1.345180360834660860e+01
1.575100081820247055e+01
2.662478894303306731e+01
1.341942431094005883e+01
2.205350562630479772e+01
9.066280502670409192e+00
2.981697565537731975e+01
-7.495089044600291572e-01
6.129548474221905963e+00
2.601426809629955983e+01
2.997847335948875980e+00
1.557883162736040816e+01
1.748488933164500736e+01
9.924278817587193657e+00
1.989467723415117462e+01
1.571162440001590710e+01
1.698630548215729164e+01
1.642960243195946646e+01
1.699775624869971580e+00
1.896545794994204215e+01
4.703208606947043791e+00
8.730546996918988611e+00
1.273959415389231253e+01
5.784193420559489596e+00
2.778503765343165810e+01
2.760396688954271127e+01
2.010997967096628969e+01
8.975390456771378922e+00
4.133828785324880073e+00
1.005533498356005850e+01
1.350440001500693654e+01
2.899736480004236228e+01
2.413509643576811925e+01
1.691442980508840321e+01
2.185593797208934319e+01
1.326870283050863719e+01
2.068203010474557146e+01
8.042035383368229873e+00
9.630863450984122665e+00
2.049757929380120913e+00
9.763691060012476441e+00
3.326012407974659624e+01
9.149764694886144412e+00
2.414228325994217528e+01
3.969521086193353199e+00
1.974164367727328795e+01
2.685372208636181313e+00
2.122798280428223450e+01
1.870067226756840739e+01
1.232469827621132197e+01
1.618281985297103631e+01
8.900616331064398423e+00
1.172622858753079811e+01
3.501510304604437351e+00
1.836221813656881352e+01
1.684125909473769411e+01
1.488721298882335020e+01
1.607908135926776083e+01
1.461151041294039032e+01
1.798098723028510904e+01
2.705951538382491606e+01
1.442132058399096195e+01
6.673455232846649210e+00
2.073027527610945953e+01
2.014887879143271476e+01
5.288615788646552573e+00
1.624352271818627713e+01
8.960670517079918795e+00
7.788821019937458345e+00
8.644197913309554338e+00
1.381925703022163532e+01
2.227834761916670914e+01
2.687115703147874513e+01
1.397886401912219867e+01
1.853688608170600105e+01
6.682585676000073249e+00
1.415348471424947263e+01
1.104610079454053562e+01
2.257233417749797866e+01
1.305053380963015286e+01
1.766532215776132375e+01
1.937727941220673245e+01
1.113424550078678266e+01
2.552056625910978482e+01
8.291051761355561212e+00
1.872739535122177301e+01
1.512726982426543998e+01
1.446890344461756683e+01
1.028553399375653044e+01
2.552182937188675282e+01
3.606191149949154351e+00
9.148168742699795075e+00
2.028194635021904446e+01
1.526317546434030703e+01
2.552115140836384910e+01
4.993330014309549370e-01
1.157239147136991164e+01
1.534457865278798749e+01
2.711380506429535586e+01
1.204753829291325928e+01
7.635162079830806192e+00
1.550027011784643349e+01
2.573367682036021620e+01
1.936732538005649928e+01
1.181029320835617114e+01
1.588150548729920786e+01
1.090656470674719003e+01
6.674498160776416000e+00
1.114303340863908431e+01
1.924150399250710564e+01
2.551193111485596177e+01
9.878542036142306415e+00
4.816261683285773643e+00
2.115661466135246371e+01
7.785732880747843865e+00
2.109478339027532456e+01
1.833337273833364378e+01
1.284145849759896407e+01
1.261853314897324196e+01
1.601541201527386704e+01
1.756244820861268607e+01
1.517055788453684073e+01
-5.996411108390972799e+00
2.535524939353685880e+01
2.848906476362884632e+00
2.117941426914315173e+01
1.678150401879113929e+01
1.204116397392641602e+01
1.562988211409933115e+01
8.270680048260217632e+00
6.514154609789514438e+00
7.863248005128497198e+00
1.734678792016691062e+01
1.459776491586690383e+01
8.435411815493750964e+00
4.782569431049992659e+00
1.531502811877341941e+01
1.033765535372074851e+01
1.294334028957881344e+01
1.711266998177789844e+01
1.779636472108865775e+01
1.708099590244196975e+01
1.822026909283330554e+01
9.115964292531870683e+00
2.905644888691846006e+01
1.707637302600425500e+01
1.374059428286159346e+01
1.407772046221838025e+01
2.032275870163324782e+01
1.002792683983643940e+01
1.739648293720559025e+01
-7.291153652997905965e+00
7.076927976974815238e+00
2.519369804332457363e+01
1.338058257594131817e+01
1.534921593784356730e+01
1.956931707636405804e+01
1.848096645036005725e+01
2.706475866947130271e+00
1.344135837233960729e+01
1.218729821644872402e+01
1.741202923347520226e+01
2.409068576104481707e+01
1.556628127761777591e+01
1.007170119933334718e+01
2.442385539883128587e+01
3.512136466513268829e+00
2.253049930164002035e+01
2.001332963618651206e+01
1.002028835600523848e+01
1.843180502235750851e+01
4.019150032893890057e-01
2.242825220363731376e+01
1.669306970946247759e+01
1.202963397086210762e+01
1.438663703678179218e+01
4.202270636304916707e+00
2.872427176940135496e+01
5.575184731719474485e+00
6.521625097919766745e+00
1.946801198725056281e+01
1.067876993876210179e+01
2.192583506433101803e+01
1.900768384857117610e+01
1.527706964869781814e+01
2.283441211864905540e+01
1.387038628955680508e+01
1.860047550034759212e+01
9.373213921861633935e+00
4.206930757683963407e+00
1.222881922385087705e+01
4.546102854576957952e+00
2.073488104175496716e+01
1.800715027752061559e+01
2.823959414572765070e+01
1.640720721375517144e+01
2.178740032425687900e+01
2.023098634905284143e+01
1.897980092389177997e+01
-2.710071832873254039e+00
1.595706853427694227e+01
1.125028107756605777e+01
1.034015447778602947e+01
9.945998631518193633e-01
1.530622954703792971e+01
9.202150876828540049e+00
1.979410638555262381e+01
1.618000832914889031e+01
5.828213703825710468e+00
3.079632367810870619e+01
-2.082602479978817200e+00
1.765041297162313327e+01
1.804523545072994750e+01
6.877999105035243588e+00
2.061515233455832430e+01
1.557211495687425895e+00
7.706897688522957424e+00
2.118277206630696696e+01
1.593357724225191419e+01
8.620538786714760704e+00
1.464372131500171292e+01
2.036859690611574081e+01
1.821739946625950779e+01
2.319545152848760949e+01
1.997767580621598427e+01
1.501629962050552081e+01
8.935996507390200350e+00
8.961045139861468556e+00
1.178460215660281563e+01
2.359468495378823150e+01
2.122887263488236442e+01
-1.006801136206064484e+00
1.963304464892263468e+01
5.681940421218683923e+00
-5.527924492176339299e-01
1.226432258920249296e+01
1.232826893494694787e+01
9.618542209029072865e+00
1.758094084766325693e+01
1.598517483752431190e+00
1.211366405277378533e+01
7.341103402202421080e+00
2.816116386930018223e+01
1.438143073035814723e+01
3.078294130598507650e+00
2.747111451506469848e+01
1.511466831818734136e+01
1.482376027192495371e+01
1.055596447547748085e+01
1.071912715547226469e+01
6.197670238056431913e+00
2.412229082790261714e+00
1.844726111859584705e+01
1.390031575853855372e+01
1.203879195509875899e+01
2.239577599878894176e+01
1.674829755176631352e+01
1.514636418821197594e+01
2.349293896034795637e+01
2.244177226812285397e+01
1.210660236277908552e+01
1.051668694379529256e+01
2.586462812969041636e+01
2.383103305682359974e+01
3.017313000057215788e+01
-6.946964646805824373e+00
1.626046286156780241e+01
1.459799111117931147e+00
1.495987623040642944e+01
3.092973952036004448e+00
2.740927822675952541e+01
3.856684583551924561e+00
1.233308411004571781e+01
1.136946314621114595e+01
1.276593880580155371e+01
5.857674673990771907e+00
2.779917532763803933e+00
1.114912578385919062e+01
2.317637493099292811e+01
1.985107525235418535e+01
9.294477767044455163e+00
1.197045795493510667e+01
-2.198741840728501984e+00
1.577260388507792754e+01
1.978464480693402550e+01
9.053092545354658682e+00
2.613081302610621748e+01
2.441763875063024614e+01
1.148890920302930851e+01
3.499161746084780589e+00
3.214252974201343704e+00
1.930878112604533214e+01
