3.794315995790273899e-01
3.438528161975323294e-01
2.306191245672468138e-01
3.128162599755148210e-01
4.458683016886228478e-01
4.679945142561043325e-01
7.320441921023723708e-01
7.445288090662650626e-01
3.209008298415996219e-01
1.182898402580445429e+00
5.756295187224602650e-01
6.352769711005884501e-01
1.851343786151946613e-01
7.722232237448571901e-01
5.121381780403276851e-01
3.187460175144304908e-01
1.624421467880695844e-02
8.064385240122533549e-01
4.287458934853244363e-01
2.003297493728659062e-01
3.186214582678323914e-01
2.923011742647391720e-01
3.843384513183368822e-01
6.942402053144421936e-01
3.439401434457278195e-01
6.751925194465145941e-01
4.763867054988492611e-01
4.703561135806055282e-01
6.097167787814190554e-01
4.100875838279740004e-01
4.133167454065678204e-01
5.868257053851119176e-01
2.408216565331701975e-01
2.390842913669566916e-01
2.221192743969279126e-01
1.164714877958378109e-01
4.643644269006211855e-01
8.178341432718759796e-01
1.470532596071215947e-01
1.504863610865376511e-01
6.223130377260391866e-01
5.679401791973289759e-01
6.196773793920998807e-01
8.385043017748528005e-01
6.141570799246972578e-01
8.656637990360108725e-01
9.375607563811394485e-01
6.645156374193639248e-01
6.051468681179158482e-01
4.362001162806419807e-01
4.735776382343855340e-01
3.366507998143240532e-01
2.144630615298076803e-01
3.175795930140051793e-01
1.164573199850146512e+00
1.643898009464917598e+00
3.353467637215430397e-01
3.816191092185855505e-01
4.514002402672673275e-01
5.067328305921752207e-01
4.659445621567965268e-01
5.470541327837851187e-01
8.811707955229741707e-01
1.493022587989957906e+00
3.267118088768141138e-01
4.759209582490754320e-01
6.532900123466738318e-01
3.460904576599174165e-01
5.491115137042069660e-01
8.251005605852782532e-01
3.133013504215735323e-01
3.538723073446969902e-01
2.629890046586021990e-01
6.200005249262818818e-01
5.485649341785158173e-01
8.110723301926432427e-01
1.022994773357178255e+00
3.802232025898336087e-01
5.984084672508200864e-01
6.374357692207743842e-01
1.152836997304107491e-01
8.395226040644083731e-01
1.466366308881386915e-01
2.793409361857296935e-01
4.228738420960604372e-01
7.828775295357497388e-01
4.663932094454671384e-01
1.996391886474465083e-01
4.137495584896010437e-01
5.026280654566569472e-01
1.867939161402285553e+00
1.876691535300418323e+00
3.086223590861378319e-01
1.289929770339332538e-01
5.087370904777456238e-01
4.482620002991121178e-01
1.496401248298376563e-01
6.364465291111183198e-01
8.968977426293496258e-01
7.151194788884210896e-01
4.545400634713104848e-01
3.186661964383274981e-01
4.070469625880382414e-01
3.666726431541053599e-01
2.315876788574209588e-01
1.488910176524044782e-01
4.424773011545564128e-01
2.857960496651076321e-01
4.678997339635175834e-01
3.605115926295995310e-01
9.449728823141542167e-01
4.507753948606988970e-01
4.914372311335932775e-01
5.193074604142534634e-01
4.264308472237459680e-01
7.568278779776519416e-01
4.666251422249628744e-01
3.986107518537613803e-01
6.945649200151141622e-01
1.004525586085825539e+00
6.151579719605786423e-01
4.187888761886586209e-01
8.008429944323279814e-01
2.940372804501923953e-01
5.119482947885152235e-01
7.389580303930138871e-01
7.799078135510661980e-01
7.620830197143051432e-01
1.110233245855427819e+00
6.189197671098159992e-01
3.441797206523075081e-01
4.841714776368600814e-01
2.054928357953690610e-01
5.743978500577250346e-01
2.312660993581921176e-01
4.179028042360286022e-01
6.135325999357278404e-01
1.161896101886535027e+00
3.674552758941579955e-01
1.211126352916098575e-01
4.631756607605449494e-01
7.530732388876048011e-01
1.149716812237995822e-01
5.581118437281372691e-01
2.609587592892523844e-01
5.037488180201353805e-01
6.295396206812221562e-01
4.006276469372344051e-01
3.329390424117422143e-01
5.529760743814285950e-01
2.791635386907180272e-01
5.114697328157105094e-01
7.659813896900177221e-01
6.876855561100975178e-01
2.511000240085866086e-01
3.571217954515449877e-01
4.677303505556702490e-01
5.519039798303386757e-01
2.369819616968023013e-01
5.281065578399447569e-01
2.765861442352569588e-01
1.306109105533088399e-01
4.760137863674086534e-01
5.513230457586210109e-01
3.329436115181796385e-01
3.207374505450538149e-01
4.415716822598039770e-01
3.638009916089415818e-01
3.634555915665311776e-01
5.966857042653448545e-02
8.282322248803921649e-01
1.171259366798299784e+00
7.996513202138564314e-01
4.723591239742630510e-01
1.176939825573192211e-01
1.543879450883196280e-01
6.462245542456487302e-01
1.027069588090770313e+00
4.531172731680172538e-01
8.503301861458308075e-02
3.890245242351782484e-01
2.147731995147881268e-01
4.805480848918078363e-01
4.500347029140881472e-01
1.410081804926685667e+00
1.737799702582287109e+00
3.468979956149250143e-01
5.542442826413055412e-01
4.649652736084456950e-01
4.301128707064101331e-01
5.071235772338275050e-01
1.285104549967406029e-01
3.269052701430292807e-01
2.702592388237077259e-01
7.706704442907323926e-01
5.888153529972534050e-01
1.059854313687760063e+00
1.346022087062826555e+00
8.982675360126911590e-01
1.419046552312158482e+00
2.633105117289814556e-01
1.864775975521870965e-01
3.047786196557137339e-01
1.502610120081244172e-01
1.904247628072650023e-01
5.223452255472610384e-01
2.928054008922359452e-01
5.829191278810703647e-01
3.578780944150401488e-01
3.071723591834985556e-01
3.703330747866586115e-01
4.924039794567565687e-01
1.485942285769186189e-01
3.630086714808628545e-01
3.083498832011490887e-01
1.541477700836621223e-01
7.702560402052786026e-01
5.405739357560747083e-01
2.343761203140779237e-01
1.125294160930305543e+00
1.110261952235735566e-01
2.011198704380752766e-01
1.893262226074899079e-01
9.587409790090357931e-02
3.535099463576111267e-01
4.639175001377169871e-01
7.652159949123970017e-01
6.911123795920429691e-01
5.418030231488352166e-01
3.045171443910411613e-01
2.728684917718063319e-01
6.241046144275536056e-01
6.129319025339200477e-01
8.785599785030342446e-01
9.974077979837224772e-01
4.790843462606412806e-01
1.170791888679285631e-01
1.566497006949131299e+00
2.817653173964022595e-01
6.698405430019460649e-01
2.279346065217653095e-01
1.143255625058384045e-01
7.488792731727968999e-01
3.461525200579689265e-01
5.657159744158499759e-01
7.077677115666679564e-01
8.771665192645490272e-01
7.372126367787245060e-01
3.112166052163574670e-01
5.479573007017890518e-01
4.221559725543941877e-01
1.504340961352544470e+00
3.066111583556968556e-01
2.019540642162132860e-01
5.731015652938296068e-01
8.509807775727615820e-01
4.120886075238984758e-01
7.492961377038259707e-02
1.347572840821776030e-01
2.816765396962530588e-01
1.044411175773002631e-01
3.085733883029613267e-01
2.217871796219573199e-01
3.978463622011810807e-01
6.826369151416643577e-01
1.030366306251438546e+00
4.615703067158068995e-01
3.391407039744978591e-01
2.894233881116765050e-01
5.491901321701061489e-01
2.779583997330912215e-01
5.075235526533405928e-01
6.627302007535551542e-01
3.286903147728244545e-01
6.451302070885920337e-01
2.311694608723156019e-01
4.047475074232482761e-01
4.022170411498834919e-01
8.491096943762302396e-02
3.284788901004664918e-01
4.485565741541169826e-01
5.766143919884708646e-01
5.763145455834000064e-01
3.271784839506030468e-02
6.940126374025539224e-01
2.769934485186878459e-01
4.077803902872320641e-01
4.143847479877605933e-01
9.692900653289032720e-01
5.364394114996844376e-01
7.066456940456598002e-01
4.078464438693970573e-01
5.441717770913651053e-01
2.548447885400027535e-01
1.685897492167502121e-01
3.980682134987507670e-01
2.675342426506507887e-01
3.485121785530088667e-01
6.093623560439350717e-01
1.458086008721586779e+00
9.746352265644929735e-01
5.147243423912644111e-01
3.013545639415207145e-01
6.364954204945852956e-01
2.259070424370847596e-01
5.429796328686327112e-01
7.134845546318665521e-01
6.298458950998861994e-01
3.583154220202847684e-01
2.371569225758407840e-01
4.866773304134139333e-01
2.998908891448978653e-01
5.614189443947866787e-01
3.330693281760328528e-01
2.826710368928168071e-01
3.913205575524348889e-01
9.527488996194226623e-01
4.306054998744968110e-01
9.884628218496008811e-01
1.234778256147822884e+00
4.191752979050546446e-01
3.305695116136576073e-01
4.407365007777593879e-01
6.311752134052525109e-01
3.961220386004906113e-01
6.965747610675336876e-01
3.988861754614290156e-01
6.727587331628502865e-01
2.507495709679569695e-01
6.484947096033182312e-01
6.621096868630281795e-01
8.535408172377574598e-02
3.451814766395627232e-01
2.783032678718192487e-01
4.379109406168711915e-01
4.876063655465664448e-01
4.728160795614161915e-01
9.686034126157413437e-01
6.496899139356828723e-01
5.622632403812025670e-01
2.844891529961450505e-02
6.273962456227851758e-01
3.349218312541739073e-01
2.690642233403985339e-01
1.682694956333599945e-01
4.552747577217156061e-01
1.701488113537401314e-01
4.801212063672573582e-01
7.711115298978941102e-01
4.768653001339597242e-01
4.789762972374431715e-01
6.486209168165812944e-01
1.908327520049415693e-01
1.394299800567011804e-01
2.119789790938368668e-01
4.928516301507877562e-01
3.550316573410343679e-01
2.832861766162080297e-01
1.637672162561059352e-01
2.173475538335945256e-01
7.687747341141119017e-01
3.993588601681914985e-01
4.847643672815514226e-01
3.237467304554243475e-01
1.059490365244483812e+00
2.196420315668685397e-01
2.936378722438956479e-01
5.529063129594501413e-01
4.877853107111434494e-01
7.801953238593630768e-01
3.205926694537583055e-01
2.583891894809180467e-01
1.070584514024654821e+00
5.168032379811413612e-01
4.729186247282625710e-01
3.896137395137111437e-01
3.657866977170231571e-01
1.884675879837203749e-01
6.734519463510142412e-01
6.660888032078507992e-01
6.317486393719679016e-01
2.761483757546793205e-01
5.259963796147637538e-01
4.586950590131012584e-01
1.545932554928657554e+00
1.655637121423224389e+00
7.030703203901350617e-01
4.455662189375177856e-02
1.822289281671716221e-01
2.584277125598933855e-01
1.503810489338750778e-01
4.920945424007725499e-01
1.483412670594241034e-01
3.142607317362680619e-01
1.889627724728502045e-01
1.833226266646423019e-01
1.897410998847091079e-01
9.632896911578273658e-01
9.097722594136535834e-01
1.821287730599436550e-01
3.136364979990364232e-01
8.290868758925697135e-02
2.593041180083625608e-01
1.086775826280542007e-01
2.432180736414811528e-01
1.452699531255780829e-01
3.398007078447337070e-01
4.588570862988008425e-01
2.931204559061222348e-01
4.405459175750460199e-01
4.822511332725246125e-01
5.406941849420209278e-01
4.585960683330261856e-01
8.235737405048365600e-02
6.423238341844875743e-01
9.984136266429349815e-02
6.889661637197279642e-01
9.813266348529234850e-01
4.449325086028927956e-01
2.702651820220668410e-01
4.575044301294016180e-01
8.216077132274861583e-01
1.545414718793955144e-01
2.094732933482923998e-01
1.047510164895372187e+00
4.159975966945128611e-01
8.440460127151538927e-01
2.177466221279897585e-01
6.001064575098578047e-01
4.800263525342946536e-01
5.053885848060757358e-01
7.030659842411502991e-01
4.316501214152206889e-01
3.600777258009573156e-01
5.327217768907699380e-01
6.860382284535508912e-01
1.781558491669772981e-01
3.247869461396061808e-01
2.440181763813583371e-01
4.221921834044374267e-01
3.184155836091497327e-01
6.655699508887740201e-01
3.121673317022151672e-01
1.518308622648342765e-01
7.884963422876726247e-01
3.165091787399311740e-01
6.862690989931958807e-01
3.955106015765031402e-01
5.365907682052608596e-01
9.130283355191380901e-01
3.858809820770281451e-01
8.834162748434027934e-01
2.686095936566647024e-01
3.745730384699504367e-01
5.335226201536217294e-01
4.299385949400355567e-01
7.334785351958871269e-01
5.682511537915252431e-01
4.484575542399648618e-01
8.235990699471027465e-01
4.841770912840576702e-01
4.789074607567267439e-01
8.194469487404257846e-01
1.602685681904395254e-01
4.437536813726302709e-01
5.703137676539741241e-01
4.911921683886454892e-01
5.676412438335785016e-01
3.838237671391748207e-01
3.340318886799125142e-01
2.380035585178067736e-01
5.501264327497685791e-01
2.340172508742927870e-01
4.480343128020545240e-01
2.293897519724483747e-01
6.648185236785050245e-01
5.482191850975255687e-02
8.563006918073567952e-01
3.312104124067480337e-01
6.805896248536499327e-01
5.100081788796440030e-01
2.018530668831257646e-01
3.929003583756659479e-01
5.962817480964874850e-01
1.659768222044459285e-01
1.613795667173024695e-01
2.109605236193977384e-01
2.479042129580410758e-01
3.028362319352161380e-01
3.250529684459056434e-01
4.216157335385291582e-01
2.735083432408799142e-01
6.578746543896792920e-01
7.320028495450288109e-01
3.067548613962718940e-01
4.042381771285564751e-01
5.086733626476169778e-01
4.462226733057886308e-01
2.126777873799577390e-01
4.552176927655683381e-01
3.655299192685814713e-01
4.593252739795100625e-01
3.890822425434952714e-01
6.270445033070957130e-01
4.912505926823346747e-01
9.790760216844811570e-01
4.785534861813905971e-01
9.262864406506975401e-01
2.782235529697101861e-01
3.011095992163485557e-01
4.164100547260386476e-01
3.297368023966538164e-01
4.624847010984955431e-01
2.084060651397567077e-01
7.528878424071470121e-01
1.050855025299355594e+00
3.415589192500880222e-01
1.732299113888647879e-01
6.662343337501730467e-01
8.873258960628233050e-01
5.673236490488180461e-01
3.808784720663515588e-01
4.794836140101900734e-01
9.270621258792222097e-01
5.974663030299056654e-01
5.522032506282897879e-01
2.705464903745690708e-01
4.888852360468278202e-01
4.899328500686463972e-01
3.704775548716766620e-01
2.259712072602655941e-01
9.446156813736947266e-02
5.203251017999139805e-01
3.616309883369122624e-01
1.213675520359398380e-01
8.694263267253422856e-02
6.762364092679110650e-01
5.614010849118249435e-01
2.067769488372400044e+00
9.944703232695667472e-01
4.920415724973259963e-01
3.860950999551853724e-01
5.394178010477147511e-01
4.958937394574731705e-01
3.148069765236968798e-01
4.853886724128324004e-01
4.865072307612418046e-01
2.101525374901722087e-01
6.862285290450801378e-01
6.765049112288855637e-01
1.808052029074350975e-01
3.561507737407521579e-01
2.725280189813142906e-01
2.612915814403786730e-01
9.883446346040429820e-01
8.213644880860153652e-01
7.459960212926233236e-01
2.655692265933186080e-01
1.032325708527335462e-01
3.351812930097909371e-01
4.459002281151351332e-01
6.704812986643244876e-01
4.604956417661149048e-01
4.198043103738559600e-01
4.265777359797499058e-01
1.885617275108457114e-01
7.030404280168830455e-01
7.221536841593914069e-01
6.375477196723615680e-01
6.163951318484193198e-01
1.241411882877623413e-01
9.747935053872811562e-01
1.730774850620869498e-01
3.469895717303052296e-02
8.967063965626010935e-01
5.233657203065444907e-01
4.471883656463471746e-01
3.644509117773960249e-01
4.499281069844515701e-01
1.959549378395106511e-01
7.343054279367355885e-01
1.577090736466426613e+00
3.508778132036355357e-01
2.077389124890890171e-01
3.406831365858622451e-01
2.970017348380636912e-01
3.523870520631436909e-01
4.200550280719307916e-01
1.317726055319851985e+00
8.998740451678158836e-01
1.279930903812781517e+00
1.173911070738856921e+00
9.363283691437168654e-01
4.228674755277896380e-01
8.201189978673179004e-01
4.466286171840864183e-01
1.316243429082772920e-01
4.422424960910429914e-01
5.561187784407772838e-01
3.691020852843720501e-01
2.972053460800228031e-01
1.350119950731366036e-01
3.886937056056060658e-01
2.359907582745805754e-01
8.493892225892556436e-01
3.775899705009188034e-01
2.843401137336734052e-01
5.443835979378254253e-01
5.925592587912972276e-01
5.982578950835905074e-01
5.676873197340780441e-01
2.722538175096953506e-01
5.899321949663108855e-01
6.276989265015496811e-01
7.180590210726699452e-01
3.433594714244398438e-01
1.274956356758792930e+00
1.730965867359709920e+00
4.655938633110698333e-01
8.976231727572550056e-01
1.037955926863478734e-01
4.648440307290947482e-01
1.409724351108810891e-01
5.496415544708354028e-01
3.658042211782844833e-01
3.825620622463122844e-01
1.143583441058929895e-01
1.577349887636075865e-01
5.381918040486414201e-01
4.248412343703293348e-01
1.714525814512266877e-01
3.741430768497043813e-01
2.851800999600473396e-01
4.363383752203940924e-01
3.320241656376810013e-01
1.403581886595599848e-01
3.539474293856304521e-01
4.398981746679918037e-01
2.411072461712450710e-01
4.364216068643071988e-01
2.813026514503054187e-01
9.795850816872440914e-02
7.796558406142337638e-01
3.622952982888712481e-01
2.048516224887125814e-01
2.639055100063956161e-01
2.846594834191496504e-01
7.027935273361346491e-01
4.747042414414252565e-01
1.535645257423522980e-01
1.978116211649635914e-01
4.392200538090729744e-01
8.100513217767529861e-01
5.031077166323832950e-01
5.979266840280694773e-01
6.332441610514345509e-01
4.491767513867541695e-01
5.136025370203232132e-01
3.120433539179281457e-01
3.316959610494134569e-01
4.070057779204399040e-01
4.384915218137763193e-01
3.255532876826864874e-01
4.143597626142080381e-01
2.391497782886431167e-01
3.270187049256150780e-01
3.481173222100212850e-01
3.861757768190418605e-01
2.621691986810369412e-01
3.886388825373958689e-01
3.711550817214567810e-01
5.336580467976586029e-01
2.688058928598137109e-01
1.186537462050755720e-01
1.343001365961299598e+00
1.382110107220292150e+00
2.129228835314060653e-01
2.545389319501775716e-01
4.713604247608288444e-01
8.678479400930776133e-02
3.740230696751084549e-01
5.706271519511041390e-01
2.643526063297030326e-01
3.224940885407335811e-01
5.001175692323046595e-01
3.322500412966247207e-01
7.511646039821942011e-01
1.278032122738124832e+00
8.820165578118761840e-02
3.420496774574418031e-01
8.505101986672837233e-01
7.233104844683081458e-01
4.716735947347650004e-01
7.321770387796131541e-01
7.300186544252099119e-02
6.357544370999367311e-01
1.244505260102401478e-01
2.276596705624486794e-01
8.481992003500136157e-01
7.355494490072828073e-01
5.517291705001924340e-01
5.296152708862813530e-01
4.262644944111230183e-01
4.361167950288410977e-01
5.140762035242318895e-01
3.820023227595331639e-02
3.687429646835267416e-01
1.792677402583080504e-01
3.146737254967296726e-01
2.486017686123216663e-01
2.178655567109389068e-01
1.051989068812875794e-01
2.506396874204476211e-01
5.800931661603440093e-01
5.082275292232749653e-01
4.141816474594675057e-01
4.781889825307854003e-01
2.823925669274990891e-01
9.755502392267917378e-01
5.578330377928559791e-01
4.493038148859803682e-01
5.937937349205769655e-01
8.325503183644082927e-01
5.733449460356421223e-01
9.191866262539614141e-01
6.126395102197292886e-01
4.080761538352636331e-01
2.209753648447243257e-01
3.938430647156500042e-01
3.733725296321245835e-01
2.992565985037122789e-01
2.757724767304088886e-01
4.605953654727988900e-01
7.213988910577838476e-02
3.756548164790989297e-01
1.963608335731945320e-01
8.496277610216759202e-01
2.347447901472329568e-01
6.582705816967480139e-01
5.608342069643499350e-01
3.470426711459391189e-01
5.590048093240675975e-01
4.447184860493849645e-01
2.499194273555185586e-01
8.585148268898820101e-01
5.072133960947923237e-01
1.488019339357255777e-01
5.334098710074244298e-01
5.617810067868030943e-01
5.681469890607858675e-01
9.308161993483141661e-01
5.171005499222542934e-01
3.655553647770964920e-01
7.606986945229091690e-01
4.441239077233880561e-01
6.016532420678049053e-01
1.011825679951857682e-01
5.405028502344100261e-01
2.470362230758187672e-01
2.531126591105677948e-01
3.817812728877391093e-01
4.562561992815704071e-01
7.777933736810488385e-01
5.926112596977771707e-01
5.150806572756490009e-01
4.875366940016641060e-01
1.559830192045919883e+00
7.217141555875925540e-01
9.476374866592034429e-01
1.160070837138736488e+00
4.399056595325914198e-01
3.794302573093448760e-01
6.308046663069097892e-01
2.547024588842366488e-01
1.036872831326992317e-01
3.263228378980529421e-01
9.007075969332176690e-01
5.306460700354656002e-01
4.189270963854146435e-01
4.531481831087058598e-01
4.643393159210951748e-01
3.548542132781458136e-01
3.933884323861983057e-01
5.135580863078338387e-01
2.864581697237691404e-01
5.803726521476876288e-01
2.628642133603577569e-01
1.084167118641671118e-01
4.368859004182145123e-01
5.158907420659588627e-01
4.470589138216981562e-01
6.420328133465168507e-01
5.366384711104733585e-01
7.963002382363315590e-01
1.406618616871133376e-01
7.605520973274724206e-01
1.769068731282627871e+00
2.210216877523686063e-01
3.848765248827113461e-01
2.490963431677733764e-01
4.366744696312990781e-01
1.512522069253884605e-01
2.171825670568584277e-01
2.646929666040838125e-01
3.304082115113878837e-01
2.572219589256267147e-01
1.524154721841723958e-01
2.666777494261480252e-01
3.666985518367572583e-01
6.643670578276523742e-01
2.187843250395556660e-01
5.175440660642846025e-01
4.201547800654868436e-01
6.461561867004499415e-01
4.074171510877612756e-01
3.399485535869215536e-01
6.912456660305358325e-01
6.112879776609646543e-01
1.931100375895278054e+00
9.793657792185659350e-01
4.762258038527913961e-01
6.068417709311084707e-01
1.429352935562110405e-01
5.792220372607892465e-01
7.659602260596728440e-01
6.918117029038319821e-01
4.282252313529715804e-01
2.445503494890721163e-01
2.719740267205333906e-01
1.986534427994917640e-01
5.138187621818711692e-01
2.142687254908814953e-01
3.138672645294698360e-01
4.018242133002776773e-01
1.637034370557038709e+00
1.978420908507971809e-01
2.318839227491542310e-01
4.192710574111078725e-01
2.076454655840778429e-01
3.792981461351840888e-01
5.365878085980971823e-01
7.448736940575843013e-01
3.244382776923982470e-01
4.463230370042847728e-01
4.050237021836786688e-01
6.424333129212213001e-01
3.702962006058922451e-01
6.457126408731708178e-01
5.409352339804900378e-01
3.847193915926568342e-01
3.459787343927739345e-01
1.955882809110090492e-01
3.802678415379234789e-01
6.416734232382536041e-01
6.795628489732862265e-01
3.258045709943532819e-01
3.650321946372110382e-01
2.395449157155425113e-01
1.599384331834876327e-01
7.769843433738815586e-01
4.118266706337385674e-01
2.151920912930224972e-01
4.136683444668613485e-01
4.515001268829499925e-01
3.997307578406398831e-01
3.489429826118635170e-01
1.900468966706163887e-01
2.689213561493581928e-01
2.483343233103818548e-01
1.847477401501909977e+00
3.636687118470587898e-01
2.957832864150027885e-01
1.880823336128057133e-01
1.610673507584018949e-01
5.240561505594947267e-01
4.814330380553730748e-01
6.752854715872254054e-01
7.333190013676867958e-01
6.737553301967321717e-01
3.999339156391785166e-01
6.686080573802246629e-01
3.430072387147661828e-01
4.271599327074094843e-01
8.732421843440802967e-01
2.977660901414787564e-01
3.539288671062739144e-01
3.135207447033476202e-01
4.771912698732330149e-01
1.722140718413452676e-01
5.090773193792068607e-01
4.860317325895061047e-02
6.958634804792072082e-01
5.632901061478224891e-01
5.874067604389359154e-01
2.166750174489655567e-01
1.166541351147820649e-01
1.138828383293284841e+00
5.921994497238267652e-01
1.126180621777052471e+00
1.419867381525833361e+00
4.616950225122146145e-01
4.731217180899123798e-01
7.746344311659238979e-01
8.592637511150255092e-01
4.485294262244479691e-01
2.249256953452862251e-01
4.251832556503212790e-01
3.835051141838763389e-01
6.939210295526995198e-01
3.995917998947600691e-01
3.304939274467451060e-01
2.768227359888137951e-01
4.584190469386691391e-01
2.743620188116990821e-01
4.979502401633689179e-01
8.415931259232646289e-01
7.205704938283052918e-01
2.370462474530085073e-01
2.111354524505238417e-01
2.005687505992913011e-01
5.601737775883803838e-01
4.065642935707020622e-01
5.521554356292792676e-01
5.303408445102458790e-01
4.723451672692619008e-01
6.474960711017851978e-01
4.470298558905506647e-01
5.094829851168115598e-01
6.963938007800915542e-02
7.544381744071360085e-01
7.735313002048251896e-01
8.767248194964277763e-01
3.722903431187679635e-02
3.161219880941198990e-01
3.689599037863164899e-01
4.127114345406704410e-01
6.491924669754175481e-01
2.813648098167514378e-01
2.176063959818737292e-01
4.044517731209506528e-01
5.260765658831967340e-01
4.358175344229339165e-01
4.906160390912763236e-01
8.061409028683583777e-01
6.857192904916475928e-01
1.088735968536838766e-01
4.043266604645485707e-01
3.036825869210442730e-01
3.830608212419490122e-01
1.129978265702056728e+00
3.033808056820415655e-01
3.371808377100571907e-01
2.040101883787255876e-01
1.948433918149737598e-01
4.727066374787993186e-01
4.071801049410029294e-01
7.783047471516394422e-01
4.377258083445764725e-01
4.234866827660315747e-01
3.326554212832413260e-01
4.048897818352261702e-01
2.420501888035262172e-01
1.401083488302990565e+00
8.755810019585948956e-01
4.914681962001744564e-01
5.632105646455690673e-01
2.970876920258425091e-01
3.452163756475942202e-01
7.442307107578037817e-01
2.589609784901080181e-01
6.615823224236865308e-01
5.670951448009098339e-01
4.926375230066361022e-01
7.495651519477332103e-01
3.796048734397498015e-01
3.595793229577486927e-01
8.675636208106086711e-01
1.538147223457322910e-01
6.714364702198000190e-01
5.218957428857852188e-01
6.881548592983990353e-01
3.058589281473662047e-01
3.141565734176749447e-01
3.576158891663574479e-01
8.308623587715544545e-01
7.710361812067364484e-01
3.041807013509559288e-01
3.267115976130600119e-01
5.861213991726115236e-01
3.046298027499925731e-01
1.659979669785420497e-01
6.016455637600525153e-01
3.726021829093786319e-01
7.506302976919538850e-01
5.109571450880232568e-01
1.674015648458736238e-01
7.585356400381942921e-01
7.723637353687562435e-01
5.210169602187267879e-01
6.206690788630043754e-01
4.676651794201635015e-01
2.741695348516188235e-01
2.430246104299765564e-01
1.836815974216563507e-01
3.653430407381017542e-01
3.332295408427978223e-01
5.825936166339382716e-01
6.969498666685647326e-01
3.330055276326368552e-01
3.089311474764137033e-01
9.380397213597910233e-02
7.293440729590974225e-01
5.855877265331611570e-01
5.434425317133955158e-01
4.284532447863467208e-01
2.242044748371389284e-01
5.204841540440904302e-01
4.545254032087094331e-01
8.554306577434325765e-02
6.734583558941132919e-01
1.918534406474002862e-01
3.857550397092951444e-01
4.598874948285699982e-01
4.216014309674941951e-01
2.069362149231918913e-01
2.817612787104310512e-01
9.734312831881200001e-01
7.569585797570621555e-01
3.692795304432024972e-01
4.945053035320809420e-01
9.362892013250541379e-02
4.297945964885201142e-02
7.933376790633637210e-01
9.910291315825011660e-01
1.883150885995089896e-01
2.162577416809947084e-01
1.960277841303275925e-01
3.372538078013512242e-01
3.304948443577411243e-01
7.203031993401110000e-01
2.057690249527439064e-01
4.307681089489190374e-01
7.891718052451230925e-01
2.402785906516930747e-01
1.527188638678496080e+00
1.017879589058556106e-01
8.489285282137006838e-01
1.044703887210932436e+00
5.839880179948943040e-01
3.811096446132991589e-01
3.514238545275596426e-01
5.091043517417309650e-01
3.609921594497351172e-01
4.516102124449897226e-01
5.320296683780856295e-01
3.064391996285252828e-01
5.117296748148686403e-01
6.144124209522032753e-01
3.226077817222031019e+00
2.403472836124803003e+00
3.168314242622955468e-01
5.571384927712283996e-01
1.394153782979986378e+00
6.232906797172382829e-01
6.093150512013412179e-01
3.308445610022858752e-01
3.025669430259715909e-01
1.574576783924195034e-01
7.696160893687894466e-01
1.205230166779089479e-01
5.984914843808655238e-01
4.067914051077899384e-01
9.700074188791969476e-01
6.501408748729304854e-01
3.365626534497735967e-01
1.834538400011919146e-01
4.156661441100302778e-01
5.196616518725424294e-01
2.485529009735724659e-01
9.622032486378608029e-02
5.966407840621500425e-01
1.041627455586426887e+00
5.057320563433347349e-01
5.852559260598964030e-01
1.853676746023913136e-01
5.203302079094459520e-01
6.532772427841316842e-01
6.534189312271161398e-01
8.113342821666650329e-01
3.809263398362146003e-01
3.670985356127035026e-01
2.287138651072618267e-01
4.678668375361503817e-01
1.855612133915949535e-01
3.342494906503555296e-01
4.776422485243603244e-01
2.902588384404001243e-01
4.760167326307054303e-01
3.651329048840692426e-01
6.139225250694932967e-01
1.947311372807953300e-01
6.686333242075002126e-01
6.829752153641862611e-01
5.914516124634497940e-01
3.414728952414912144e-01
3.944415591117161890e-01
5.059429303595429639e-01
4.412018902559186051e-01
3.960546350902796053e-01
6.018336236563333053e-01
1.708294602941788920e+00
9.410755797082309693e-01
6.927488342922083486e-01
4.916138989742310783e-01
4.195027812082098295e-01
3.437013685588304890e-01
4.015990184266837182e-01
4.006301981281717994e-01
6.733436927407805417e-01
3.386032722664413241e-01
4.632964578007304213e-01
1.512611806538718962e-01
7.787065197996996535e-02
1.163876889947176724e-01
6.435379331129879033e-01
4.395993786668827563e-01
4.203168473679596562e-01
3.102339592775369553e-02
2.173029635139964166e-01
6.116763064026353031e-02
7.312246883761486238e-01
3.403409770782667154e-01
2.920888291433735851e-01
2.661505044931970487e-01
8.454394707171636325e-01
6.472964790046769057e-01
2.395517494110501744e-01
4.537821847075590997e-01
7.171536245018079736e-01
6.615207641459325272e-01
8.277132321149404115e-01
1.056248665534058828e+00
2.987367101916641454e-01
1.503467260693724106e-01
4.985576338373429173e-01
4.372221508167546955e-01
3.690266717510483074e-01
3.206596449807836424e-01
2.683019049350319207e-01
1.176510465188037591e-01
4.978362310045194583e-01
8.124008366955494109e-01
3.850980400418395067e-01
6.935744283772160568e-01
4.155735677256653937e-01
3.168938246618320798e-01
4.270579770272130982e-01
4.644133970266543510e-01
4.694421803590521081e-01
4.130158106075969560e-01
2.903549240160203659e-01
3.734256130108258853e-01
4.788957472115675240e-01
4.582019553792220923e-01
4.584157639358356628e-01
1.604734141993583441e-01
3.181866682492269782e-01
3.379829116043165382e-01
2.700838235342516436e-01
1.914996642770633029e-01
2.511939106689698442e-01
1.912479059093488143e-01
3.843347778846419871e-01
2.118727936599438533e-01
5.615936131951995147e-01
3.757240717506433181e-01
7.959184404813837155e-01
9.841952054099385450e-01
2.304581829751136679e-01
3.237711497981279329e-01
1.159210048281175687e-01
9.631865255280588900e-02
3.375003015482831437e-01
4.796959263828577402e-01
1.470816935149468763e-01
6.087743680539488000e-01
4.119527245164207874e-01
6.042635803603944034e-01
6.245315192557350237e-01
5.632218703728276710e-01
2.557758385657764588e-01
2.413366120087663269e-01
5.334893478266089506e-01
3.568091911244257175e-01
4.472306942144297914e-01
4.752612402553765825e-01
1.360407217345467989e+00
4.696081404947811122e-01
2.862823190519279692e-01
2.841127201752005615e-02
8.223167141719049666e-02
4.377926817007747884e-01
5.117970492886481093e-01
1.157730247162199300e+00
7.115861335100243101e-01
5.065588549261913487e-01
5.166863820798408558e-01
4.373186073636174398e-01
6.177435073673566146e-01
1.890946234510652857e-01
6.761033972260356295e-01
5.932572192304541581e-01
3.610696863965007775e-01
2.558205100541046662e-01
3.061072706744467187e+00
1.573019973580914499e+00
5.652344595180077702e-01
9.619587343272164581e-01
2.459382862947109560e-01
5.820899934500834982e-01
4.322660204998745592e-01
6.473977738907678026e-01
4.510701031509528613e-01
6.610757148039307918e-01
9.203216421077879961e-01
3.965983800936517256e-01
1.133946614476759734e-01
1.502563948593548804e-01
5.001126331120844259e-01
8.412509453506835655e-01
4.631451278734063925e-01
4.739653933315235990e-01
7.209058921122812880e-01
9.231743365830862302e-01
6.875282852265131028e-01
1.961155534871180106e-01
3.064971473283911174e-01
5.695203464169449337e-01
8.445955944055113518e-01
4.914008229340444123e-01
2.290203011237652853e-01
5.015085218497185027e-01
1.213715129013212213e+00
1.128335459386268891e+00
4.527773219477738698e-01
3.086437337996469910e-01
2.641642310681038275e-01
3.270799206068332743e-01
1.493276719803132702e-01
4.140580799901074638e-01
4.072994427906518333e-01
4.042983891204680602e-01
3.962262919482353873e-01
4.927005792365177772e-01
1.985383653637788903e-01
4.327496713273689677e-01
3.077677651719794016e-01
5.200023129662794119e-01
8.765513712773819188e-01
5.453091666124149084e-01
8.564280202679223075e-01
3.675458528596566854e-01
4.154877693585434795e-01
3.606097404945518003e-01
2.759469505663779132e-01
3.608319027636396892e-01
1.320328514431667877e+00
8.077615653407533847e-01
9.436970340985283145e-02
2.573458470960490185e-01
4.070450835350847840e-01
5.851863633467776493e-01
3.922873041734277755e-01
5.230889056117664637e-01
2.863614833660691472e-01
5.527135488621244264e-01
2.381411309492580120e-01
2.648164172789331250e-01
7.560896883641317068e-01
1.092185546408530161e+00
4.669510057754816534e-01
4.695774624970104894e-01
3.863264594905179150e-01
2.852932130724459836e-01
4.119942849496159298e-01
6.454999982886485688e-01
2.792968574643348023e-01
4.822286360264452787e-01
4.269878468022500484e-01
1.933838222065678847e-01
5.869999027828709526e-01
8.096481734544879183e-01
2.798843707601721964e-01
3.046660627198535809e-01
4.241962438378413247e-01
6.809300500243439247e-01
4.805685445211901885e-01
3.136274560622621110e-01
3.754768305309839627e-01
4.957901700876697904e-01
1.957854975442618217e+00
1.520483315008787084e+00
7.254230031554055602e-02
5.503371309362616870e-01
2.923234159396053133e-01
1.804727956895859631e-01
6.905874141194556781e-01
8.024179725635871563e-01
2.060141688876049315e-01
3.844763909708470706e-01
4.434002739035695639e-01
1.612573423132448447e-01
3.843457279707509500e-01
9.397730174663414537e-01
3.548165173151644480e-01
3.165030029708862380e-01
5.288468329129333290e-01
8.886415178246055424e-01
1.909795688339064990e+00
1.522278014249256683e+00
3.492298688379343874e-01
1.069118222039376342e-01
1.183087267549708166e+00
5.885916337886795136e-01
4.080919616545268802e-01
1.419726800178868209e-01
5.526964534863541001e-01
1.849728546228828485e-01
3.435447841932742774e-01
3.048998054343543540e-01
4.417991024361077601e-01
2.929489302099012038e-01
3.350119432484340853e-01
2.500037776053498639e-01
2.727800619804764959e-01
3.054735349981158032e-01
4.891342992049055316e-01
2.861151285253859533e-01
1.305076097397717572e+00
1.341204435261830641e+00
5.203897224720828163e-01
5.504265475908122207e-01
3.218557123123547692e-01
5.556190439644268508e-01
2.068492302911996816e+00
4.956736174398587158e-01
8.798043453404338909e-02
5.234436100588338858e-01
1.094389453825763692e+00
4.480837194869398132e-01
7.187102465680698105e-01
1.777653419279467129e-01
3.016369417280466703e-01
4.324323318584674114e-01
2.672989367697966578e-01
5.453527995241301829e-01
2.897300437627957082e-01
3.404655137693158307e-01
9.016368626430620870e-01
7.343078937851709176e-01
8.160017570395312614e-01
3.690875421703488923e-01
1.177216113295099564e+00
5.941680812056238103e-01
1.960075343516656798e-01
3.403994147308084250e-01
3.643622369262705663e-01
1.078370008830882992e-01
3.716090940445070379e-01
5.842387941504313398e-01
2.928928874009329997e-01
2.426469043684345017e-01
1.554031063363027210e-01
1.557094385365160871e-01
3.116746438694002475e-01
3.269501216284484424e-01
2.449874785731863402e-01
4.020932402873202971e-01
2.982108856399658392e-01
5.135120056539036471e-01
2.146399499401118738e-01
2.920645041276044851e-01
1.204129630994171807e-01
8.155052780026158521e-01
5.759123423403474940e-01
2.141915518157352094e-01
1.238699485266149036e+00
1.222810058933844646e+00
7.710813927442575766e-01
5.271987533265395376e-01
2.347938502051926668e-01
2.939844353787818276e-01
7.174014917926320178e-01
6.712126572271472913e-01
1.689760362589214360e-01
4.967185444047755860e-01
7.066826903013446737e-01
5.289478888340594098e-01
6.556709274352993111e-01
2.326854309225439010e-01
1.731022061702502668e-01
2.175508056730665885e-01
4.027323896006758108e-01
5.384283661981041913e-01
1.125531509708496136e+00
1.800489074313816440e+00
3.637883059648592821e-01
5.317851903727133234e-01
2.179887859329236732e-01
7.700946357196598591e-01
5.481648174326284595e-01
1.172559833212842850e+00
6.544931562440133854e-01
6.446356343807703171e-01
1.538271216089907467e+00
1.006333497408412825e+00
2.383179909784853279e-01
5.317115344888441175e-01
1.052856920719220379e-01
7.281231898452680262e-01
2.643820873649138092e-01
4.905852420626676813e-01
3.722601046668861380e-01
4.622410966382550779e-01
2.809341034135846571e-01
4.388015512113543348e-01
3.273752718632433334e-01
1.709942429928163476e-01
3.901421463354539654e-01
4.839303159033080948e-01
2.692934018417775799e-01
2.542093505365551898e-01
2.631879859126846632e-01
3.248864279304993774e-01
3.904987605342891133e-01
4.940299292251163488e-01
5.713731882012775820e-01
3.474029241446691119e-01
4.997895372504869149e-01
1.308409472826030928e-01
2.931979277338246370e-01
6.956187166990986936e-01
2.170082185541336306e-01
3.193135503733609548e-01
9.797118263222123202e-01
3.181509565219503011e-01
2.759425206214112247e-01
5.007793803398544741e-01
7.583295308978014182e-01
3.371971894928942337e-01
4.203362497435594314e-01
3.827959419212523251e-01
2.266114037153123817e-01
3.426108180358394262e-01
5.766500242465327775e-01
1.295433366963902211e+00
3.956064282307932833e-01
2.462192135888076894e-01
9.206955693518028561e-01
6.341217779384374920e-01
1.068295725697043341e+00
5.697982147075129067e-01
6.594297476627971610e-01
3.824184025013536159e-01
2.655781613665613161e-01
5.257225561238180189e-01
5.295724991953051353e-01
4.787030809863371261e-01
4.237342816679997015e-01
4.950125437109381688e-01
3.555890620216000664e-01
2.516735281455721451e-01
1.922118026837097648e+00
1.409001030222791329e+00
6.806803068542409685e-01
6.755123906068467576e-01
2.743238379026373130e-01
6.051047067830265247e-01
2.501254907768126201e-01
3.273341542180583930e-01
6.023778409740428996e-01
7.931086728347663817e-01
4.921148897903852015e-01
6.609404057315994008e-01
1.724205608767895859e-01
5.427221113622396897e-01
6.221003282052384176e-01
5.318512561519104231e-01
2.445387536487014790e-01
2.978715412414199570e-01
2.756706412328930433e+00
4.479729860684932841e-01
3.030224942934843790e-01
4.078720966867784847e-01
2.667259208968810746e-01
2.052952595502686994e-01
1.789854145372178074e-01
1.950483096685286799e-01
4.092693457147532632e-01
5.086909560327028679e-01
3.843732966183216471e-01
4.807211136326421386e-01
4.053927741074572766e-01
4.769936030574295494e-01
6.248624921800051135e-01
1.936611414444863732e-01
3.506771353524011370e-01
4.506771708315680525e-01
6.044249737885204476e-01
7.343547274794631763e-01
2.057133030297425780e+00
2.131842205517096911e+00
4.745557667495079457e-01
2.581545660640177098e-01
5.778153849395791797e-01
7.147048448116145869e-02
5.985335892139262981e-01
4.440823332857793404e-01
1.002880536877094331e-01
5.482644797514447665e-01
5.170492137603464045e-01
2.348233154738061101e-01
5.747604643993322604e-01
1.738228221265507578e-01
5.566191692274573555e-01
5.199961131466728226e-01
3.123865005433305586e-01
2.014836467312681664e-02
3.725839669544868116e-01
1.105228211892434587e+00
1.269632504831842201e+00
7.198248477801917344e-01
3.607479571357051218e-01
5.470478905748125120e-01
1.009772562680547603e+00
5.631789132854875257e-01
2.723548647747983664e-01
2.030769529471805057e-01
2.945229188912684704e-01
4.381415267301166927e-01
5.974564177249053198e-01
6.579619517827879349e-01
2.127795472928204479e-01
3.439343318837470576e-01
7.245088599745252989e-01
5.678266777516384201e-01
8.469910077108235846e-01
3.951324575686601670e-01
6.155252097564120062e-01
7.571135386200640305e-01
5.405385888685479978e-01
6.166294001428969107e-01
5.570373837625427482e-01
9.097470192769050445e-01
5.784291813286834838e-01
4.336142055364277104e-01
2.420775342019293175e-01
4.426261904201815867e-01
4.562101479154272443e-01
6.575691996674891682e-01
6.244369800905046064e-02
1.133560612607188878e+00
3.815967199196445558e-01
5.625154378810276468e-01
2.679254295683382026e-01
6.500124318639233234e-01
6.387065800210707245e-01
2.850474591870917340e-01
1.327273083067282977e-01
2.219041752532964484e-01
3.694437314500919611e-01
2.787252115260048235e-01
8.077337780603969231e-01
6.502430629655088223e-01
5.544608916084881045e-01
6.390704023711690773e-01
2.201624663162391748e-01
1.003535017344418384e-01
6.437881821027408025e-01
5.444511361437847086e-01
4.579378890723595497e-01
4.582785112579453313e-01
9.780460445395792179e-01
1.205538650333808359e+00
5.785880365812908765e-01
4.071029506615707061e-01
3.568559235063239465e-01
5.984525690844086920e-01
9.941424811853207810e-01
1.652147278015935750e-01
4.419379763740723943e-01
7.591099301531089028e-01
5.958455939219751141e-01
2.197476301888937888e-01
6.680629240588206175e-01
6.499175593871315826e-01
1.480682542983403183e+00
1.408613442042625508e+00
2.208801533308942522e-01
3.068089879026685285e-01
6.820747856624507222e-01
6.962226737043908376e-01
5.555506337387808857e-01
3.062078611382564874e-01
6.514726015084553179e-01
5.115978797204167039e-01
6.385533783040531208e-01
4.362955150078765554e-01
1.232654626979754697e+00
6.393108324495995198e-01
4.409766383755288066e-01
2.627053152344935860e-01
3.063153919057752250e-01
4.792521939014071086e-01
2.533117256754005009e-01
6.355974450836246459e-02
3.967520310117891857e-01
1.580397787112200192e-01
1.597529041287154561e-01
1.441850553417532432e-01
8.462174826389098348e-01
1.790389073005242415e-01
2.666129895982093934e-01
3.975938956744019814e-02
7.979694926433311686e-01
5.329246627643409173e-01
5.969453792467478426e-01
1.304186585207301741e-01
9.829945892601620328e-01
9.890169290713075601e-01
8.625772338764490232e-01
2.845987330962871376e-01
2.934903678696892393e-01
3.235027133433422408e-01
3.820100457457392129e-01
3.708485837536978358e-01
4.277276020128028544e-01
3.538424434190386991e-01
2.720042082967383812e-01
4.319237291477592833e-01
1.338281766054543187e-01
4.460339454835224871e-01
5.738591721056494066e-01
1.877210568977562000e-01
3.940268185988856087e-01
5.642077317172987660e-01
4.740776087521917370e-01
1.362440089236715002e+00
4.552614904627655945e-01
3.824158777971379264e-01
2.355491983038914550e-01
7.877062514614437960e-01
3.035202256390891473e-01
8.956976023629553696e-01
5.841418544571348459e-01
5.554689190421220335e-01
5.460617750852956309e-01
3.260344499482136782e-01
5.044605128815992101e-01
2.659135173108853056e-01
5.270662701071108236e-01
4.321038203023631064e-01
2.469576877243624680e-01
4.808871780461603240e-01
5.863534305160896798e-01
7.122282044321422978e-01
4.512295742344820115e-01
3.208001330713629029e-01
3.156863660564944718e-01
3.555871631945440314e-01
7.084845879428084414e-01
4.357678524682849219e-01
2.894481930758807664e-01
4.273669344284939386e-01
8.909638095278163972e-01
9.070870680103639838e-01
5.915365206398015552e-01
1.666033398598625592e-01
3.682055739898458246e-01
3.405793994828827387e-01
3.013753554288581271e-01
3.131750709126558951e-01
1.921700112085203693e-01
1.852558208523064631e-01
6.503249989467363434e-01
3.624557127600488426e-01
4.336829039867035052e-01
3.164766250038502093e-01
9.187879426188436671e-01
6.978335920617082522e-01
5.636649246102117816e-01
1.128410542522361615e+00
7.599671753313654854e-01
1.153626751931795397e-01
9.996040414322454604e-01
8.473846234190601789e-01
1.457157147943938247e-01
2.868357041142847730e-01
4.090628437449937982e-01
6.330676200093341421e-01
2.705329712883238757e-01
4.271237656541541083e-01
6.339944799333845360e-01
7.626244534392312424e-01
2.604271559740214403e-01
6.687156098936070103e-01
1.103926288944500289e+00
4.046621584260484683e-01
5.808214681229070253e-01
2.540955697249880907e-01
3.821756328333089092e-01
2.220405462101873173e-01
6.881353874956789296e-01
5.085471044985461209e-01
7.454165453065771108e-02
4.020790877050886558e-01
1.547703564408056953e-01
3.634079930243544476e-01
8.783144589220018839e-01
7.886730368162645499e-01
9.342600138192193038e-01
1.075586277243233191e+00
6.151394491487158778e-01
6.252848019015626591e-01
4.892023970980966530e-01
5.934805446006448104e-01
3.976916833986731681e-01
4.143362179772864806e-01
3.446105869221812168e-01
1.303070961314242715e-01
2.609455783002290752e-01
2.557255438371809353e-01
4.634719768897215264e-01
2.312762175293021638e-01
8.294580703854125270e-01
5.018939378435576248e-01
6.118030048442349988e-01
3.121292281761067766e-01
4.932371911089820649e-01
9.385310325435994305e-02
5.495912340985269484e-01
4.350744297572949337e-01
1.735557116659511290e-01
6.941436832583540717e-01
8.055599403033179007e-01
6.271360220652494322e-01
3.742960049559469482e-01
6.127123058092948105e-01
9.750117639191678842e-01
2.422163057099293304e-01
9.235990709696813017e-01
9.773921732022343711e-01
1.510145136834867563e-01
3.037990400931339097e-01
3.585649478429391857e-01
4.084013585561671045e-01
1.163239172836089963e-01
3.943423344655881402e-01
5.868936360862966328e-01
3.475392311537943146e-01
4.004621032152644311e-01
4.019800750427540148e-01
3.684571147926471446e-01
5.232748833830949131e-01
5.916373596057263873e-01
5.559753684071780944e-01
4.798958419547042498e-01
7.036437725579358649e-01
8.440628219176662395e-01
9.430579844216929741e-01
5.998689133895702685e-01
7.043775284427649108e-01
4.790033362775666936e-01
5.488207752202231005e-01
6.289134511564761221e-01
9.092274366084652781e-01
4.311985889667034333e-01
1.471704952157124602e-01
3.449855696842965558e-01
4.623192954788578057e-01
6.453522244048489620e-01
9.684380585943698216e-01
2.576575789692790996e-01
1.958512608955751688e-01
1.908150723562084039e+00
7.378950362941515406e-01
5.677466664953271236e-01
1.842566356176783826e-01
2.172864030877734998e-01
2.410960787126594507e-01
5.802584394930888623e-01
6.503787235133706712e-01
3.171597951933297632e-01
2.604769111453951180e-01
2.953958641313791933e-01
1.150940270400961640e-01
2.506098320014176761e-01
1.472513736956724828e-01
3.936649119330493107e-01
2.779475072935598812e-01
1.900601794611565809e-01
3.063953498831852862e-01
9.070059144414517327e-01
8.324040717408848211e-01
3.499016825908184969e-01
2.802497769132858974e-01
1.520530477626198251e-01
2.977921027541295951e-01
4.642699163907383908e-01
3.405488383227699978e-01
3.329159190911558652e-01
3.391617510637169874e-01
1.642794155999771077e-01
2.087354155962256597e-01
7.005439041341445794e-01
5.677573551021597442e-01
5.350395177251763279e-01
7.417050594718771483e-01
2.517093721858111866e-01
1.473772199812265205e-01
2.732941731541368435e-01
1.182082514717821414e-01
2.502999946248571916e-01
3.536437587504842606e-01
1.066191799098207049e+00
6.159711535029736007e-01
2.726031474312420877e-01
1.110218636291997685e+00
3.989786566080799624e-01
9.071080129909251388e-01
4.473071520797353706e-01
4.967123744488686765e-01
4.159590304549222739e-01
4.244666437412408233e-01
3.458495997986487658e-01
1.633894322702094115e-01
4.716544182780414429e-01
4.888402132851094040e-01
2.153652938692439678e-01
2.564829977541413508e-01
8.841734245647637769e-01
2.918278251700509585e-01
2.876905667951412116e-01
1.965259599582744043e-01
5.677318828514797966e-01
2.883773237367819320e-01
3.486462733180488716e-01
3.965894917067709358e-01
9.353388727436158234e-01
7.263098583150144893e-01
8.848378029604149209e-01
1.806618892610492244e+00
3.077000893784537228e-01
2.046974752067224346e-01
4.519926785137906577e-01
7.135425051736404845e-01
2.872344782516408901e-01
4.688790810157665856e-01
5.557182702012556375e-01
2.990586580706682818e-01
5.919091231022165500e-01
6.275894086590801946e-01
7.005226355966410745e-01
3.432547466411908221e-01
5.719333952645037078e-01
7.598740082395512019e-01
4.083085633024106098e-01
3.762090086535126443e-01
4.818670503013646744e-01
3.640074604449771156e-01
1.007682987055745549e+00
1.249639766556081222e+00
6.320333561612119233e-01
6.016079947885097923e-01
5.275591482223934703e-01
4.919322687735941946e-01
2.890829676318378283e-01
4.736182849874485679e-01
4.047746083889334212e-01
3.587289117976806274e-01
3.630072145638272296e-01
4.184545170214439835e-01
6.703108225023101108e-01
1.269015020306400454e-01
4.161014601550892533e-01
7.758701369484598542e-01
3.151368353689100732e-01
3.606671619168295706e-01
3.936774567897147192e-01
1.558291663349719580e-01
1.378530057436283984e+00
1.128708375507985862e+00
4.878055452593869079e-01
1.243846147093625315e-01
2.833973672580525904e-01
6.092625563899262131e-01
7.427078050877580218e-01
4.971868046016185150e-01
7.118529153455133152e-01
1.022826731877005013e+00
9.300662194034235997e-01
5.257087233199617682e-01
5.834337382064331834e-01
5.849545461532777990e-01
1.480088032563363076e-01
4.024014564977866359e-01
2.223401659062833324e-01
3.120822979282533716e-01
3.967320228609731436e-01
5.036938562547499387e-01
3.134710637848961423e-01
3.125864530306119438e-01
8.632813726580793601e-01
6.172296323290741293e-01
9.521733464987758300e-01
7.686421716012121763e-01
7.974615582522213142e-01
3.948918958228932463e-01
8.507535948784675783e-01
6.041157519770896656e-01
4.915554313619297511e-01
1.203250248510931153e-01
3.983818751553497295e-01
4.143439554833795446e-01
1.086617364747420877e+00
1.221442296740408384e+00
2.730364670652008496e-01
6.944162475718560490e-01
6.356642225785763545e-01
3.628945602757122080e-01
5.348774041890806963e-01
1.034405727666870778e+00
3.155291118315927124e-01
1.116479584625633542e-01
1.779652234463375005e-01
3.715524585783330780e-01
6.134275412680547657e-01
4.151564648572302896e-01
2.208640611061991055e-01
4.731243005108143884e-01
7.085539489685300785e-01
5.732882037315312207e-01
3.556442999413411687e-01
3.639929855775460021e-01
3.357989577246557888e-01
5.040967572567817134e-01
1.645272171519356896e-01
4.361887163844829773e-01
8.399249300442517274e-01
5.289007280679982603e-01
2.469819219507222163e-01
9.225617009530949764e-01
1.126915505849610671e-01
4.206465691722708899e-01
3.548829835970428448e-01
4.835298629582892582e-01
4.447052861938141088e-01
6.254283904529764904e-01
6.399676452667659721e-01
1.067348385255594279e+00
2.265224231229859275e-01
3.081071616858193085e-01
4.332709306437330099e-01
7.818165634649003604e-01
7.641688361827403408e-01
4.844141887495005960e-01
2.794783246151191780e-01
2.591430662494995651e-01
3.316322069496148717e-01
5.123431400866593766e-01
1.187378082300095117e-01
5.772324761549353367e-01
6.324168081706926792e-01
2.772473184562236903e-01
8.420537753946670811e-01
3.425005525337784240e-01
3.234867695457562808e-01
2.881115470120022559e-01
4.927459145070481883e-01
3.751552009011282496e-01
3.445934015000181039e-01
5.763388075524038534e-01
2.878069072929162475e-01
5.316915286997341283e-01
3.773919007171965267e-01
1.057982505411748875e+00
3.774667653893092334e-01
3.110968394039934082e-01
1.773466062664970089e-01
6.084280378176234461e-01
8.867776563861858030e-02
8.513842687525344788e-01
2.120525680990513751e-01
3.450160802101142066e-01
3.088445056919125187e-01
3.574721748336153193e-01
8.487578396281935111e-01
5.401807651915482289e-01
2.829127810044449465e-01
4.177158960989974523e-01
5.069951498631303233e-01
2.665740990799083665e-01
3.301885301207641010e-01
8.629447693036180755e-01
5.185984954110220979e-01
1.014911682360721823e+00
3.604924556975921401e-01
6.932995281624612094e-01
5.187549483663029815e-01
3.453608346378465033e-01
4.126285430496516859e-01
7.330989934976545053e-01
7.418935244034713383e-01
1.142336222763103537e+00
2.826064449411565538e-01
6.367316962085951548e-01
5.106842979977365138e-01
4.783856089021389368e-01
1.575779817724496656e-01
4.777718800741669741e-02
1.719012371567628872e+00
1.457207065163574233e+00
9.449783077955572486e-01
1.324866032121298498e-01
2.805421396305268211e-01
2.098565360789875767e-01
4.456791202696124277e-01
5.566384161081481263e-01
6.849030089822780720e-01
4.453717391862114239e-01
5.342675651227631883e-01
2.681601366720127722e-01
4.076099872925926237e-01
2.670835989087967932e-01
2.878725867070481281e-01
4.244503149022926247e-01
3.383153876592139842e-01
6.562533974667726921e-01
4.345334931620045138e-01
7.544597340810740294e-01
2.992625390263748963e-01
1.387088793460031499e-01
3.065854229323365931e-01
6.344233740230174057e-01
3.526995452819541854e-01
5.533412603890507375e-01
8.295323330919235350e-02
5.322549240705212181e-01
2.253616433334261759e-01
6.702758734525311457e-01
3.439046541747947661e-01
2.104292647171782382e-01
2.980422506877202227e-01
1.595935284986583491e-01
1.138298769563872659e+00
6.183075918497492607e-01
4.162151523656589247e-01
3.231106475195947847e-01
5.063607875405847780e-01
4.914147940446671470e-01
8.029220731707460423e-01
3.887772053789294302e-02
2.714855634127019690e-01
4.337325070540224980e-01
9.918510731514257328e-01
7.567053158657254253e-01
4.119155390554822271e-01
4.109394837141329138e-01
6.733645873834450679e-01
4.761486093063458380e-01
2.445619122938472445e-01
7.986853565846621095e-01
8.844102457380949023e-01
6.149733388765660225e-01
1.915172909855290817e-01
1.962754293312896359e-01
1.100723729261251727e+00
5.368883627963864091e-01
2.086628633858217674e-01
6.059037224603401606e-02
8.201196623003674802e-01
9.294242733374413756e-01
2.865343985907516933e-01
3.921396344708606430e-01
6.966049778518892399e-01
4.618012591589143456e-01
1.412935833058853730e+00
4.548343740825243620e-01
4.197529853989379056e-01
3.400217159597556105e-01
3.710493578970496253e-01
5.053983697481594373e-01
4.689442086044064428e-01
4.068471825873980485e-01
5.276309667235193901e-01
8.873447484474874525e-01
1.970205984851623737e-01
5.461940704176121431e-01
2.194705685095295344e-01
2.065581951018884976e-01
9.333566078762640661e-01
1.432888154870835873e+00
3.731702438193847393e-01
8.728916438996495719e-01
3.670086630351012680e-01
2.244448127185402209e-01
8.620305581862771627e-01
6.039377924904645312e-01
2.562145921838145379e-01
2.615450082602148729e-01
7.155717524536421292e-01
1.788748060553772834e-01
3.303887492049123464e-01
4.105204450022907903e-01
5.390820711903304696e-01
1.808930436067204828e-01
7.244732120625354543e-01
6.672016278091624786e-01
2.341123664393106596e-01
3.674658034116377037e-01
3.177329019808289301e-01
9.679648753911594683e-02
2.459010224944808143e-01
1.448132127725460516e-01
1.207657620696569734e-01
4.507865080741058766e-02
4.146447119847770924e-01
3.794227878824500411e-01
3.732321810859422495e-01
8.542357320751015060e-01
3.858442676440809738e-01
3.701568017159976298e-01
2.949643027558976338e-01
3.289686618203551682e-01
3.072388840641827046e-01
4.429986248579138031e-01
2.427281790829661223e-01
8.546539195085207652e-01
4.164892150855302733e-01
3.270192502530179790e-01
2.089150855621340619e-01
4.212394573166352019e-01
6.799956448030178846e-01
5.560581811827615129e-01
4.068200798451762079e-01
3.282349248593358637e-01
3.651914818702405863e-01
4.385320990949215791e-01
2.167653483606561959e-01
1.657230937797169734e-01
5.060931818620294509e-01
1.201687716704586517e+00
9.556234574105229029e-01
7.334775373925077613e-01
5.381095113988423329e-01
6.129472601774627050e-01
4.435691538725778926e-01
5.073847164418210376e-01
1.200123951311453885e+00
7.827108306833151508e-01
4.817119461194744878e-01
6.792725315499470451e-01
4.176625845018257510e-01
3.789137734403860702e-01
5.148226364608895489e-01
3.855617840821112807e-01
4.253220685834447345e-01
2.542161344784965582e-01
2.264085628492110980e-01
6.173350244952213739e-01
5.514497435213500109e-01
1.141721733747814271e+00
4.749230931967209357e-01
4.552253466099744350e-01
1.366526663647891493e-01
4.644665997375072020e-01
6.445691985954867809e-01
7.163530798962614021e-01
4.486016649097216979e-01
3.020916594755203577e-01
3.001258704627269291e-01
5.427739057143083912e-01
2.704558864421056086e-01
5.810538313146793588e-01
2.502561800053973440e-01
4.167125971590470712e-01
3.765903649161339017e-01
1.782472527960534681e-01
6.774324008336635172e-01
3.497044968256757258e-01
7.478428765663772682e-01
4.043379939028425296e-01
3.427339283628911271e-01
2.530189199246923315e-01
2.833588001368430587e-01
1.392137379216197013e-01
6.064301276529016071e-01
4.977299885244780286e-01
3.146165798187312013e-01
2.890713276232240170e-01
5.243740501386573438e-01
9.635527098378154909e-01
5.454926039714039776e-01
5.335288089919608678e-01
3.493886599880465793e-01
2.521784543427376679e-01
6.915743337648975197e-01
3.721315114128563861e-01
7.369811166367078170e-02
1.999914334610555511e-01
4.107902371181554324e-01
5.842902872200609332e-01
6.807087388046463294e-01
6.454603948834128913e-01
5.911255353046614980e-01
3.276046795454553018e-01
3.045084964038972664e-01
4.032033133270619407e-01
4.444055759175642994e-01
2.743827977639472504e-01
4.003634866749666288e-01
3.751048555710624344e-01
6.488386529775800327e-01
5.116407023625417771e-01
3.414010354300300309e-01
3.522493158249407341e-01
1.731217505980194860e-01
3.347828434353497529e-01
5.262819171057762091e-01
1.374823125082825781e-01
7.557876447373311768e-01
1.017150499164687583e+00
2.810387880999454802e-01
8.943681129997911317e-01
8.469559983198597930e-01
7.102948003064556426e-01
2.483704953422863071e-01
5.291583774025643283e-01
5.224837152632638704e-01
5.724532516943240390e-01
4.294301736072838049e-01
3.216440272768755770e-01
1.730383380980761721e-01
1.435837857703205767e-01
1.047673816441662575e+00
9.973732210209625137e-02
9.107026247520790818e-01
1.532925398211818724e+00
2.180956746366269072e-01
6.303981102849558482e-01
9.142469624760224400e-01
7.899253678525119948e-01
5.964148419184529537e-01
7.814323221406211939e-01
6.963671028722103751e-01
5.345374231385370267e-01
5.762498559619750882e-01
6.884600135179226310e-01
4.785881274154938358e-01
4.953747431874660490e-01
2.397202864524801413e-01
9.864043249607595820e-02
2.934999248699385332e-01
3.106619075357229254e-01
3.558473308704989679e-01
5.555043050333258181e-01
4.437084629585327233e-01
7.364069154980991128e-01
5.657684749650999656e-01
6.297705464584690827e-01
7.582963034246069656e-01
4.390439361151857178e-01
8.013021158380032594e-01
7.469393710835493527e-01
7.820561480467130844e-01
5.510589477573785144e-01
5.564494943019160367e-01
3.776750020605668667e-01
3.079840278867481684e-01
4.467935826399314636e-01
6.492888960494855866e-01
6.065002833263428705e-01
8.200464499388615547e-01
4.181166216374576639e-01
3.883503847511990403e-01
5.354481331474718608e-01
3.954627588737586463e-01
5.162518626126266774e-01
1.786061605819802556e-01
4.002808964169904393e-01
6.552247777264146034e-02
4.520189804119711385e-01
7.194160084590572879e-01
4.608900752101938170e-01
1.932960920758810541e-01
4.046739411881365434e-01
4.280846883036174000e-01
3.058657270817441987e-01
4.311884507938520961e-01
3.129032237786229520e-01
6.250143261434296660e-01
4.475249089546378678e-01
3.614188361845441788e-01
1.359613516825129154e-01
6.174106989685882452e-01
7.789335597828102309e-02
2.956348449631138187e-01
2.530788299677622089e-01
9.019342036880273472e-01
6.925800675831632613e-01
4.198010503945032168e-01
2.146934719791111779e-01
3.110110209513710644e-01
3.178845703653671029e-01
3.618651738057120371e-01
3.520799887718853993e-01
1.090475085093478846e-01
5.031399626729755603e-01
3.349003629449306407e-01
2.915943719270105428e-01
7.014292762347855703e-01
7.387760982663305054e-01
2.567799126206959937e-01
1.030779419345862591e+00
4.233058998284828234e-01
2.825045623691059271e-01
6.239247369156122325e-01
3.846143638175908430e-01
3.515056797424336299e-01
1.871531512610656034e-01
9.693267981976524394e-01
3.952922440534962778e-01
4.313861740506864939e-02
2.262326224124925067e-01
4.381890497063283263e-01
2.046452365636340087e-01
1.257995002789531247e+00
9.351640966285781342e-01
4.795387892508779504e-01
5.340925313045623568e-01
1.929875270496617390e-01
1.930742129656815853e-01
4.768065220650811176e-01
1.220324859650547156e+00
1.993404867400810632e-01
2.699279394932930232e-01
4.099298969094569145e-01
3.787846506459688345e-01
8.974118140675618749e-01
3.715673416521575456e-01
3.858282905461822287e-01
7.769788951231755281e-01
3.873784835839430563e-01
2.962618918585185335e-01
3.598992492845307090e-01
6.630391302226503747e-01
3.114023831571196554e-01
3.707890328584730888e-01
3.575943007916593808e-01
1.403440366168079989e-01
4.310792417723964265e-01
2.499276936015864536e-01
6.459172920043001476e-01
1.741173449036239052e-01
3.898469448804349202e-01
6.425248573261711504e-01
1.104260850223329538e+00
3.913861737479363834e-01
1.503122295188165924e-01
1.146331667806085447e-01
1.235667133544528173e+00
1.094790463033388894e+00
4.200018541791306625e-01
6.188029399763560479e-01
5.858544803261297451e-01
4.779671046947253088e-01
8.396277134434542155e-01
5.695615221332060996e-01
8.272428867403268660e-01
9.876855758827037812e-01
5.426464761034115458e-01
7.855120349753114128e-01
2.626047297650165313e-01
7.674717326007461926e-01
3.140153618690236237e-01
3.861379415066336640e-01
3.872542171078997009e-01
4.559293965899799406e-01
2.402073794914556526e-01
5.827820370498688618e-01
4.285087171196989564e-01
4.432439732235306518e-01
3.973894334136988671e-01
2.191009972139491557e-01
3.995299776482446052e-01
2.743869778502403545e-01
2.362460908806530147e-01
1.426012397136687260e-01
9.398447136973293592e-01
1.523197585989241043e+00
2.490992080997951330e-01
3.054147492901844174e-01
3.815822750273101249e-01
4.798517572131142939e-01
7.410851215530747105e-01
4.812006010529565891e-01
4.652967680016317775e-01
7.983438920746055434e-02
5.748873687065584326e-01
2.610120070324633557e-01
3.689180024306988881e-01
7.186795392653398951e-01
3.746966102733583215e-01
4.028102434642116259e-01
7.425064521166367948e-01
2.481590871070273596e-01
2.439117021300493682e-01
1.721305546923192487e-01
5.052335041378679392e-01
4.088955905230469146e-01
1.812411009220218361e+00
3.422363148963713630e+00
3.457705002850992027e-01
3.968413359998617107e-01
6.911051102012925051e-01
2.983933390543349606e-01
3.726854581434999036e-01
3.821955264168744870e-01
2.927620730392047066e-01
5.122292990563412918e-01
7.778340660493395786e-01
4.706585698728009692e-01
5.320822073108584238e-01
1.748958726003833342e-01
2.610759427887424655e-01
2.878927997673165207e-01
4.266340900946186121e-01
3.677424883308509362e-01
1.153114334343183778e+00
5.503624321760737237e-01
2.552750220273732884e-01
8.850247105982042006e-01
6.235585000226523400e-01
4.995089499485339535e-01
1.752700830513782559e-01
2.605672806537212005e-01
3.357929985074123991e-01
1.876286550731440517e-01
6.396477677056203737e-01
1.061914402226726395e+00
1.107319209523900616e+00
9.106080288724840432e-01
1.837811509278072242e-01
2.292690358640622483e-01
3.747418183589165119e-01
3.086827000282706401e-01
5.265493415855936332e-01
5.911287129879330138e-01
3.503442091975221828e-01
6.828858178339198837e-01
3.884034420451537017e-01
3.942709638335819000e-01
3.042381677557240982e-01
6.107325991055401193e-01
2.136932265874559589e-01
9.008228946715915453e-02
3.456399878184429064e-01
1.863699314170742805e-01
1.010631607029648604e+00
8.141164739935158323e-01
2.582445743935036786e-01
3.803393954895727402e-01
2.770718958491240058e-01
2.631302593679265556e-01
8.170354005346734949e-01
8.572611447797346962e-01
2.745770780217282048e-01
6.804856810871505735e-01
4.212385099761937757e-01
2.070403508497822009e-01
4.763348294462566718e-02
8.581962706464989488e-01
7.190593177126782809e-01
3.384750582808960795e-01
1.015883275883144865e+00
1.071176499986716379e+00
5.356876144151664354e-01
8.397321249700419044e-01
3.341721670391293864e-01
1.350328246107634078e-01
1.158580610462217164e+00
6.237638139466602505e-01
3.097938615935053042e-01
7.819312923134012772e-02
3.345652574117634059e-01
3.214010879573048207e-01
4.372375929040836495e-01
4.361574505553767467e-01
2.306656482645645379e-01
5.658771302404812520e-01
3.119763896051248042e-01
2.870759864661873717e-01
2.543547248734138733e-01
3.695122459818229732e-01
2.584631444640504983e-01
3.277256609430817536e-01
3.982228169103777839e-03
6.740078486587897100e-01
4.078532079223654017e-01
6.584564922786800834e-01
1.960984113603552181e-01
3.233538138255743211e-01
2.805265689552745023e-01
2.784515406570778895e-01
4.564876080722381491e-01
6.377859619422016069e-01
3.208627238797256975e-01
2.269093344379362331e-01
3.576967547886235610e-01
4.402856256633067011e-01
2.089657858794936596e-01
1.180633598036696062e-02
3.746615686894730901e-01
5.289627396866003473e-01
4.349591293324522878e-01
7.511397390104710414e-01
1.790072735429217021e-01
2.790295754483103075e-01
2.065491695922110349e-01
1.945559382294336892e+00
3.453080275141284239e-01
6.399015855568935818e-01
1.556617627371777168e-01
1.200622390970453035e-01
2.603415206757849210e-01
1.757246116970598016e-01
6.247219400805590350e-01
3.218669626613945289e-01
3.585461732138319202e-01
4.678346999055215116e-01
5.255713458448222353e-01
1.063729935795925813e-01
8.501169456179159534e-01
1.054909229180306829e+00
3.196206490841715375e-01
3.361696247823026673e-01
1.813974056507114685e-01
6.997559474671334323e-01
4.659043882670099723e-01
6.006794805584457775e-01
3.024935387034426992e-01
7.432121643521754084e-01
3.206872509962436779e-01
2.844506059456676783e-01
2.879017864718830810e-01
2.653622172991631500e-01
1.803274750506080396e-02
2.561954544242036613e-01
7.621559527409585977e-01
3.532223984552404494e-01
7.672831805197133370e-01
3.923720128949614305e-01
1.505127499564161975e-01
4.671283325395708674e-01
2.457218966093066004e-01
4.327889954748262991e-01
2.103015089908445989e-01
1.078564948567899417e-01
3.042034125142870638e-01
8.392494864950599265e-01
8.894292252368340979e-01
4.341569591257411487e-01
6.609661837527296413e-01
6.140467917778216211e-01
1.908529698270967079e-01
1.178525187550439890e+00
7.752403830849203814e-01
5.876321041872039075e-01
3.111648545165903723e-01
4.635202509384107605e-01
2.238796242761335875e-01
3.760988132101479864e-01
1.889030868959574450e-01
6.637059742964691589e-01
7.172997158859420463e-02
2.174628018026781018e-01
7.223537818442485881e-01
4.732844333422499550e-01
7.267970889154771186e-01
9.307321591110401249e-01
8.489270394580066270e-01
2.051525838913534072e-01
1.566387913548110133e-01
6.980888608874539214e-01
6.104271095581892403e-01
4.627412402704985106e-01
2.887479408482637178e-01
4.504757343035768469e-01
1.625632453852421666e-01
3.868793148802358584e-01
1.478054600912180216e+00
9.989450348815498426e-01
5.790683787395151105e-01
3.444688030290044556e-01
6.603973419792614763e-01
4.083195024323032496e-01
4.527247295406127137e-01
3.596983281573789548e-01
1.157792044531956499e+00
1.179334657473935399e+00
4.289681027248341549e-01
1.657774035889680309e-01
3.292509330534508227e-01
5.747073579214587724e-01
3.864309596656719248e-01
3.046417218238963720e-01
7.226875504364730363e-01
7.941889550822361921e-02
2.802345086787888739e+00
1.894633339540779060e+00
7.022695008559278751e-01
4.887320280487374990e-01
5.469985457875077284e-01
4.654412798302960952e-01
4.121037063570389125e-01
3.542941984904707242e-01
4.284521775635630747e-01
1.446286399227894870e-01
4.046335160215517313e-01
3.785296845248253272e-01
3.473338138440962841e-01
6.980252706619700653e-01
8.054354156388614516e-01
1.628562143339119250e-01
2.101048391193977849e-01
3.610604678049704197e-01
4.745443210806974954e-01
5.827411537168067923e-01
3.994120946166096475e-01
3.849863006387422848e-01
1.014525347416744966e-01
1.170077849183455976e-01
3.321453900967879513e-01
2.723474019458265727e-01
3.908991411658349069e-01
2.381296955239844693e-01
3.895526297712404995e-01
5.459711040252655800e-02
7.555897836446964222e-01
5.705697623454212275e-01
4.240361998295825163e-01
6.860532220116034585e-01
3.305903577187174758e-01
5.982316935143002778e-01
5.943842249943235290e-01
8.403734181546231863e-01
5.144928166412590098e-01
5.540992964301204582e-01
7.491293653985248158e-01
6.250887480923482675e-01
2.194331781116291846e-01
1.266279954398307483e-01
5.354307316018328544e-01
5.719029720472442735e-01
2.497120291037572548e-01
3.981491154192816628e-01
6.377469155760741026e-01
4.396512177177521741e-01
3.237298648523256328e-01
3.197525381087152341e-01
2.607220650082645030e-01
3.700115377323815458e-01
5.559155473951071097e-02
3.481234978509041844e-01
7.855939127184217163e-01
4.168843375907040905e-01
9.149563301431774542e-01
3.479557345700610704e-01
8.620143392207959554e-01
3.889908350269176696e-01
1.640892284266514956e-01
1.743729729599718947e-01
8.398716794215109749e-01
5.554964772737850387e-01
8.448125367813071884e-01
4.901000219249190271e-01
3.003991303099997068e-01
7.974968689538413091e-01
5.921323256381116895e-01
4.276148749673246985e-01
5.558230631806287958e-01
6.676047681403335377e-01
1.255218733185401225e+00
1.115500645116028977e+00
6.084847459619195931e-01
5.788257565695721363e-01
2.702718705697373380e-01
3.652378932038991000e-01
1.191732784379475052e-01
2.811037419906862178e-01
1.026267645737523049e-01
4.267846840491279492e-01
4.599652258263354221e-01
5.688986089087696429e-01
5.232112716238895844e-01
4.882316896745025336e-01
6.893782450793625172e-01
2.337877306529618782e-01
2.157439781965524717e-01
2.971507648978070626e-01
5.137843700784731071e-01
7.588667246639468900e-01
4.396045633132303343e-01
4.659584556957455659e-01
2.965017122028929530e-01
6.334905529952575831e-01
5.912916199737685563e-01
4.612163489481213574e-01
6.679656026633962185e-01
8.023858938397993024e-01
2.894604304063339573e-01
3.921743251159303112e-01
6.693061199693657315e-01
6.035132571833959902e-01
2.186387334676219985e-01
5.684303520286850819e-01
2.830619473018133880e-01
6.112520666563846516e-01
3.123971837550885144e-01
9.120673100224442331e-01
5.121795930419200671e-01
7.837663374024831375e-01
5.237702216515448539e-01
3.269229790141684466e-01
1.482346322742554567e-01
3.259695512072057211e-01
6.583224954779551830e-01
4.938138092221168729e-01
6.107842334618618363e-01
5.829919786604073062e-01
4.941038081825327999e-01
3.396238356065179320e-01
4.257414731364602689e-01
2.913522830884496817e-01
7.923068519359133255e-01
1.908773022317984402e-01
3.250233590142726503e-01
1.928347429748462349e-01
2.156667475523124378e-01
7.605811510810774889e-01
1.007624136986982277e+00
4.868549150412654347e-01
2.292687877869493962e-01
1.214596022321737578e+00
5.206972680150062649e-01
7.722413268390235785e-01
1.303989138593836916e+00
1.114764333807611418e+00
6.626607432948773413e-01
1.002367676509430483e+00
1.852056233820527087e-01
4.208734224933401991e-01
5.674430987293901385e-01
4.832996122529670813e-01
4.455104438219937846e-01
2.305168993958008339e-01
3.699118064045310850e-01
3.536911906184761478e-01
4.648830411920639727e-01
3.575062070395186309e-01
2.856996259875034250e-01
2.505006796417773018e-01
4.622838873194258236e-01
1.911728262572894577e-01
4.489753868686185978e-01
2.749557253416334834e-01
9.087166351681275067e-01
7.187308216233019298e-01
4.850058215620871582e-01
2.523316829342778789e-01
5.802450328190288387e-01
2.288860275429105973e-01
4.462387964880746849e-01
9.075510802408564004e-01
2.230377665726484548e-01
2.898713689656704506e-01
6.083617738869051550e-01
4.691629752547051280e-01
5.664892161639242252e-01
9.727451433854445995e-01
6.551954259185689411e-01
2.293888745732832191e-01
4.700139125754426161e-01
4.505789054998092791e-01
2.795928932428706770e-01
5.082146348046157058e-01
4.401295481567219503e-01
2.593772709316666814e-01
3.179040842755546104e-01
5.787723864556182374e-01
9.594166568165075626e-01
4.599156973057328401e-01
2.153217234924093004e-01
4.039826400006080176e-01
4.274832568757464535e-01
2.714726307203926270e-01
4.795703372818740373e-01
4.453788763910816462e-01
2.469353524698030267e-01
4.943506716533794254e-01
5.586542786382240472e-02
4.006197917409706766e-01
2.931367432965521491e-01
1.397366364436350150e-01
2.022905848900849735e-01
5.681125868311811544e-01
4.763629752516990168e-01
4.495823477174327176e-01
6.368672862072393137e-01
9.113398312680323077e-01
7.297392307939646328e-01
3.022571869631650587e-01
3.082719643027183043e-01
6.319771697835653290e-01
8.704252402356593699e-01
1.122689890552913017e+00
3.578259452263808926e-01
3.064058749233884438e-01
6.950788286957532147e-01
4.114951575929334249e-01
6.244905165626127852e-01
6.315493820922836177e-01
9.806942183346224473e-01
3.355225023131500062e-01
4.376656876514097849e-01
4.124499348756318073e-01
2.822561671554812968e-01
6.416600209187016679e-01
5.950424105437862599e-01
7.124714719149475295e-01
3.928195918200039216e-01
7.745488082465519231e-01
3.036402822179872230e-01
2.829051284300821978e-01
7.541487309684583029e-02
4.626603835611609039e-01
4.698481995980260950e-01
5.499855018174661936e-01
2.242554298059919737e-01
5.118530737069838521e-01
4.706577289766489813e-01
4.034649806795121418e-01
4.242980104440397526e-01
2.165304897339800638e-01
3.567303564175687280e-01
2.899610665459765868e-01
7.887196402562411945e-01
3.885538046245953225e-01
4.694407346183244734e-01
1.709093286854583005e-01
1.139350573659676735e+00
7.187861447356048705e-01
2.730925527391722119e-01
7.821324533044697880e-01
1.533619400051236814e-01
4.221840830312568738e-01
4.009154056983478265e-01
6.975008200525043556e-01
3.166909528960207276e-01
1.898921298299169336e-01
4.930279534425757171e-01
4.185996144299576338e-01
1.714962528254374841e-01
3.760798678161684366e-02
2.091924108351971567e-01
1.721852391899749146e-01
2.513539901138885924e-01
4.687155342152555804e-01
9.020622782262395223e-01
6.811497453552379788e-01
1.014392180053677928e+00
6.984268617657111156e-01
2.679975147847045158e-01
2.342843457732920187e-01
4.139056022863163431e-01
2.519077421819241880e-01
5.907282502378248257e-01
3.150502870110083453e-01
4.282252098270422636e-01
4.812531529928453788e-01
2.895608094384925502e-01
5.371677670326825416e-01
2.693336659954748136e-01
2.982850965386865116e-01
1.018173316054142408e+00
1.373564828686930916e-01
6.748518205550870785e-01
5.304151098930142139e-01
1.069637992086706763e-01
2.193854944233915027e-01
8.761772403725420766e-01
7.647234216153782072e-01
3.492649968265580940e-01
2.160424353364638617e-01
6.368007375642938950e-01
3.471655012762674963e-01
3.020760620268175822e-01
2.374044776917699773e-01
1.149605784863011682e+00
4.768843774383639267e-01
6.863340518425615766e-01
9.770816024947955869e-01
8.937908181032788724e-01
4.252549582047809862e-01
2.606691554915908648e-01
6.584532153123092701e-01
2.045938532711429891e-01
4.351515134921185024e-01
8.835684442094140501e-01
6.619748036527124402e-01
9.403065484103718674e-01
8.090052002425659472e-01
6.718724579784782769e-01
7.439065649001341818e-01
9.054430370670636385e-01
7.979631343138856581e-01
7.285520566410530474e-01
8.135414803314772181e-01
6.785661322977073473e-01
2.897436185474633330e-01
4.130723924231148869e-01
6.548042169094697718e-01
1.721619410338258438e-01
3.147744899857959355e-01
4.559980390938419004e-01
1.917702764056811171e-01
4.700310690778802258e-01
2.726855672503573635e-01
5.813850788767304101e-01
2.784446393295550992e-01
3.873968457854679581e-01
1.475727903189535117e-01
4.902492851781172778e-01
3.437627216329347535e-01
4.349762842267271834e-01
1.919372629973516431e-01
6.697667119838000005e-01
5.372563994370121998e-02
4.234600394511100485e-01
2.032708642120061304e-01
6.428605555269876204e-01
5.951436302501473818e-01
1.510829092994682432e-01
6.966673489441589651e-02
3.069609004404591501e-01
6.054529678311278973e-01
2.933867082061022979e-01
4.693823679195009424e-01
8.617716735402926043e-01
1.306622366273511249e+00
5.897620943822384776e-01
5.347575833536796219e-01
7.306730898106463812e-01
3.846794513859284059e-01
6.173346492935751773e-01
2.759369629818267944e-01
1.324199455181780151e-02
4.388067876791014177e-01
5.496698834107350828e-01
2.947354366173581264e-01
4.841465707338107327e-01
3.826735337587433561e-01
3.939983514610954640e-01
8.567498044771417742e-01
4.119581166747740553e-01
5.441776705150874749e-01
5.043070154577974362e-01
1.707141441981455121e-01
3.129788897490095589e-01
7.021139275484161724e-01
1.927352778904450892e-01
9.536486225487948998e-01
5.241066980327943048e-01
9.000317140113800463e-01
3.907323007790761138e-01
3.381057147502162241e-01
5.507401430561110756e-01
2.733818167563457635e-01
5.073533700942303160e-01
3.540249485690763476e-01
2.784329387566705782e-01
3.965608153092142762e-01
2.345180679095490162e-01
1.576625792112108793e-01
8.157524499410813146e-01
3.703061219842805896e-01
9.387654819913009430e-01
1.169832357466466188e+00
9.178071697592142808e-01
1.300577156473922413e-01
1.980118799550790731e-01
4.444262786676571597e-01
3.380331429631615037e-01
3.014272854614338248e-01
5.084827854277990111e-01
4.775909418147793462e-01
1.042172608602392136e+00
8.374574138890612529e-01
3.753679168321875093e-01
3.039121187374277944e-01
1.974384845878190131e-01
1.505915892583508109e-01
1.637188586189080919e+00
2.031326485464527709e-01
6.049474546187114665e-01
6.443775968018495837e-01
2.726700555513122404e-01
7.587428309480075406e-01
4.542521355947597428e-01
4.302898451095141796e-01
8.068303748464066283e-01
4.711798020891089789e-01
3.454485514765063270e-01
2.839356362985505089e-01
1.135336326585679040e-01
4.169781463272602684e-01
3.068162357305831422e-01
4.372192022918953147e-01
1.073583257475330538e-01
1.294737238712418748e+00
2.107628416013000994e-01
3.933718802110775514e-01
7.313551090106124031e-01
5.046800527180418383e-01
7.617029794930845199e-01
3.568719597337547400e-01
4.620595331001990935e-01
3.109753216462317615e-01
3.137577263151333784e-01
2.176933258391573756e-01
3.800287754479025337e-01
3.337813939193984281e-01
2.028852218672233254e-01
3.712134385511089985e-01
4.712407197441192963e-01
3.306363916568903494e-01
7.734532274487289083e-01
6.741885227990246365e-01
4.492498710074256385e-01
2.768925723688528406e-01
5.204902880304338453e-01
5.500622929641422187e-01
3.135612587543750163e-01
2.412194832139759049e-01
4.513295706884163372e-01
5.873030680571413864e-01
1.822963559550838386e-01
5.422257868818372017e-01
4.223254734708142277e-01
2.208078086451956412e-01
4.220260273935443895e-01
3.446220921416436322e-01
9.988542518960615846e-01
5.948800784631049776e-01
2.629823702012437092e-01
2.506733328246387171e-01
2.629666456342949488e-01
3.423619092626475902e-01
1.869953101665837447e-01
2.967654490080572360e-01
1.762723738601393031e-01
8.447840916055108229e-01
3.997568798537152190e-01
2.756671914734810103e-01
9.243146361726253257e-01
5.849170306182475132e-01
9.967979402182196580e-01
6.239717823225402471e-01
1.716556546065136413e+00
1.045623135296510409e+00
7.823864340915007709e-01
9.934980052431119368e-01
4.046715598184453810e-01
1.495672240414961385e-01
2.964076713150073372e-01
3.397577584907786052e-01
3.953800687839573863e-02
4.527114653643635189e-01
1.083830356698759489e+00
7.342165784513549065e-01
1.224482385828615516e-01
2.764295108188830064e-01
2.787737474880093713e-01
2.603971401537514829e-01
3.087737687718103974e-01
7.482995365993391212e-01
1.585001552455004958e+00
1.454297336271186181e+00
1.194778671157067151e+00
5.271833207219780437e-01
4.779074658113022789e-01
2.466749443512332995e-01
7.840710562981390019e-01
6.877849159429433312e-01
1.820177890965625211e+00
3.443255948402709210e-01
6.918846868369932235e-01
6.545001711686280199e-01
2.824201357679332891e-01
3.196745097369241839e-01
2.634205044006684426e-01
3.755231780382166096e-01
1.748520255688747194e-01
4.296342254901518443e-01
5.923163303707802418e-01
3.517413023704440977e-01
4.896640516507841934e-01
1.750015365662767053e-01
3.303359826632580321e-01
3.313880538084072458e-01
8.545730816571459609e-01
4.721958565461478186e-01
6.751629236050375737e-02
5.732625186484304747e-01
1.915980675923621701e-01
1.639780566680291984e-01
3.101124260513581365e-01
1.700656742440078972e-01
2.260717931445966666e+00
9.867064080641764212e-01
7.440104467378858555e-01
4.688576032783631775e-01
6.964740114675990745e-02
5.422377098661024242e-01
4.918849104205135214e-01
4.864246502735437017e-01
1.017232703908559577e+00
3.779542242034667487e-01
7.689461154112846586e-01
7.018318622836906551e-01
3.683235983072251640e-01
2.200216796114618234e-01
4.818009999890844886e-01
1.845819941262346608e-01
1.098921894597649551e+00
1.899241259450167585e-01
6.162130860538644894e-01
3.117513496167750309e-01
4.152892204098500573e-01
3.071214366696448095e-01
1.682766825784496878e-01
3.841465304301820427e-01
2.710517967302462639e-01
5.163073311274894994e-01
5.207638811174433169e-01
2.458607608001098233e-01
6.420946940444832718e-01
7.349636138776415306e-01
4.359933449916880699e-01
1.518204347197173176e-01
2.113600360304572212e-01
3.732092569116617908e-01
6.127655637666059585e-01
3.714687250628527226e-01
4.183664777917969202e-01
4.831190170022866548e-01
3.808790020344133276e-01
5.610594175597634070e-01
4.278726155102520190e-01
3.664938403770743869e-01
7.266299656378872873e-01
3.653828275313830698e-01
3.398839600061162036e-01
6.418179116713915722e-01
6.205077351854910717e-01
7.359113637380875206e-01
6.550437661603666362e-01
3.903684316903093809e-01
2.777955506882525127e-01
2.729324043213006701e-01
4.843516299239866707e-01
2.681027380687380779e-01
7.711855506851692521e-01
9.725693572260237785e-01
3.157517748032951377e-01
3.482244899986968734e-01
3.923523086855598141e-01
1.830473281810938713e-01
2.666900478294570442e-01
4.579896516259560624e-01
6.053442660483219218e-01
3.770949606070802540e-01
5.255467907095338065e-01
5.236962765118075014e-01
5.610514209673248542e-01
8.174826192614943476e-01
2.515311738294696564e-01
8.042714753420913132e-01
6.088598964978607642e-01
5.587746881878571381e-01
6.633949592773854542e-01
3.489155466887928769e-01
1.723070824651411925e+00
7.743061726030400216e-01
6.774720313770827840e-01
1.160875047096912027e-01
4.392619192439441433e-01
4.450147295593641639e-01
2.750836668853003375e-01
1.668064709523456590e-01
8.649346498373122749e-01
5.317319876830982617e-01
3.648984341283138533e-01
2.994998126882118528e-01
5.596721795181900383e-01
3.691058583519384317e-01
4.146786001616066253e-01
7.016619672356749771e-01
1.003355435179935085e-01
3.197433702896588792e-01
4.436483083655281545e-01
1.863184351671824668e-01
9.279166554972420045e-01
1.701350446802374794e+00
4.311576878018109626e-01
3.062922019309284316e-01
5.215122405430094865e-01
2.660308113631102978e-01
5.423388557402309962e-01
6.709144298111801019e-01
4.451051803007648466e-01
7.428058672313543331e-01
6.001736480198505141e-01
5.076661670054803954e-01
9.352874818071310603e-01
8.537678371119198362e-01
3.480303404469009543e-01
4.674688932176913614e-01
7.532445456892784552e-01
6.588061559761770880e-01
3.491578291717014060e-01
1.324562873054453860e+00
6.404595770040195923e-02
1.542904057816006647e-01
3.059843688282136709e-01
2.724902455925572453e-01
1.337864345545883571e-01
1.785842920101423370e-01
7.203566982825395648e-01
5.763864141095751403e-01
2.149732449810279888e-01
3.289507818267436434e-01
4.346716146594088448e-01
3.510763421873743795e-01
8.866658208472835145e-01
5.120973029667185150e-01
5.867864858978432130e-01
5.955966398381310478e-01
2.334364849380682616e-01
5.336673151956135008e-01
5.239175549882927330e-01
7.465915087948210571e-01
1.387529474883649749e+00
8.827884183208263291e-01
5.487261245822382394e-01
6.195168919014095721e-01
3.403926737509985756e-01
2.952159641497066889e-01
4.463256177516521928e-01
2.185179924877902469e-01
4.397603914763774102e-01
3.134458187683918928e-01
6.966068789857835508e-01
1.654088020775462686e+00
4.413235082421773647e-01
2.014765570725304822e-01
3.142240037108413597e-01
3.629881043203642133e-01
1.067431918806003743e+00
6.607673161003325690e-01
2.974316988656955929e-01
1.847439684806230498e-01
7.104664569641249150e-01
1.951731046087299692e-01
3.539944984076877077e-01
4.038269920655537804e-01
2.841130496347981649e-01
6.786120126287916721e-01
2.983857151533914731e+00
4.670466542868022541e-01
2.219996594528086398e-01
3.649426969371129537e-01
8.078067944046839477e-01
1.048130031149686392e+00
2.688658362433557492e-01
7.242452056453997367e-01
1.499805792943362526e-01
4.105673689953654448e-01
1.365278127376068629e-01
3.254262536966948116e-01
6.308853168959051017e-01
3.933221907087129932e-01
1.067680173471574401e+00
5.614342743598932373e-01
7.140649633751995351e-01
4.749032022264344510e-01
5.267908506107866762e-01
4.629230134472432368e-01
3.767606818769995702e-01
4.983511823033003885e-01
3.348026843190616830e-01
1.170940452355078154e-01
5.534276346729604112e-01
4.669347801965095246e-01
8.230312006234512534e-01
1.675921495342536371e-01
3.433677460039823437e-01
6.849203825587324435e-01
2.284073819936213168e-01
1.663728522330240600e-01
2.498472466388520774e-01
3.388306731599850519e-01
6.497665691444193259e-01
2.183431656298955303e-01
2.407485879363003844e-01
2.491660849418796120e-01
5.549047894150296312e-01
7.095554675442072856e-01
6.149453105221530658e-01
3.753275492167723049e-01
6.623784029420629604e-01
5.461282883629852147e-01
6.257264560507738160e-01
6.078886384111887864e-01
1.284068745319050242e+00
8.306160638701695076e-01
1.099323009763844450e+00
1.352757573025937576e+00
1.775189867366498975e-01
4.069159002665729274e-01
4.404978957407534312e-01
3.554918363778237222e-01
1.454011644392859126e-01
2.478264975324160346e-01
1.960373708802295223e+00
2.642185432065660589e+00
4.616978265021729477e-01
4.837612829446377161e-01
8.126982386652735757e-01
5.219063548750840775e-01
4.498090644669583971e-01
4.295821379513642402e-01
8.450503334411741951e-01
1.249464643199252878e+00
1.660097145720745015e-01
4.307588156842480642e-01
4.107725420079151868e-01
3.452227897331924811e-01
2.088507073227679200e-01
1.623046170621349205e-01
3.732818640409377164e-01
2.602655542256796517e-01
4.483133149783677940e-01
5.077045037390541804e-01
3.856265639599727457e-01
2.357635476346094383e-01
4.715386770574482855e-01
2.826309197371749682e-01
3.643233196338738211e-01
5.725861945464177927e-01
2.306497021113539658e-01
3.481066195906786231e-01
5.418951212423167574e-01
6.988558476991201251e-01
1.502731791502064596e+00
2.015998906600761753e+00
3.777666162791714077e-01
3.292249536113216468e-01
1.532899867445452369e+00
2.072909473196581365e-01
3.141344487711338340e-01
2.115514948025764008e-01
4.769262560063795009e-01
6.291140771370781204e-01
3.319621654527127319e-01
3.947314397103900419e-01
1.095471506257260419e+00
9.611064549462506879e-01
4.477203798483234687e-01
2.564205713546335308e-01
5.270425456712005685e-01
7.635727651878502220e-01
3.992380951537888856e-01
7.292614772408666235e-02
2.391892839294175732e-01
3.097084740580486883e-01
6.615713616667250330e-01
1.557475167986649145e-01
3.080625133130666660e-01
1.378937680242470487e-01
6.469099429260167788e-01
5.512016730804931708e-01
2.665343752088231155e-01
5.977969132287548337e-01
2.791455497611338224e-02
3.563522166735810237e-01
1.843281250431381135e-01
1.538610755777117256e-01
7.545792559860458049e-01
6.762755224096980156e-01
1.275890176231128770e+00
7.341983125753052120e-01
3.132576345115242189e-01
5.147104043229016046e-01
3.530432708882567105e-01
2.077503642040176568e-02
3.946635968082162771e-01
7.147732376269104737e-01
3.469041461059297893e-01
1.127410355746789189e-01
1.847483075217914772e+00
1.943057476657745530e+00
3.831160315413750239e-01
4.783883080073328964e-01
1.261684205820193361e+00
5.408759265345033374e-01
3.828509197385479013e-01
4.333283272393425589e-01
8.107413007101258451e-01
7.593469577729702324e-01
1.962245206986081292e-01
8.690195816936304718e-01
3.060715324488503253e-01
2.828030888404118315e-01
6.925697111055520439e-02
3.262586749704421973e-01
3.157364590139455363e-01
2.884803928912858528e-01
1.311017981471905625e+00
6.849703562123529155e-01
6.376073528084614805e-01
6.663907533441314479e-01
6.188971946503942778e-01
6.235372170742136122e-01
3.738791031006385435e-01
2.924126217662668115e-01
5.675126244846867563e-01
8.903254055087427288e-01
2.245539956878613297e-01
6.590186814581403540e-01
5.872929168278454570e-01
1.310206222793170561e+00
4.800742384286487696e-01
3.569566349988045895e-01
1.305095177499573239e-02
3.971054486668375572e-01
5.695219217946931867e-01
5.313736448143547841e-01
1.832236806105641103e+00
2.150345716655437389e+00
4.932111116360921033e-01
4.047884999652113791e-01
3.997362636249363610e-01
3.045648254732983840e-01
3.132824284244922208e-01
2.532417426420265349e-01
7.314304722309468154e-01
4.947527123806278460e-01
1.761610740591450508e-01
5.077701247386329220e-01
3.337616744586438533e-01
3.609579571012305199e-01
4.538984611161538396e-01
3.674893162289605830e-01
8.409155646171556642e-01
1.324590401795026517e+00
7.530045508732453596e-01
3.642176421022797483e-01
1.630149183588095740e-01
2.730640845161310115e-01
3.066460942843995952e-01
5.292469111244354485e-01
8.734932236339569833e-01
5.464039137485025011e-01
2.532704903378248940e-01
1.176340897372908090e-01
5.398988155653690058e-01
2.683924896455818221e-01
2.271200625708187926e-01
2.744867197363002331e-01
1.205848835728469126e-01
2.948523045927589625e-01
1.628015454737432310e-01
5.271807696439854141e-01
5.769313879123849631e-01
3.377429112955337431e-01
5.289266884385643852e-01
3.037741982876694946e-01
3.401113143023686836e-01
6.265517767277184458e-01
2.335393003673177093e-01
1.361929371790387422e-01
4.388356378741481989e-01
4.766689345500790265e-01
2.941780426233375212e-01
4.115306452670762782e-01
3.569848918943029914e-01
6.567851295717153093e-01
1.727835242630458290e-01
2.384650790895150307e-01
3.767757822519119393e-01
4.519591376106824043e-01
5.707720479478000097e-01
4.092563643081515434e-01
1.986781473401105780e-01
7.341834661061660272e-01
6.648146644623660340e-01
2.730253954194384325e-01
6.601407640558120127e-01
3.408195211633101018e-01
3.866581523766991491e-01
3.167592880853313253e-01
8.689470927909156428e-01
5.278716713166901053e-01
1.423256488760141769e+00
1.004161706330532366e+00
4.331913174223191998e-01
7.056363705799407748e-01
1.357476782528535819e-01
3.408874823261376363e-01
1.024675149000769503e+00
8.675510629612132041e-01
2.994250289146901389e-01
5.316071522825861484e-01
5.407772450849831491e-01
9.974981132644249460e-01
7.268253659374627196e-01
5.193259542704100618e-01
2.880421725992069470e-01
3.902710112443973367e-01
6.743188785550932041e-01
4.502570169152895208e-01
4.041103119129628163e-01
1.371454206179781032e-01
5.819612052386220480e-01
1.087266424752977301e-01
8.992516012051969820e-01
1.066103906774449772e+00
6.426367445170765302e-01
4.509962920622264115e-01
3.043743911903397104e-01
4.481099306325802001e-01
7.642348093410101795e-01
8.432700197521658669e-01
6.985565943560445579e-01
3.571084103230653950e-01
7.028296549606078969e-01
5.794902470915394010e-01
3.625562989826663363e-01
2.006323425766963486e-01
1.661250191771598272e+00
6.588996608940620447e-01
4.231242648430561526e-01
9.010476437196766053e-01
4.590499890727350873e-01
7.267361105218486106e-01
8.041539248826274910e-01
9.544627899131828963e-01
3.045194276434937675e-01
5.208705320563740138e-01
2.886098885456238050e-01
5.030591301417095540e-01
3.060031375961703159e-01
7.897020705401226470e-01
7.422300366049279507e-02
7.272166162342191820e-01
5.185873010588972765e-01
1.713703912218886571e-01
4.766454555030796847e-01
4.103695083099989649e-01
9.291434357168443237e-01
1.707181479040103866e+00
3.449696649230334367e-01
3.380614773762101177e-01
1.237776075327524511e-01
6.889400361307412846e-01
8.863416529540008026e-01
7.548320788714409924e-01
4.180637775593914474e-01
3.701340441555098781e-01
9.485754492756881540e-01
6.768355661665927947e-01
2.209460847935303951e-01
3.639796882534545586e-01
5.601890775379695375e-01
8.784568435685310428e-01
7.905448751730386192e-01
5.465898369598924944e-01
2.685192218623989047e-01
3.223027733970106889e-01
3.196603823234251407e-01
3.023779528352891766e-01
4.306055965503989280e-01
4.939743416344056226e-01
1.695838263848969685e-01
3.740747846588803882e-01
6.555545208272540725e-01
3.503657972560329514e-01
5.448847798265665787e-01
2.842242711527328547e-01
3.513192747771798907e-01
4.056257792900275772e-01
3.186373166996138151e-01
6.087654402772018081e-01
5.083839618748224876e-01
1.880496534137460762e-01
5.246337233757242258e-01
2.365911071444867508e-01
5.453641304567989900e-01
6.960337199054886792e-01
2.405985135758498539e-01
5.812138622091513884e-01
2.613201400125287344e-01
4.419634136603445840e-01
6.018882489134234071e-01
1.653031352589965808e+00
3.641462076213627941e-01
5.213064468830328479e-01
3.058502138219032496e-01
5.188791282048828002e-01
6.438568884284218141e-01
5.809241848291269994e-01
6.802234577761556711e-01
5.968483243531595983e-01
5.962824390507259764e-01
6.506136413335665836e-01
4.151878819526308106e+00
1.911567774689179933e+00
3.997238952552245594e-01
4.231563380002468788e-01
4.301229593313564692e-01
1.940607963082573995e-01
4.473092274149109149e-01
3.075763645442237681e-01
2.466454520220873747e-01
4.838877547754998898e-01
4.271429446423982146e-01
3.208270870813260678e-01
4.401299976040197737e-01
5.745709194106338735e-01
4.206869273675379883e-01
8.851151485617897441e-01
3.972942085560365877e-01
4.035726929474076630e-01
5.153319588145686136e-01
6.961109355569814472e-01
9.614364756049960103e-01
4.432394908716851822e-01
9.019432427243339045e-01
1.106500913102362649e+00
1.508831072767296833e-01
7.411169762567938468e-01
2.760307308842238627e-01
3.248962836571839263e-01
3.927927053666716573e-01
4.491961739608789639e-01
6.300258866415010539e-01
5.391559731308290804e-01
2.712322406024026966e-01
4.703018100612149643e-01
4.193055437438834576e-01
4.730387635438543237e-01
1.837724150051617267e-01
9.996932257907760466e-02
3.886561614976696832e-01
8.441722116957741662e-01
3.508844116105284683e-01
9.407787750096608947e-01
2.808033482612693477e-01
3.208315999722152201e-01
7.104800146479142153e-01
3.659523984238696181e-01
7.742026805771602405e-01
5.562058495021079407e-01
3.837584197360215388e-01
8.920285566266308308e-01
1.652355358262351803e-01
5.188825100043574778e-01
1.436262745684310227e-01
5.232869257073042846e-01
3.849246987505972606e-01
5.072584707487503008e-01
3.334416241923183200e-01
2.151232644980412834e-01
5.890724658008001935e-01
2.637134649644724549e-01
3.014271540183037779e-01
2.287439145969918375e-01
4.188342347429070411e-01
8.493979220186835821e-01
6.741600907336005033e-01
5.011741221329168994e-01
