1.623599285864783526e-01
3.734229095872225734e-01
4.403232646053395483e-01
7.701566083671840257e-01
1.821903950931722804e-01
7.750371220474039369e-01
1.380894372397054370e+00
3.857706633489597914e-02
7.573996377384443202e-01
3.012303829475920791e-01
3.479641341262813548e-01
2.521326464753784191e-01
2.519472123565215660e-01
1.567455086003256559e-01
4.165519918749140960e-01
5.954544225322788015e-02
3.070980730257298896e-01
2.615137142876599596e-01
9.202638455887689195e-02
1.175963911724291627e-01
6.217167142720302353e-01
2.009511832155773947e-01
3.067804154568877784e-01
7.317224043831700442e-01
3.442738044112193530e-01
3.294883240365308746e-02
1.031508347458147679e-01
1.744000022200755395e-01
2.826729378342796584e-01
2.047685943083656923e-01
4.169296718345891217e-01
7.579658325090001814e-01
3.108111831591979235e-01
9.947163267019827615e-02
2.469626083657499444e-02
1.499450540057217264e-02
4.110457439890735643e-01
8.525505807154643012e-02
1.114623463116598684e-01
5.277519421980846337e-01
4.870921210329162698e-01
2.735015455088321001e-01
2.204237012137538060e-02
4.899366182133916836e-01
3.863195834653207483e-02
6.435035106754672940e-01
9.241009904731398161e-02
4.804316728575492301e-01
5.044422667846262254e-01
5.303189944374210318e-01
7.231103936213837402e-01
2.153193983761330643e-01
2.115964128240539477e-01
2.504425071975476813e-01
5.257122290540451326e-01
4.780423011334433703e-01
2.231105637631479732e-01
2.668051779023196124e-01
4.576963548368772061e-01
2.121102332546734304e-01
2.148789058273271879e-02
2.879490847875143533e-01
1.554087114410471093e+00
2.610412289808656361e+00
4.427934282638383845e-01
2.664471610067058460e-01
2.568103461669613008e-01
1.349406696872501310e-01
5.824254789284939449e-01
2.105981476975799238e-01
1.509046097437677925e-01
2.083258127948781069e-01
2.946752485076325478e-01
1.170522015393451465e+00
4.195385942422033554e-01
2.854699256675030661e-01
2.393411179848896064e-01
2.988218067922572829e-01
2.865681845163755015e-01
2.716026443835545257e-01
5.396655746234861883e-01
2.480849565429670556e-01
3.456228876530305638e-01
4.129135185601981450e-01
3.249008246419604617e-01
2.183627136556416382e-01
3.974424911289179962e-01
2.138622042945881874e-01
1.411500062837630631e-01
4.000685770690040055e-01
6.525459244014099325e-02
1.296665970508887322e-01
1.217697234758516461e-01
5.115832239516833191e-01
7.021127849736870097e-01
5.161474782857069510e-01
5.850325242913340107e-01
9.816158883117861444e-01
2.223327857122151807e-01
2.682895528520838346e-01
3.188101772351195629e-01
4.123320101714436081e-01
2.821052687229003153e-01
2.359852796825767096e-01
3.170733115363304488e-01
1.448123900854434397e-02
5.464273388722888473e-03
1.782725660751969254e-01
2.670395272032619061e-01
1.914699537745644664e-01
3.237693654836260038e-01
4.251233957158450094e-01
1.552773881437966019e-01
4.031953341367485733e-01
3.232807602465268548e-01
2.102820744248342644e-01
3.433234349418601283e-01
5.447503210476872804e-01
4.426807432998540737e-01
1.769169470953725343e-01
1.309719014645198243e+00
6.151547318143667509e-01
8.480235505839340826e-01
3.534265125957126163e-01
4.331615041713236108e-02
1.436890026602266890e-01
3.177670920751822781e-01
2.599088174338425317e-01
2.370409942910218712e-02
4.234374333965662540e-01
5.438361446365210794e-01
6.655116148744710802e-01
1.120016554784160762e-01
1.425769041333767584e-01
9.570064808825883007e-02
1.935866434034446554e-02
3.783616345371906275e-01
6.809729199710037872e-02
4.238743419977118454e-01
2.054561405666283369e-01
7.021572932770533959e-02
5.594948595903689315e-01
2.313952332933985334e-01
2.182593515324070810e-01
4.696368552132065832e-01
5.731936000291149025e-02
5.811303535881855442e-01
8.086418451226717874e-01
6.144926822523303356e-01
8.463402062350925403e-01
2.084387261778156142e-01
2.745259586819100428e-01
5.128470662088266963e-01
6.777634042746608078e-02
4.949357951438606018e-01
6.291601000754476480e-01
1.686792865396702923e-01
2.960224151641581702e-01
3.913334550727036176e-01
2.754995619042346910e-01
9.617598908388939050e-01
9.085699203167401095e-01
7.427951757977736547e-01
2.389335463969627926e-01
2.046153588841811699e-01
3.115822297692185106e-01
5.339804605715354757e-01
1.514718800369047602e-01
5.284600739565811084e-02
4.636028539250721670e-01
6.309219079689620813e-01
3.081310434406423493e-01
2.122923876251037179e-01
2.371160276905747988e-01
4.182251911875240480e-01
3.935600847945643910e-01
3.409491137060201016e-01
4.410237161495181857e-01
1.772923942713583167e-01
1.330115450372903740e-01
5.545451073379359386e-01
3.512805846777308783e-01
1.853670136645929334e-01
2.393790377235422429e-01
8.322191262257180866e-02
5.818405185511100752e-01
6.894050882822944093e-01
9.912936330745054647e-01
8.926902155794353561e-03
6.473211095096596812e-02
2.105015703970580104e-02
2.538095335835360844e-01
1.928949209127862885e-01
1.293429234006883699e-01
2.293907302967121767e-02
7.146990209643444558e-02
1.986262113200260582e-01
3.349746805406436656e-01
2.004968431726219524e-01
3.276560239520017181e-01
4.494499989366591008e-01
8.460587708413833119e-02
1.513101608501351281e-01
3.248401966376374683e-01
7.104615905209000770e-01
7.701120556654712512e-01
3.071945701728725497e-01
6.370453652092222807e-02
3.496927861338353649e-01
4.574026742631406295e-01
5.214757582352856913e-01
2.536486748913581724e-01
9.212427999938056500e-01
3.602217152247791376e-01
6.545228381902813419e-01
2.607660084479195839e-01
9.043755567202758916e-02
2.947406135674731087e-01
1.954639212720576391e-01
5.091730933707888651e-01
1.687384132573887530e-01
5.025454776345390506e-01
3.117689944526212398e-01
5.611912420908907878e-02
4.672583614667343010e-02
4.026457508219304926e-01
5.397867789938151084e-01
4.554029544206005253e-01
5.972166932731374223e-01
1.834321021813427599e-01
1.394434310289033585e-01
3.527342641865275907e-01
2.591215727938377955e-01
3.163567044574571718e-01
3.733597214453521218e-01
3.061216847669611663e-01
6.046077193473974737e-02
2.452254660376804452e-01
2.166457967317712285e-01
1.106031244837284433e-01
1.179865852750246136e+00
2.689524229057476123e-01
9.180156522153550824e-01
4.267432097038315053e-01
1.687916798683083419e-01
5.592390382172218732e-02
2.035397633714443044e-01
4.797040352063754454e-01
7.648803011755909986e-02
1.964328297767387321e-01
6.804385788686202752e-02
9.336657306463566619e-02
2.941442312966902617e-01
7.962916573499362327e-01
2.342995050205783913e-01
3.029621912092827010e-02
4.284149500581788672e-01
4.786497425292369767e-01
1.772570435952127155e-01
1.084287610919462547e-01
9.594609004474689007e-01
2.735618002468390708e-01
1.176790473032962137e+00
8.338729937243227752e-01
7.493337208618428003e-01
2.772563569044886878e-01
4.402840030015919282e-01
3.020324099497582182e-01
1.232908179085507872e-01
5.838762063156999194e-01
1.172793026642965225e-01
3.602733728490327136e-01
7.027743007994115276e-02
4.922987631759966343e-01
2.409724025305652606e-01
2.278075832186186034e-01
1.690661835149858128e-01
5.172965205787665166e-01
1.125378639214751411e-02
8.645946479332867751e-01
4.058827946261661245e-04
5.374912193122275417e-01
7.616534000197944633e-04
2.497437267821112916e-01
4.918033739863005849e-01
4.247942150966242947e-01
2.582143162917808210e-01
8.895496328579084455e-01
5.630708138560575060e-02
3.494858994562821120e-01
2.709300848220846381e-01
2.476331788472442008e-01
1.146111522652063647e-01
2.754584740224881312e-01
3.154671205829689268e-02
1.945657236654204647e-01
2.444375798114291620e-01
4.122048328037181686e-01
1.496670245622390982e-01
3.750930164904381359e-01
8.161291379245434741e-02
4.843938730333298068e-03
1.383805897786062333e-01
2.292351285903513058e-01
2.242457398879544109e-02
4.331282137665278253e-01
4.306188062533757854e-01
9.819725126190943787e-02
1.430610450940648093e-01
2.251260369595638744e-01
2.577327102053555974e-01
1.953837432562519072e-01
3.319865939987449721e-01
3.748473346425727493e-01
3.061095540305626139e-01
2.653362101348883950e-01
1.125715693900833786e-01
2.670561582035576587e-01
3.815311937817720822e-01
1.535202879359477968e-01
6.533374273878408411e-01
7.701371714628231224e-01
1.182420951267051518e-01
1.478058806334148767e-01
2.577246563687948244e-01
1.681228492944420450e-01
1.542556059393689782e+00
2.954198849749909428e-01
3.351409346095118313e-01
4.438456013452677928e-01
5.763167522971043288e-01
1.170474368994264935e+00
2.836178685768306340e-01
4.646583917104899486e-01
2.642806101979050526e-01
5.657411083556505016e-01
2.078188744834665869e-01
5.405360950355668770e-01
2.610887658657661814e-01
1.656607505103560030e-01
1.826125793410336151e-01
4.134644216069495171e-01
4.549210979103361918e-01
1.802384122056018834e-01
3.150437183428652643e-01
3.543497887379595812e-01
4.928623184887544473e-01
2.690565096616504559e-01
3.779990066084842892e-01
2.462623325661389695e-01
2.844188619763503567e-01
3.990886651814602448e-01
9.068678207707944194e-01
1.338206427760047612e+00
3.561798449397148014e-02
1.012083837421765775e+00
2.744061999409848074e-01
2.320888124549883025e-01
3.385064386448034535e-01
1.462447934111796022e-01
2.776932317659864258e-01
3.930458065414287883e-01
4.763541218115766029e-01
2.312628546017748976e-01
1.984937418687048871e-01
9.191295151162636179e-01
2.268245275234943847e-02
4.968736823470603081e-01
9.664955550161674624e-02
7.026452530554443132e-02
6.106796594921507504e-01
5.184128600701827239e-01
9.572324666107537849e-01
7.464604629667799252e-01
1.765369767894257036e-01
2.376359137855404979e-01
1.099332671662607508e+00
1.863482021109001130e-01
4.865920431716150296e-01
7.893205280270056967e-01
3.263342680266216878e-01
1.542919760274468755e-01
5.239496366105807906e-02
7.714438183159317841e-01
6.466574000956990531e-01
4.193141364213939792e-01
2.018013881963832967e-01
5.308290191237325928e-01
6.729705623216609700e-01
5.144816913402134873e-01
1.050637135115771309e-01
3.251131104190905785e-01
3.461843442126732451e-01
7.169031280689168451e-02
6.997533476526121565e-02
3.974472529971814216e-01
6.182470676350366734e-01
6.564934966990587650e-01
1.881489147664614503e-01
1.520188891213790083e-01
1.323350148153602746e+00
1.179163365152484433e+00
7.489377959980999533e-01
2.801439200350944736e-01
5.459881221315080468e-01
1.368119051508572825e-01
2.864271994826385059e-01
1.115292846658110792e-01
1.666398912454110717e-02
6.961623382422705841e-01
7.318940156006840114e-01
3.970385489368963988e-02
5.976753784331417796e-01
3.766988736262318893e-01
8.959547518417496637e-01
2.365720149804680372e-01
6.176724999952662998e-01
3.738893166272297397e-01
4.709894891771593817e-01
4.997954531387202026e-01
6.387688034871596976e-02
2.536297472001188824e-01
6.482147930422468840e-02
6.408963814995555230e-01
1.837572616708887940e-02
8.315384794675924063e-01
4.691127836471466472e-01
4.689859639001778963e-02
2.099841193165078723e-01
5.786747609639839585e-01
3.324980419175210811e-01
3.014258100583137034e-01
4.023124608474283326e-01
1.174941938704977540e-01
1.717339388153496793e-01
2.735359763539458866e-01
3.785683225781757977e-01
1.385122870479373880e-01
4.488613612446844536e-01
1.221319688622554966e-01
4.671349180290909064e-01
2.098880392257220506e-01
2.701952304739873578e-01
1.914677751801785732e-01
3.251130002076103032e-01
4.003435391814556127e-02
2.424479014651944042e-01
3.920010287155857309e-01
7.883110909220256701e-01
1.887286125567993189e-01
2.408097137222963702e-01
5.673411384129342094e-01
3.555664218013492306e-01
1.993742559977684514e-01
1.191222254113723650e-01
2.624369052104441949e-02
2.644355837802082054e-01
5.381797820107273034e-02
4.167907428390185687e-01
1.346645115511998191e-02
1.330755273851089437e-01
3.271012509222132603e-01
3.209714882702459637e-01
1.557531207441992693e+00
5.312252399699009253e-02
2.709357442636271540e-01
6.523640430682763058e-02
1.800270412359611660e-01
3.404646842359388415e-01
2.804805347486461486e-01
7.603800282159051127e-01
7.162082956441520598e-02
1.931978745494158101e-01
3.933910096846242044e-01
2.063196249524229253e-01
1.669701785599534694e-01
9.290394627802840422e-01
8.210568610948705270e-01
5.242471124478103039e-01
1.232866557221771048e-01
3.836302505996634915e-01
1.167560239950709233e+00
4.707336544619070140e-01
3.971037027457233193e-01
5.856776168762535262e-01
1.842120905205760495e-01
3.050409463459560766e-01
4.030599700459487345e-01
6.501471926774574639e-01
6.718508883585769254e-02
3.819850187871357550e-01
1.059892225270963745e-01
2.877579761235409261e-01
7.476243540664098131e-01
1.314613786378134308e-01
2.156571895501472047e-01
8.872965330115237248e-02
2.457191948136517312e-01
2.650602822519119162e-01
2.657836286772504719e-01
3.072120526153818698e-01
3.434888611583588047e-01
8.257013026450926718e-01
2.339434082818995508e-01
1.065242485353343621e-01
3.363053159611194554e-01
2.392586736166116279e-02
3.619330866954884596e-01
1.620423212322402023e-02
7.686045532179819340e-01
1.147131567555673137e-01
2.785355263379127866e-01
3.386673839019063159e-01
1.263834657106041939e-02
5.453191827365271305e-01
4.120048488526259489e-01
4.951833869722018638e-02
6.288066651988450939e-01
5.297243550787866795e-01
3.673119325791512901e-02
7.971309152547728649e-02
9.009770248129057579e-01
5.446348168085927144e-01
1.434428836687490216e-01
1.113636845761186295e-01
1.878971945333786642e-01
7.469418099543471967e-02
1.522645811601931187e-01
1.830404995275878577e-01
1.256757792290952858e-01
5.299285897598470241e-01
5.660717697077680688e-01
1.968690260648248841e-02
7.421687615033788488e-01
3.626957981049104829e-01
1.945039463289395532e-01
8.328046731208863518e-01
7.542742350663698137e-01
9.627224588068181710e-01
6.408030268880922087e-01
1.453720472979042888e-01
1.263377728920297982e-01
3.361129842411546970e-02
2.310444996688126862e-01
4.476706330634328546e-01
1.779340473327486738e-01
5.272818889661150532e-01
3.844196867156622344e-01
1.120100965430430827e-02
1.767991044335803230e-01
2.672389642710448765e-01
4.675721461597073247e-01
4.852235020146377087e-01
4.454159736842511763e-01
5.257721606639496198e-02
1.925731332290123998e-01
2.326265469840107236e-01
2.478301777751877599e-01
4.952328286547074687e-01
1.448416544159658592e+00
5.202311707480049632e-03
8.286240416193893857e-03
3.040387454243889676e-01
4.054231088487318946e-01
2.114735629727792499e-01
4.137205512170869653e-02
3.673691806647167435e-01
1.859945862197343314e-01
3.167919318757944080e-01
4.800336712216977664e-01
4.137187609791914689e-02
2.758457309089000775e-01
1.334639623156002597e-01
3.830554046023758596e-01
6.937236883497424067e-01
1.434634386204705903e-01
3.107199511815325055e-01
1.564410037313492818e-01
6.500542035452684664e-02
3.356088331050510187e-01
4.379319830360919874e-01
3.744696534379595154e-01
4.904056981429671253e-02
5.118082450443307840e-02
2.933781628653356899e-01
6.009209239400243874e-01
5.045583744679921212e-01
3.142801952302452517e-01
1.158023703581623765e-01
3.387452120005745027e-01
8.421650439439077873e-01
1.730016194511832528e-01
5.139308284229205936e-01
4.506390537382697903e-01
4.851278410888429926e-01
2.948763592069938433e-01
1.635241676304800273e-01
5.247090903638432224e-02
1.992919970840513477e-01
4.715820960375045057e-01
1.648620296600937785e-01
2.809197330986182295e-01
1.529044390291708910e-01
8.870616146781311329e-02
7.492618495860029482e-01
8.904365510632544778e-01
3.013198706253167880e-01
9.254436026452979025e-01
3.136887715089251016e-01
2.944402740628557780e+00
1.494865732454724594e-01
2.002779574204497925e-01
3.872166756677792865e-01
2.104937705641932721e-01
9.530737603328696961e-02
2.490298666247426629e-01
4.171589137960347027e-01
1.960793130028427034e-01
7.151509267228400857e-01
1.105402454663139411e-01
3.636631836824416042e-01
3.717120435284019253e-01
3.126167162954360257e-01
3.228312276323995200e-01
4.830934731551728700e-01
5.466144754463676814e-02
1.731536492166153018e-01
3.508015334709958521e-01
4.380792607373085179e-01
4.487668040757790133e-01
3.719835408840157509e-01
3.119694516378812565e-01
1.516148773099389169e-01
1.588058491008400019e-01
5.668227561875910370e-01
5.531285687154323671e-01
3.172438187497761408e-01
1.120730711604493723e-02
2.746018899248066081e-01
1.086906337812940659e-01
4.747334386221220837e-01
1.109086482509052729e+00
3.487954366564047226e-01
1.768283503504333443e-01
1.911752517089157777e-01
3.976251354372307700e-01
3.788938088170826224e-02
4.973165076063653517e-02
2.896860022330468090e-02
6.160526309208128604e-01
7.099796739477556851e-02
1.571128337978160844e-02
2.434895122231416631e-01
1.733013087886669801e-01
2.999144714696947989e-01
5.658494766725384872e-01
2.615312130585522032e-01
3.889349696756400077e-01
5.555047440421102545e-01
9.974981234063411834e-03
2.289036642068834337e-01
2.668095583495067036e-01
1.915135236855125545e-01
1.355169271134429587e-01
2.485265559062445895e-01
3.283096377383911135e-01
5.642589597474011176e-02
4.128096468947025643e-01
2.678186680305086331e-01
3.985194946935561866e-01
1.306404604633713662e+00
8.586796496482664853e-01
4.758634423740731867e-01
2.704670828622520173e-01
2.813396141285573818e-02
2.487132071170621850e-01
3.584298530699727703e-01
3.070760376555682347e-01
4.106162451055781482e-01
3.119207716280548159e-01
8.569510890216037735e-01
1.018219403651516641e+00
4.008057560526170904e-01
4.699608525448600860e-01
3.898100710239283395e-01
1.294654188469970824e-01
2.619458555488736740e-01
1.399368338352475483e-01
6.948528826778618828e-02
2.290779132158427267e-01
6.115125923440699607e-01
3.017741677998936889e-01
3.797596349861625531e-01
3.913926290537440011e-01
1.047470571829339336e+00
3.044598355847158780e-02
1.165938693886525990e-01
4.355859064902617428e-01
1.302252799649186388e+00
8.761283288089763976e-01
2.522527150922375117e-01
1.664841817061931128e-01
3.819331538488327515e-01
4.337031122156675272e-02
3.761047436588124127e-01
1.872099489288320262e-01
1.719148388738570288e-01
2.210488888008205199e-01
1.014971737460410806e+00
4.637345481506464639e-01
2.576800139100653420e-01
9.124618518687036550e-01
2.677513670222981812e-01
3.931864349236188771e-01
2.400482044926935399e-01
2.443163731267852523e-01
3.906228404560997403e-01
4.497678739425670646e-01
4.461887090553696145e-01
1.714737103825005882e-01
4.811500222615664457e-01
1.344746202674742763e+00
9.600063131729996702e-02
5.888297132795391464e-01
7.029518002459536619e-02
3.005706297833287549e-02
1.348212774155828630e-01
7.138159421286900154e-03
6.828837443896762505e-01
2.577579144379760212e-01
5.952374246313014705e-01
8.700194239597617285e-01
6.261284033075514843e-01
3.767640498711620767e-01
4.848798473418889365e-01
2.038501324147179994e-01
5.095584268794989269e-01
3.134575216129206199e-01
1.969479313537514098e-01
2.622926934133583132e-01
4.476372671456929075e-01
2.729601174560031263e-01
2.162915374309078986e-01
2.114020759051004061e-01
8.446163501753853331e-02
5.154117212959496985e-01
5.377626566024227284e-01
2.759970302166606659e-01
9.668965323177713955e-02
1.388803482844151033e-02
1.883730739474370752e-01
1.709944608759539630e-01
5.837228018588482836e-01
9.113711360463098987e-02
2.325850621171768606e-01
2.511108339312787541e-01
1.228572170889283832e-01
6.184847768492480746e-01
6.926316353566676076e-01
1.455347995923703674e-01
1.030512079930449576e-01
1.932706260656756993e-03
5.022412501323621041e-03
2.144914961589645952e-01
9.612553239616787593e-03
7.662866418173939209e-01
5.738819672021672202e-01
4.257894819992100177e-01
3.552978454813361386e-01
2.470219287265377761e-01
1.814978069204648825e-01
1.308907085081756072e-01
5.951639346898998095e-01
2.114335963570099231e-02
2.472630143411223558e-01
6.847813633650968734e-01
4.059260197375813006e-01
8.850214006894115137e-02
2.621583031602824770e-02
4.422524340036720902e-01
6.749945376260544361e-01
3.455910220818917966e-01
6.751090939716122286e-01
1.657077898226644586e-01
1.702897631963692926e-01
3.155300944862351326e-02
1.473756058887327192e-01
1.607226835098029549e-01
4.529720940036157523e-02
5.991362733880933877e-01
1.614747373273079933e-01
2.500492373322817374e-01
1.142701658029581235e+00
4.650104109710805345e-01
5.744895573501103136e-01
2.130160429473907657e-01
3.219681338198798204e-01
2.817274235316757358e-01
1.562974858689208102e-01
2.969337929771556084e-01
1.264468250561833207e-01
4.210060299279331231e-01
2.310452436375928231e-01
7.540376554819486210e-02
5.775936282022974266e-01
6.309925452329006035e-01
1.187756571605780853e-01
5.791439524376622572e-01
7.470003816019446519e-02
1.517553222498297938e-01
4.469369260261814025e-01
3.286321862940002614e-01
2.781782698485337768e-01
2.136086390464607687e-01
8.626334498182325339e-01
3.179422689820819992e-01
4.886489499106688172e-01
1.548969155187776281e-01
1.324036484939910274e-01
4.865665263504033167e-01
7.694104755663974116e-01
1.042869498730148309e-01
3.320990034835157728e-02
9.481757620826174182e-02
2.391284938986903141e-01
5.785391069348138071e-01
2.300460593735657033e-01
4.942529183245031876e-01
3.443878953874939253e-01
3.887387427338879764e-01
9.232978962099622766e-01
9.350181834999242436e-02
2.941670610782812778e-01
6.644907057244932302e-02
6.508036069974667548e-01
2.844299230863149563e-02
5.794444037690299476e-01
2.185234250417499025e-01
4.883830554721964035e-01
1.659855727004954928e-01
2.718509003146857284e-01
1.686806654003866063e-02
1.069910474028326619e-01
7.561216351438995176e-01
2.696138664563241250e-02
6.177608796036190841e-02
1.346493298517167925e-01
7.692784471750832576e-02
3.131705693241089716e-01
1.282671528494355451e-01
6.164443678334214456e-04
1.446194863377330719e+00
2.150311767859223178e-01
3.614509363615835413e-01
7.999326447980993349e-01
6.032675816665855617e-01
6.291026697433943493e-01
3.047070066796405130e-01
1.389301224227624046e-02
2.513392339581069779e-01
1.621767196031728975e-01
3.363803592504727158e-01
1.439896583910544037e-01
6.604651139006214589e-01
8.205918438188177788e-01
5.160403835300618469e-02
3.220017462054187984e-02
1.244544288127720361e-01
7.817442223850173955e-02
4.927977154882345195e-02
4.679529757192337769e-01
2.675737077787184170e-01
7.671944777186711084e-01
3.657036141166248866e-01
4.731912975325885395e-01
4.204649119746579622e-01
5.161247735713554441e-01
2.765372707591862711e-01
2.409865293287134780e-01
1.340176221150584102e-01
6.245739334669471177e-01
3.199171858074383729e-02
4.942274556249021678e-01
3.990465954284178052e-01
4.512698829543960732e-01
2.694755591149621821e-01
3.585099773756019736e-01
5.268319880072462880e-01
1.782852933398141049e-01
2.359258361159673745e-01
8.172396838397576191e-02
2.202878372746917834e-01
5.484395959020929023e-01
8.794467381632058434e-01
2.005334674404868900e-01
7.981897229953203166e-01
4.541301708652168423e-01
2.451847472538269956e-01
5.509973263056082426e-02
1.058655891600666921e-01
3.609028022835646804e-02
4.207599528642731457e-01
2.344938837567077106e-01
2.498735595470739090e-01
8.523950652908645065e-01
1.559076476561293556e-01
2.690041968400888259e-02
1.256243360610319049e-01
4.239320919162383738e-01
3.384394454881007874e-01
3.066404608973270496e-01
3.044352291540001754e-01
5.387695849618286958e-01
2.507920464332489829e-01
4.115760987139862603e-01
2.059216297218231795e-01
1.862671793425463573e-01
2.555904456998580043e-01
9.575358109494089831e-01
5.107214317283890193e-01
7.427150877168331444e-01
2.121298092735948437e-01
5.752585133861516375e-01
3.117056397842184468e-01
7.007754766194461693e-01
4.865164598266624729e-01
5.096276822739544965e-01
2.532306162191986787e-01
4.107259618360660780e-01
4.301079217629465989e-01
4.841411297202332098e-01
3.105376439388503607e-01
2.722850520744973246e-01
5.340297107750978656e-01
2.760979585357964394e-01
4.844863907014409499e-01
5.877542907883670509e-01
3.778998666021923802e-01
5.078333932370854287e-01
9.641060997664075982e-01
3.073242780938670871e-01
2.327623340502028848e-01
3.023469801920416478e-01
1.354662878122318559e-01
