8.838349335546613617e-01
8.257165736587027682e-01
2.796983233210719177e-01
2.878504919590967326e-01
1.916552742321773473e-01
2.267383397080474927e-01
4.173465977421434436e-01
4.386871196879321005e-02
2.721102417343694221e-02
2.628055349053748380e-01
5.387370379295102207e-01
5.549755124702941689e-02
2.730671192397250528e-03
6.377980964918097788e-03
8.869305564487864890e-01
4.327084678595091161e-01
3.481322670694860788e-01
2.146882035578364517e-02
2.071985261127427536e-01
4.912317355085089182e-03
2.398435480027974118e-02
1.428723739720741681e-01
9.000679810502151823e-02
2.574016805916445536e-02
1.521870416161545114e-01
1.893217665248670550e-02
5.293720638218681745e-02
1.929369532055267775e-02
2.470291843715994307e-01
4.289215046895622496e-01
3.145492910619734905e-01
3.706650610998628304e-02
6.470643077045432623e-01
4.840682263154930109e-01
3.893316220669900130e-01
4.778181248278488835e-02
2.045809933787789414e-01
8.645375857873831853e-09
8.590336296069467359e-01
2.217757735597925273e-01
4.246720069719660540e-01
9.538745221986566492e-02
5.739574481448392329e-02
2.044357065891391767e-01
9.805878633414151502e-03
4.366511981771953321e-01
1.941039894937603427e-01
4.303080497459364426e-03
6.495055019679132902e-02
4.940946255560440398e-02
8.172746190159353719e-02
3.378875404683547023e-02
1.092797624086356001e-01
2.280314064153601827e-01
1.854153273856730955e-01
4.043625734989645532e-02
8.076015061032791598e-02
7.702656468393798139e-02
2.405729604957537737e-01
1.480940878360328616e+00
1.100442739889725529e-03
3.627111348588259454e-01
1.115129776128895994e-01
2.461503066289210950e-01
3.394516978223838244e-01
7.117403212709059179e-01
1.888329223174003424e-01
3.293111464241958719e-03
1.508841335953518825e-01
1.852163200153180145e-01
3.111425067277737849e-02
3.279679299293150607e-02
4.709689684250872171e-02
7.839191036862315221e-01
1.374590897516192109e-02
5.463636882296996067e-01
2.767517134417600833e-01
3.271964873045580258e-01
2.042658755551661140e-02
7.086151816137076231e-02
5.324956466104553698e-02
1.752304084271716356e-01
2.715117247008936273e-03
5.863573206727099724e-02
9.407202790028598716e-02
1.160093726111960377e-01
3.428377379002608416e-01
7.464033217661684982e-02
6.028390862674987832e-02
1.269561478868357907e-01
1.161783445875669563e-01
4.443303032159892640e-02
8.367427089981104016e-02
2.894959233984910341e-02
1.854097990885476485e-02
4.722048487813195611e-02
3.252223318222318138e-01
1.330920542124668648e-01
6.471457416640974403e-01
2.244190996227856880e-02
7.134864879385602321e-02
7.226656959453064966e-01
2.874910746503697712e-01
6.007749733747494436e-02
3.252120501061012137e-01
3.946837841870997621e-01
9.777297766055685624e-02
4.729570258732914700e-01
2.613439320586737891e-01
6.468881454061617409e-03
7.884301089373912941e-02
4.362515131886116580e-03
1.133476968448170197e-02
3.642295471699185522e-02
1.167885030400225167e-05
1.259018771777200294e-03
1.310878616263755217e-03
2.361147675782955302e-05
5.771457795466388152e-01
7.378740840459804273e-01
1.352726301420672794e-01
8.652714449254977902e-02
2.353093900682961814e-01
4.720497575724866834e-01
2.644321445001629467e-02
2.572715841093418110e-01
5.991641622275425405e-01
6.845624064839572753e-01
4.978645845275758708e-01
1.401387863590186356e-01
3.155188590452089048e-02
9.188425962202555197e-02
4.880588663881198913e-02
5.116770070095258971e-01
2.802079725160803725e-01
9.286008432494507331e-03
1.088288031833842262e-01
1.027578367135866758e-03
1.595484688486002445e-01
2.500810539888675965e-01
6.881753964934954615e-01
3.206560704095623437e-01
6.887616213957088729e-02
6.838173402618281937e-03
2.190549103039041157e-02
1.194639682379927542e-01
9.285490293989126856e-03
2.671577443386760967e-02
4.151609295982775297e-03
4.661054106170133271e-01
7.527495333922235329e-06
1.123464562390343313e-01
2.559102181326736817e-05
2.180030923702260259e-01
1.169975499913198172e-02
3.660608410756039377e-01
5.521400429480165717e-04
4.141096537363500086e-04
1.286386148000236151e-01
5.793654754554596886e-01
2.100584436122686360e-02
3.364718117152284971e-02
5.917477163467108753e-02
2.186550237250544856e-02
3.399226505897463002e-01
3.853637033894084518e-01
3.697514610493140425e-02
5.435591829534356517e-02
1.108542165537499680e-01
5.877499672230807048e-01
1.357212103170392925e-01
3.952388043511607663e-01
1.444162976034840951e-01
2.861813723088477146e-01
6.346295755938082157e-03
5.649993862598470251e-01
1.346120434006964350e-01
1.836650745062866358e-05
2.959920272885900316e-01
1.382699754868706686e-02
3.794118496220127978e-01
2.561670994100613274e-01
3.157696265240328981e-01
4.219499958676645700e-03
9.717183994971374805e-02
1.587485863945533038e-01
3.304052537621872399e-02
6.707957738753336785e-02
3.099151912821755395e-01
8.114471031999447026e-02
2.183116482095608379e-01
9.080429384539668858e-01
1.529918275206598455e-01
1.008067277636619380e-01
1.189827669550480721e-01
4.313715981228982144e-01
7.043578198642268529e-01
7.266730656688900848e-04
3.189704085640807096e-01
9.044450334916696865e-02
2.231006590198693906e-01
8.595304978699572348e-04
4.762163390908403225e-04
2.766375634755405821e-01
6.661254407124251112e-03
6.054972808698947384e-01
5.224401581364999103e-01
2.380281565824098888e-01
1.374481574309694420e-01
4.120898542297935646e-02
2.237221589212636918e-04
7.808735942333910884e-02
3.545553959925140143e-03
1.154484716744040964e-03
3.154748999370258350e-02
8.580997276936431616e-04
2.310380446358722278e-02
7.185114928646943455e-02
9.335268983264323472e-02
5.672791615451320928e-03
4.649459045165014737e-01
1.365993909019214483e-02
4.477650237977215397e-01
2.616877857634890558e-01
7.219724758657410091e-02
1.138310867667611942e-01
1.062604740460204415e-02
6.973375591941417920e-06
4.480018045383375447e-01
2.072433562978312771e-01
2.163346801513414686e-01
4.267096814017046214e-01
5.801147779398271309e-01
5.999745700815769522e-01
2.658898877824509843e-01
2.217552399254313356e-01
5.977339341446038373e-02
6.336423205812622417e-01
1.627732663606137054e-01
2.689544587159867564e-02
4.079651157094284497e-01
6.564082952613080595e-04
9.296693791637784532e-01
2.547298208705951750e-02
1.767965182008169852e-03
1.447254466100522663e-01
5.255284397088061388e-01
7.341261816213842661e-02
2.296887758441155426e-03
5.652926266827933838e-03
1.915257696799736731e-01
1.633785243834245601e-02
5.572590603164245154e-05
1.141835941152391370e-01
5.183543942193477583e-02
3.720480951282389981e-01
8.053549747269899729e-04
1.759162026066278528e-01
1.259148000665960276e-01
3.723619801619001968e-01
3.409228837537033475e-03
7.364252485956323743e-03
