1.259726410653873074e+01
2.950315132218647562e+01
1.128667620354949008e+01
2.024516810775004672e+01
5.852313617270880286e+00
2.915840927166433971e+01
3.637192860945435768e+01
-5.790409024874733745e+00
2.277714885573200831e+01
8.493284099575689083e+00
7.079020412369175119e+00
4.327944068353943408e+00
8.961124946432491356e+00
4.607149703559855425e+00
1.715901919383648533e+01
-1.169766567803677049e+00
1.488360760139558181e+01
1.255803246249563188e+01
3.124937602859731101e+00
5.002233127006277869e+00
1.865676661650408619e+01
4.809348705692897852e+00
5.941151530832001981e+00
1.642241144670909136e+01
1.135213919304639774e+01
-5.331960294342493967e+00
4.504552327980775317e+00
9.368384823510510273e+00
1.139629724943598887e+01
7.810343923178464820e+00
1.230248661339882688e+01
2.279428276043753954e+01
1.139108902488942476e+01
1.359434818643592280e+00
-6.223406413009485050e+00
-8.578157719629572853e+00
1.374066109482451736e+01
-2.497148079440165702e-01
-3.264955779439389971e+00
7.183322677043321391e+00
2.380923913958642402e+01
1.317477707633247519e+01
-5.891093592091863229e+00
2.209612277624336230e+01
-3.515227637289569884e+00
2.662622173617339172e+01
8.885804698183505934e-01
1.800990614546739721e+01
1.699753018452352649e+01
1.788968239966486351e+01
2.720147520055417800e+01
7.371777959043683381e+00
9.044515615034057987e+00
1.097478966500811737e+01
1.157713205557352865e+01
1.041509185019326367e+01
9.625064430093758006e+00
1.176758363634336035e+01
1.537613686284733205e+01
6.261278999359376485e+00
-6.014729032380003559e+00
1.277900591160015864e+01
1.139134086154771808e+01
1.959792725361303667e+01
1.995040803512588923e+01
1.175033933950686560e+01
1.128449838235147240e+01
4.867716780782004093e+00
2.409063710891247467e+01
8.090325930948651489e+00
9.155322794107036088e+00
1.311961841018225527e+01
8.267300000721704123e+00
3.523492287257139566e+01
1.567059289930051591e+01
1.035942245081102442e+01
8.422634067734023233e+00
1.090529473857267817e+01
9.213243363283183385e+00
8.641505080175392095e+00
1.821117235962155689e+01
7.723863545005571041e+00
1.140115473215988118e+01
1.380656786450813911e+01
9.297825172155668838e+00
5.493641392452005334e+00
1.481424090954962480e+01
7.306827217719259693e+00
5.235724133152601212e+00
1.799655119175402262e+01
-6.423425245794192051e-01
3.876050444665764871e+00
-1.581800354875454673e+00
9.123820090758783863e+00
2.375942747514453401e+01
1.740149426238241404e+01
8.192538549431731099e+00
1.462768211562581655e+01
1.492134695166946301e+01
1.810504895396497460e+01
1.298286789633669969e+01
1.698091760150219898e+01
1.022097177088326703e+01
8.277894768395171354e+00
1.290732720338662887e+01
-8.297513740527762138e+00
-1.314410857115466058e+01
5.665745123054463761e+00
7.296535664613713834e+00
4.425350841554532622e+00
1.319821324497340242e+01
1.752035164180243498e+01
5.305283534571273663e+00
1.659480978610422142e+01
1.694360067858244179e+01
1.072490776174529969e+01
8.465014358488616608e+00
1.418623358098585641e+01
1.825890687600158913e+01
6.433228552492394670e+00
2.462660343295301857e+01
1.126043699058281788e+01
1.584338472472744286e+01
5.591014990016077491e+00
-2.914959601263504396e+00
4.673498457754476476e+00
1.907811473219433651e+01
1.552813102788216781e+01
-6.420802605792204076e+00
1.582120872109670984e+01
1.416123302766561665e+01
1.745226935206130747e+01
1.445705733984439689e+00
3.095937625709609620e+00
3.409723543684165747e+00
-5.772727786597357635e+00
1.554142524037931139e+01
-3.921334773876594681e-01
1.908656628896299878e+01
8.731431541280983311e+00
-1.372802639731830254e+00
1.889209136968885616e+01
5.990567321407056056e+00
5.489651251402875687e+00
3.003783771489843701e+01
1.226413689171508281e+00
2.183886324964460357e+01
3.042424441320842732e+01
8.699403853853652890e+00
1.250114859722690142e+01
7.063726612148215622e+00
9.907666084075387403e+00
2.119471303461261869e+01
-4.200049449936358315e-01
1.281529007508814288e+01
1.647546257463534403e+01
9.006548199577622427e+00
1.661475647913711384e+01
2.206114748559325278e+01
1.542734030870760620e+01
1.431814708766336253e+01
1.348490921597573333e+01
2.233506917051381890e+01
6.272797871924552737e+00
5.945191051882517286e+00
1.015164721390009106e+01
2.812353883399565291e+01
7.226315385121324653e+00
-8.966198805758693879e-01
2.265473066795389911e+01
2.848280834139983853e+01
1.373344780088993389e+01
5.257906631744432957e+00
6.205077494222450696e+00
1.234376987494177058e+01
1.155381482990215147e+01
1.123118268395569430e+01
1.479398207756072736e+01
4.749281442798633179e+00
2.603907206086432780e+00
5.087634925622381843e+00
1.737678799873719981e+00
9.280713179979244387e+00
1.236568898988011256e+01
-3.927088206769298040e-01
1.965780050752422881e+01
1.809214739733729971e+01
2.610015059722353925e+01
-9.756034337367765374e+00
3.070247341429848120e-01
-6.114360238049087570e+00
1.113874650939582978e+01
7.231854694453076604e+00
3.857153103330105637e+00
-7.636145421906505248e+00
-1.930465834896153865e+00
5.689220648341418496e+00
1.101322620864451096e+01
1.016285174956777837e+01
1.717862581132176558e+01
7.787508931408879675e+00
-3.538753708166098022e+00
1.044233794941459337e+01
2.320360783443233288e+01
2.135535375907780065e+01
2.316176288147218543e+01
1.607722010219829656e+01
6.658454779386033806e-01
1.431651242667177826e+01
1.887675257810488461e+01
1.354799334990018167e+01
5.631345528388777666e+00
3.119539635680496303e+01
1.192926941143939246e+01
1.463030360678787645e+01
4.592661167402297906e+00
7.529129984637421558e-01
1.073901546737458546e+01
4.588175408901193464e+00
1.519837638513295985e+01
4.358054035347649346e+00
1.693200162372707496e+01
1.015858246637205298e+01
-2.604251047531306540e+00
-6.490403455237370167e+00
6.741319815424219541e+00
2.231725426456860362e+01
1.879289848095126558e+01
1.561311613885565919e+01
3.100605545457796097e+00
4.436194397263491851e+00
1.444699440085723552e+01
9.264208290642940824e+00
1.161452470257536618e+01
1.962155613677646215e+01
1.601929619507914992e+01
3.428138404883185331e-01
1.269089105537885587e+01
1.020177757846110467e+01
3.936968373172291535e+00
2.217218082468998830e+01
3.436834743065688258e+00
3.108602212821078581e+01
1.429336361237916719e+01
6.797211618381027165e+00
-1.031242631217779149e+00
7.751001710183416549e+00
1.981059918770854722e+01
-2.684498218898454525e-01
6.517325356451692642e+00
1.527065225864504328e+00
3.738383151102468105e+00
4.109687208690161242e+00
1.484157737157622137e+01
4.971240790660871767e+00
-6.952669492839589793e+00
1.601330202256391289e+01
1.794178569854709338e+01
7.255293498419106868e+00
3.196230467878166337e+00
2.887703024318870604e+01
7.528503737509723237e+00
2.211396622644581100e+01
1.556999497789476550e+01
2.536423131076644211e+01
8.858507649906414372e+00
1.983593482410729081e+01
1.344601578376932594e+01
1.304634132987899875e+00
1.749987190003486148e+01
3.134462672398612426e+00
1.476985184007716612e+01
-2.052302997818031827e-01
2.033704381254149496e+01
1.528807649701114713e+01
1.441834845522163278e+01
3.479244573426541365e+00
1.545009357096566305e+01
-1.150962212927444739e+01
2.275053858304259080e+01
-2.373765943956836111e+01
2.425386958044360597e+01
-2.064699552483266132e+01
1.194797863217870315e+01
1.465867627402074902e+01
1.255277156231676372e+01
6.979513588318880579e+00
2.676898308063114484e+01
-3.211079610452202360e+00
1.011716909632789907e+01
9.758295963652685145e+00
8.777731953748798333e+00
2.302959154333109382e+00
9.946323902313793042e+00
-2.607699499544153809e+00
1.141102290521246232e+01
1.068122831291719876e+01
1.855271624494811533e+01
3.449084432246536380e+00
1.246328869074761769e+01
1.258872144943239846e+00
-1.286902459164126356e+01
1.188292798234812153e+00
4.794506198990475809e+00
-6.229119102328539270e+00
1.785732674246810348e+01
1.273764561220635017e+01
-1.092229974798044623e-01
4.638609389629394286e+00
8.777964706253925442e+00
1.132922987909675783e+01
8.211924001184343069e+00
6.643963698912429550e+00
7.795557636581719407e+00
9.947986573282690870e+00
8.399448271238043162e+00
2.841665316970832578e+00
1.069906170821381863e+01
2.005650046686163535e+01
7.354365168295458943e+00
1.962027542335719943e+01
2.316252259272590663e+01
3.193547163127945510e+00
4.900501269159406093e+00
1.439160260933040547e+01
8.971177067664143578e+00
3.482524377616316258e+01
5.616862315328290833e+00
9.640922305240493984e+00
1.315602025977436540e+01
1.046978089671998191e+01
2.199439216181426104e+01
1.028325976683626664e+01
1.740630870505775363e+01
9.480768792808518697e+00
2.125572703567042510e+01
5.082289471063134556e+00
1.616805675808117826e+01
1.149172317003814214e+01
6.625688829111766154e+00
6.720836368518149584e+00
1.702872414358631659e+01
1.877268968932710891e+01
6.601366388548399300e+00
1.528434748638963470e+01
1.725286936584275566e+01
1.275779925945107607e+01
6.141865638353976919e+00
1.842880265223359970e+01
1.176657302189312304e+01
1.594437535192028577e+01
2.250146552242630804e+01
1.345813816976760791e+01
2.009977675629292548e+01
-6.177439066570599380e+00
2.664902988530361938e+01
1.429725829268052451e+01
1.195828573323741750e+01
1.383536908564157386e+01
4.814770891153926868e+00
8.875223381810386059e+00
1.310333217746573098e+01
2.147874472758394404e+01
1.003148436834381130e+01
-4.546186079582525963e-02
1.365083674147832937e+01
-7.688968176017567657e+00
1.481643532605114899e+01
3.999717905086242808e+00
1.738471459152989951e+00
2.526411901676676308e+01
2.142679407003441838e+01
2.520052833265314973e+01
1.961466008756246282e+01
1.095779570925975577e+01
1.506816633845457432e+01
3.309108000555974627e+01
4.214144715582648359e+00
1.824528112676001967e+01
2.969648957439179071e+01
7.949872964879759252e+00
1.901125528781776097e+00
-1.886435953179841363e+00
3.192852798755122734e+01
2.187148456339262736e+01
1.403212252747965749e+01
7.666852923392838193e+00
2.194420727536966353e+01
1.506045592066391237e+01
1.130538008547740958e+01
4.110579534631341403e+00
1.704205856464777469e+01
1.551138472543894409e+01
4.424179853841394561e-01
-7.903386136619445779e-01
1.481442600645910090e+01
1.855087931237711985e+01
1.971630807675680330e+01
1.175501837797598625e+01
9.235181104705262101e+00
1.987392434575596667e+01
1.767461753025922633e+01
2.535078391870504788e+01
8.968855909682332594e+00
1.633606946502304424e+01
1.990247030738473200e+00
1.935006554427435077e+01
6.715308201748982242e+00
-8.577205044541912571e+00
2.355704237764082620e+01
2.200492002216930132e+01
-4.992119391216817803e+00
1.562552924707397040e+01
9.456000060915002337e+00
3.371180969526375293e+01
8.303245578228356294e+00
2.322160937786212997e+01
1.389539274850665151e+01
1.764875016164263855e+01
1.874913515371977724e+01
-1.312117238170088740e+00
9.032413098487083403e+00
-2.462425763260455369e+00
1.924149178887061851e+01
-8.669782734563042936e+00
2.501814764653980916e+01
2.114934905600192394e+01
-2.017452431385862610e+00
8.060951735133158991e+00
2.393477251762755031e+01
1.092264088693869439e+01
9.772986855752577640e+00
1.963306624831885472e+01
4.403135052039786501e+00
4.496104753892723238e+00
8.715854802137869228e+00
1.407848876005266447e+01
3.655829035920120873e+00
1.680029565901574529e+01
2.744256574599219789e+00
2.105934694309219424e+01
8.957665727862007543e+00
1.193066016961330433e+01
8.007773888649154514e+00
1.325647369188475011e+01
-3.329533776385929400e+00
4.025706565289354444e+00
8.243962230559930049e+00
2.668754272735080235e+01
5.258973368254160619e+00
7.434453158381160165e+00
1.916113777494678061e+01
1.456837417034628857e+01
7.548962903956692116e+00
3.892665533223265584e+00
-5.034608965685279713e+00
1.270875742855047008e+01
-7.913288365415382941e-01
8.881621271828919362e+00
-1.139569661965603586e+01
2.607263249021812612e+00
1.072475355452675672e+01
3.099827678005212306e+00
2.342348132901256719e+01
-2.383016467437926167e-02
1.516213164729326479e+01
-1.301404708561761936e-01
7.403505581010605852e+00
1.257776356788603778e+01
1.015397964352831650e+01
2.573936632798197621e+01
-1.260778976470419366e+00
6.367983605886209375e+00
1.465666471152940886e+01
6.968135476527436367e+00
5.117512421214001961e+00
3.145963169031989537e+01
2.779860479297772713e+01
1.362418789483118076e+01
4.618963124327137848e-01
8.025934495579619465e+00
2.635024694508845755e+01
1.582981377596930628e+01
1.324737162887836917e+01
3.085007340517260843e+01
9.212634900326605703e+00
1.358790947967307261e+01
1.813373504937402458e+01
2.690179394571154603e+01
-4.715962500015109526e-01
1.862652488335039891e+01
3.616668666263024079e+00
9.258341277323921759e+00
2.530617264415859324e+01
3.980407443892232777e+00
8.331346171587796334e+00
1.806057110586024805e+00
1.074401033524394222e+01
9.513400880906004886e+00
9.543653492059490873e+00
1.247718628463786672e+01
1.404991976174953550e+01
1.858228342360085605e+01
3.755301663376542365e+00
1.122183616915691573e+00
1.106183804744672727e+01
-5.915470854682581603e+00
1.484082213504656522e+01
-8.706661490483625698e+00
2.601861658878883077e+01
2.975680949888612759e+00
1.121235964819338449e+01
1.776909245353130729e+01
-7.807314651343816081e+00
1.420178792673077339e+01
1.047982710935519890e+01
-3.267120834406270546e+00
2.126273628812467109e+01
1.988853353182017258e+01
-4.262907939755166353e+00
-4.973045859828829407e+00
1.336543098117103057e+01
2.251907243263937630e+01
4.659832699951365953e+00
3.989111022676041785e+00
8.633974991197050031e+00
6.970197471878663009e-01
5.877287484750283397e+00
6.742308078187591036e+00
3.641341361218309203e+00
1.378021958934847646e+01
1.476788932679983191e+01
-7.305210839469225448e+00
2.791987676651467609e+01
1.627616621404874309e+01
8.166169113517170786e+00
2.819708580401990616e+01
2.553202339773503127e+01
1.433317029223894679e+01
9.146180250413266322e+00
6.841342314447047102e+00
5.598677804086136689e+00
-2.613841125074117144e+00
1.281971262172295667e+01
1.327665583715510422e+01
3.860871510552470909e+00
1.778513581214141936e+01
1.279638704693367401e+01
-9.482270634373833218e+00
6.427241189164007551e+00
9.604456553252092021e+00
1.751791649919900351e+01
2.188195805301206320e+01
2.007000921412499395e+01
-1.867270494581703133e+00
7.216011383007867153e+00
1.198841210289893411e+01
1.283537085806757716e+01
4.187726364888987973e+00
1.624881828740839751e+01
-1.336243566882403400e+01
-1.128223683327892957e+01
7.260598466852684396e+00
1.029059731332684180e+01
9.923824015197567405e+00
-2.265009814454984394e+00
1.363974249005127604e+01
6.031901526357515309e+00
9.024106859576860984e+00
1.429172626923617884e+01
-4.193803071875152000e+00
8.804483454593452052e+00
4.096008191323150527e+00
1.574100889757058042e+01
2.347408777801180690e+01
3.140603940221410539e+00
8.817886647049206772e+00
2.917162649654486017e+00
1.230717195150418775e+00
1.888705550844308334e+01
1.805934454693741031e+01
1.537574576869141652e+01
-1.323115366412594085e+00
-1.080351368918627486e+00
5.558033020092381093e+00
1.337179743479990179e+01
1.308160660871303094e+01
7.579230991416821439e+00
5.445979996793582245e+00
1.906632331951296777e+01
1.895892424597528247e+01
1.637713431443742707e+00
1.334026609758859649e+01
1.157793697347669593e+01
1.632931425352145993e+01
9.527139932606999650e+00
8.677582481255114999e+00
-9.790764081816405451e-02
7.544959111785516370e+00
1.947076624617656648e+01
1.014510434752659762e+01
1.790025382006686527e+01
4.411439804310305135e+00
6.322158243941942146e-01
1.968924842746413617e+01
2.343456049654942319e+01
7.175393193047739260e+00
2.436041624773203296e+01
1.003760096020741344e+00
3.323619698713228843e+01
4.235301583003291626e+00
6.693628341887659872e+00
1.289602811662938109e+01
6.193486620630281436e+00
3.379524334712016298e+00
1.290183559094060683e+01
2.036658699360005187e+01
9.086278326571772368e+00
2.690137974186666270e+01
2.057045010390567086e+00
1.491476286938510043e+01
1.525824830854762126e+01
1.756972171965306018e+01
1.815569857385349906e+01
1.625880130442953941e+01
-2.745002719620188714e+00
7.034246657513236300e+00
1.572558995679268889e+01
1.122314140983867503e+01
1.152517160949946629e+01
1.382073100584625536e+01
1.143782013692553789e+01
8.561919041219681503e+00
9.051863938617458416e+00
1.478832872785427810e+01
1.441511646646775091e+01
1.291474581085101647e+01
-9.479696968205786334e+00
3.590456465758819604e+00
-2.208504037504283701e+00
1.225345084200911572e+01
2.920826785120529223e+01
1.290791238168424115e+01
5.596540359386111163e+00
7.147078659793095312e+00
1.635906053325604148e+01
-4.105120650441890007e+00
-2.687100708279984929e+00
-7.165286996410472398e+00
1.612211230721683819e+01
3.827261330292515140e-01
-7.509170989725674872e+00
9.629478795149225334e+00
6.248816551324821944e+00
8.448037800869215630e+00
1.694692198501503810e+01
1.045033883042579248e+01
1.599067929940655119e+01
1.662898881226252001e+01
-1.145162105905951933e+01
1.449097743218430878e+01
1.698134127118490255e+01
8.834553724924930407e+00
5.565010486437188320e+00
8.815783474872802117e+00
1.209366013706355147e+01
-1.473945289327701857e+00
1.700108304652471247e+01
9.628652789123393063e+00
1.485609834011688690e+01
1.459945930925468360e+01
9.200284781436977255e+00
1.228498041287180342e+01
6.188005375731023605e+00
-5.121151722260719907e+00
9.868606290602841113e+00
8.916726618249455782e+00
7.355470982082337628e+00
1.210098536722250628e+01
8.858758367299387260e+00
1.929683418637519310e+01
2.296671515633866534e+01
1.494491106687166848e+01
1.760937569699451188e+01
1.602780908589571141e+01
3.864307684839246804e+00
1.153315665100771525e+01
5.164400722475193106e+00
2.511144428379296301e+00
1.450251973461101329e+01
2.990915788507153650e+01
1.461444932508211991e+01
1.996224304019611395e+01
2.058083370173068971e+01
2.363021912606120623e+01
-7.657607113001489552e+00
9.474762330044370628e-01
1.289498834952107131e+01
2.448563922998413034e+01
1.638510389746979001e+01
1.308014344569329523e+01
8.151989657299139935e+00
1.270770997115992884e+01
-3.953230392059708720e+00
1.976771608527232615e+01
9.389115012364086965e+00
8.480244314025952690e+00
1.133687268256910841e+01
3.437131850821339185e+01
1.558641427047125205e+01
5.766120823008463958e+00
2.401717159585540173e+01
1.181313740872518281e+01
1.768067874414765583e+01
9.471238851880130483e+00
9.667414999929988539e+00
1.145914454282043948e+01
1.334273548270802223e+01
2.179776624296607679e+01
7.707997074581754759e+00
3.966572979862377224e+00
1.504654555679549333e+01
4.690331404713532493e-01
1.989698744520383400e+01
-7.639095496200667412e-01
-5.265409314338029390e+00
5.521485364521240058e+00
-1.077158958279245837e+01
1.791765486113371253e+01
5.768716504023757352e+00
1.784772341560098852e+01
2.617974022228402475e+01
2.117134924669025509e+01
1.252306706909851641e+01
1.444294768790520322e+01
4.925069292579607350e+00
1.521032603405842565e+01
8.910999508493475219e+00
1.156462864680769087e+01
1.567560611144979532e+01
2.186909048182053539e+01
1.314701270647201170e+01
4.334356366790743209e+00
4.157114530242992601e+00
2.011761826154256028e+00
2.519949083435763271e+01
1.608253040455241489e+01
7.614634705935287684e+00
1.798749572341904468e+00
-8.491716362855200373e+00
7.845508733099663345e+00
6.917186896293827658e+00
1.749517179908594500e+01
-5.510682223842735539e-01
8.130601682764130089e+00
8.925638998495259102e+00
2.058953002701031210e+00
2.091045394189313100e+01
2.081443505763706980e+01
2.411047372325853644e+00
2.227715137234326903e+00
-1.730699954852403266e+01
-1.235066723956245482e+01
1.008619999464276873e+01
-1.161787115056711173e+01
2.304604292838108393e+01
1.719347188720202269e+01
1.258439049214979377e+01
1.316475226162519618e+01
8.751674562788338108e+00
9.052184269381555737e+00
5.902345040804902965e+00
2.237018400041282007e+01
-6.967035053883890328e+00
5.415996448106540129e+00
1.796844102816054090e+01
1.981171653057290882e+01
2.329326222469902063e+00
-7.005548111538971057e+00
1.310572883591495952e+01
2.027882121479309063e+01
9.988338065463409521e+00
3.048032665686642417e+01
6.628274676231271201e+00
5.280158305255895357e+00
-5.025071018273351342e+00
6.968416717762806911e+00
7.800092561974608429e+00
-5.000734023543685680e+00
1.566505824132234181e+01
7.130213104668428059e+00
1.196387597596590524e+01
1.711580991048245437e+01
6.032351805665371103e+00
1.940608063780147319e+01
6.299179027969927347e+00
1.563271229197870582e+01
1.359562749144797067e+01
6.826162697451366057e+00
1.436925286288578718e+01
6.186382031659007907e-01
1.073753052574332401e+01
1.002068152628477549e+01
7.561654821365806356e-01
1.508114387042550675e+01
1.652480993991127889e+01
2.333959310350905980e-01
1.512324091654772928e+01
2.148863869872471355e+00
7.914880210382591486e+00
1.500072278463079556e+01
1.078095951346539039e+01
1.119645161757894414e+01
8.233961170124288742e+00
1.942661234863346920e+01
6.255050334403208012e+00
2.388570914402538392e+01
6.743285661181786850e+00
4.034909219293311367e+00
2.009752005854781487e+01
1.729087981040846955e+01
-1.428519399524176947e+00
-3.432974781752221816e+00
2.809262526628089063e+00
7.367158384080084943e+00
1.954476972533362300e+01
9.007892453823771461e+00
2.041867093585723580e+01
1.542796471627906385e+01
1.747633772058271973e+01
2.080963286103911969e+01
-2.034754134000721137e+00
1.422888191525068180e+01
4.678351339449449142e-01
2.692901927847498911e+01
-5.067025071084174215e+00
1.736405138297519102e+01
5.499843814382828100e+00
1.831367623498474728e+01
5.068995718223703761e+00
9.796592211397395999e+00
-8.030765543527266459e+00
1.150161729978648850e+00
2.559476099213092937e+01
-6.872195802820215249e+00
-2.720590022667920493e+00
5.510712307324425296e+00
1.394199899213631966e+00
1.397037958689858783e+01
4.463439660111703233e+00
-2.426460482924727557e+01
3.809227913990392267e+01
1.870819017019229591e+00
5.782749647631447942e+00
2.103624909263037068e+01
1.577679232020462052e+01
2.365366215489628132e+01
1.114423991617438503e+01
-8.085427548868182157e+00
1.101849974452058234e+01
9.956348836028027449e+00
2.148714496930331563e+01
4.685494882378975490e-01
1.476901033019126430e+01
2.468754285164457940e+01
-3.665062806539353346e+00
-4.446697736711385573e+00
3.568745714517518763e+00
1.498884081678028224e+00
-1.295595832517307144e+00
2.109657412603591098e+01
1.180458635903005415e+01
2.016640108629491124e+01
9.132304508559599299e+00
1.953812030118207588e+01
1.732403824463179376e+01
9.219606718485337638e+00
3.642703759767485394e+00
1.528900691219054409e+01
7.923488874208544530e+00
2.348250206739719204e+01
-4.956470920288595039e+00
1.853675441359690979e+01
1.487657929633908793e+01
1.861951935505905453e+01
1.080762432156525676e+01
1.186755569098937713e+01
1.776964534330891610e+01
8.861428405571629696e+00
1.217298480362043733e+01
-1.927494415109791248e+00
4.477785524313489418e+00
1.428707309401424652e+01
2.314372984843353009e+01
5.771076290318319479e+00
2.702278156119356822e+01
2.046719455306974567e+01
1.071783816762989261e+01
-1.607100761657505927e+00
2.412486994788821448e+00
-2.996726634712132409e+00
2.054432663205258791e+01
7.180799665425297462e+00
7.794583609104989819e+00
3.207186594535761515e+01
4.564654677644227831e+00
-4.135963823973511921e+00
5.550681714967197422e+00
1.747016381007797747e+01
1.383248143350134285e+01
9.967781683052137964e+00
9.885504061090927053e+00
1.402257736798256360e+01
5.535297694055856255e+00
2.165234659856163546e+01
1.047518951268476428e+01
2.131300028223151344e+00
4.434479516727662940e+00
2.520854256495330503e+01
1.325177245890891697e+01
3.073852169113384747e+01
8.163482516640300446e+00
1.943241967942032034e+01
1.015622998615654637e+01
1.839613297014427928e+01
1.258160863218947156e+01
1.912383738982826742e+01
9.015513947111813309e+00
2.160725345390683572e+01
2.263457984579716253e+01
1.629511726465680965e+01
1.011283990713590697e+01
7.483244374064099702e+00
1.596735094452937176e+01
8.814148993932903409e+00
1.630708386083045980e+01
2.208969959248675252e+01
1.405234920160616241e+01
1.317207009854527655e+01
2.538211611743339802e+01
1.489503190909428554e+01
1.105843975289701575e+01
1.464343492497411603e+01
5.561845313705205740e+00
