1.991045250821903778e+01
1.858263297960430549e+01
1.567093651198550219e+01
1.614288435612874650e+01
3.419460935319364125e+00
4.706714129890187337e+00
1.878804381426020598e+01
-2.381268375486911282e+00
-4.453231327694751940e+00
1.262470455917654988e+01
1.611258262212973591e+01
-3.286941144552315563e+00
-1.620847400808152372e+01
-1.245526276261136900e+01
3.003237036886785916e+01
1.450272111935419161e+01
1.007243383240951573e+01
-7.946519170208603100e+00
8.820537328779124664e+00
-1.280658999149066801e+01
-6.364302549996267544e+00
3.888728498741684803e+00
7.230282363517233080e-01
-6.023249535690126777e+00
4.374628081709460048e+00
-7.489574743617765762e+00
-2.915435745925478273e+00
-7.895271845741149264e+00
8.751983976222078354e+00
1.603283929466677193e+01
1.279743666194153207e+01
-3.729220310828978313e+00
2.433223392547994024e+01
1.814887465854729243e+01
1.297129764904987326e+01
-3.453414532690501915e+00
1.039817748114116114e+01
-6.979352588967492466e+01
1.934440202523494889e+01
3.359475286022444607e+00
1.750133650814291286e+01
1.708856881406077832e+00
-2.483356611315727491e+00
5.937557947582348561e+00
-1.052198250357453446e+01
1.633070586233598931e+01
6.409910437622940549e+00
-1.420363925100274116e+01
-1.217656143945092140e+00
-2.721822519706734056e+00
1.290458829274427899e-01
-4.683711102194578757e+00
5.418097681845495117e-01
5.863438670591364144e+00
7.689621450936925839e+00
-2.818245631959811703e+00
5.701987713896983223e-02
-2.267322226927603879e-01
3.966508108167090541e+00
3.343360260224079639e+01
-2.174148940386008633e+01
9.043758080522280807e+00
4.575342085648102852e+00
1.274221841087214102e+01
9.784553768895904113e+00
2.139412787954054807e+01
1.026809284876307515e+01
-1.359240014969782351e+01
5.798701386360747279e+00
7.679103812799709772e+00
-4.179844006970157011e+00
-3.911036839266728293e+00
-4.806718188149332605e+00
2.061095970076643624e+01
-9.463648010071509020e+00
1.844134516043227023e+01
9.999883439006026720e+00
1.204917391611293453e+01
-9.506546157319476720e+00
-3.512570292570529773e+00
-4.203674436801634329e-01
8.679134453018349404e+00
-1.623357599862826817e+01
-1.791221580262273960e+00
4.288517174453659209e+00
6.014049104203039064e+00
6.940237823513399462e+00
-3.241599087486591202e+00
-2.850818354698901658e+00
1.494909183629474114e+00
2.396261389056775215e+00
-3.282819472252754167e+00
2.722504294747380982e-01
-5.450173326892041814e+00
-8.628360664297289873e+00
-4.120333275073264190e+00
1.453502426884342924e+01
4.756680014599126594e+00
2.677730179328236204e+01
-6.225391401506229272e+00
-1.282349720469227350e+00
2.445817510873237666e+01
1.501020469917317257e+01
3.038805259006238657e-01
7.915555605272032835e+00
9.980298463070568005e+00
5.822351848963052134e-01
1.590705975078265055e+01
9.357633398589300100e+00
-1.239207692613703671e+01
-1.383497330004317405e+00
-1.512854806969157551e+01
-9.028284936949475536e+00
-3.368830696315214368e+00
-3.994842460917769245e+01
-1.959861402112962026e+01
-1.942233376348781348e+01
-3.689096951199965702e+01
1.506898083836163948e+01
1.938595606253013415e+01
3.480317616631054989e+00
4.780669270166981732e-01
1.119265032548292993e+01
2.307006939323753869e+01
-5.892495512364689603e+00
9.186274649275858906e+00
2.252156467458603117e+01
2.574768109022143392e+01
1.867550164238384980e+01
3.743143440347594719e+00
-4.549121943697443271e+00
1.463211056451527270e+00
-3.342892256632183035e+00
1.724729435865877747e+01
8.971300076221538689e+00
-1.124374124398612196e+01
1.952054604661981330e+00
-2.048514814286495778e+01
5.532836364964708764e+00
9.931017605305569873e+00
1.805925268104256531e+01
7.775842505514347636e+00
-8.818402052511657985e-01
-1.214395300654865650e+01
-5.530891516627789883e+00
4.533928946085580947e+00
-1.076872496396083534e+01
-5.842635605195567905e+00
-1.482756681580622171e+01
1.566890300049786333e+01
-4.185599868380198529e+01
2.166802984078387340e+00
-3.654128750152736416e+01
7.491006132983315524e+00
-9.718894663841254555e+00
1.358836922094911870e+01
-2.239786858487379106e+01
-2.365032643831399639e+01
1.581099732061829855e+00
1.736163179676185564e+01
-6.998039548081379735e+00
-4.704739125411308009e+00
-1.740478543153969326e+00
-6.807172088559752865e+00
1.522042094520335809e+01
1.732116537753208974e+01
-4.229325656245649157e+00
-2.207441864962461864e+00
-1.082287627911426853e+00
1.306025037474452688e+01
2.745243214840783708e+00
1.318120225922899635e+01
4.713817838416389350e+00
1.155185985117945791e+01
-1.166155999099119356e+01
2.550004167123655208e+01
4.848029226881038767e+00
-3.719015233391206721e+01
8.312815485724172504e+00
-9.974687421104945884e+00
1.704727195582776744e+01
1.125328424287221196e+01
1.030690940261874289e+01
-1.475596586163680968e+01
1.831848144928343913e+00
5.490421638126946391e+00
-5.894479500832147778e+00
-2.277143683480545633e+00
8.790470459787897539e+00
-1.220697915894731977e+00
7.504682412885102849e+00
3.416685675632498942e+01
5.918570754824742153e+00
2.676998244595651499e+00
2.561421253050511382e+00
1.612730679016631541e+01
2.649437959448550828e+01
-2.199557555424847521e+01
6.283742941106780222e+00
-2.216385661341334412e+00
1.145280023218464294e+01
-1.979609218206778110e+01
-2.342081607562191437e+01
1.112779923465444654e+01
-1.226115495766278229e+01
2.276116935339429403e+01
1.761838272518711079e+01
7.323027291589909282e+00
4.323481104287225207e+00
-3.178068124841772146e+00
-2.757934132482530742e+01
-7.652754830498622596e-01
-1.505892611667975700e+01
-1.997702436518741820e+01
-8.343144503811615209e+00
-2.428949276896165088e+01
-4.556569211851865475e+00
1.887020421150225502e+00
3.737268163634382745e+00
-1.116268576417245129e+01
1.381968003443546422e+01
-1.003003304826012254e+01
1.675817580364430626e+01
9.372069827151662480e+00
-2.600975312037334675e+00
-2.398300124094987495e-02
-1.015747157331324502e+01
-4.218808348605125502e+01
7.755710540195096314e+00
1.626333629703722750e+00
1.194138014352817834e+01
2.406783920882157446e+01
1.514959622338029988e+01
1.568773663352040160e+01
1.383101011300333028e+01
1.137680604844473464e+01
-1.684539603968929100e+00
2.382520568794205928e+01
4.079561172493910703e+00
-6.320057185559846857e+00
1.522266647669398765e+01
-2.243854888717329743e+01
1.381619314268955634e+01
-1.034813390439521186e+01
-1.605337859945139201e+01
8.086098312944585587e+00
1.157269386220283991e+01
-3.328373526369645674e+00
-1.548932639376231180e+01
-1.148888210760776474e+01
6.290413398425485525e+00
-8.179683642910404728e+00
-3.202127729980445281e+01
4.180906963418834721e+00
-4.324850560647647058e+00
9.319392489493736775e+00
-2.154761074141084976e+01
5.552708627433446509e+00
2.960410192952494413e+00
1.383556099829513641e+01
-1.523178332771973942e+01
-1.181206806021606326e+01
