1.704818135451355943e+01
1.540310915329889951e+01
9.034584172596169083e+00
1.272190392531499015e+01
1.496338371954487911e+01
1.573460040869294119e+01
2.200946926220834143e+01
2.238755972893486046e+01
7.783364470960769665e+00
3.115436335089632536e+01
2.163048528881010668e+01
2.388696867045079841e+01
2.089993360489003749e+00
1.735556013530211317e+01
2.503886498744508060e+01
1.547070489555434847e+01
-8.695267550563869463e+00
2.730267139788580266e+01
1.602606640030712981e+01
6.695994366634693051e+00
1.669304015324826196e+01
1.527136057806737313e+01
1.430388389431688267e+01
2.611277438187776312e+01
8.483566713525490854e+00
1.771171596253736169e+01
2.508271674151880859e+01
2.476400090803380039e+01
2.752378188082828103e+01
1.845576378524465611e+01
1.382079096567770193e+01
1.982841948524105646e+01
1.620852136507763674e+01
1.608798984103502505e+01
1.049424261524828239e+01
4.334812534983143451e+00
1.739504592148973927e+01
3.077044062296498339e+01
1.131034404916610470e+01
1.160103460968299771e+01
1.387575084724132068e+01
1.258965198235239313e+01
8.787863189421727839e+00
1.237647980258471136e+01
1.607095665978879140e+01
2.277884915701929458e+01
2.468071093988650944e+01
1.742556205620138599e+01
1.582759430865991845e+01
1.116988675168906298e+01
2.135246899763195927e+01
1.506816270450173079e+01
1.268396111675302507e+01
1.906668639871803350e+01
2.188265481616398489e+01
3.092540509523186643e+01
1.369909151941538994e+01
1.567996201113911070e+01
1.339413709241877370e+01
1.512267844081823398e+01
1.745558012269155768e+01
2.054683939925429570e+01
1.305307649956398564e+01
2.244758050335831712e+01
1.332575269444103583e+01
1.965234564474511814e+01
3.195446384437471465e+01
1.684086687536706961e+01
1.853572064596055213e+01
2.793577200230154745e+01
1.640657167166503427e+01
1.858230054146642374e+01
1.051607790954243171e+01
2.565102316242937519e+01
1.851695036660335347e+01
2.745988610757521542e+01
2.307506764477767547e+01
7.936768825330844379e+00
2.022457991193491011e+01
2.155708105075571979e+01
5.241596792890845791e-02
2.208635007167133324e+01
1.186521551911285144e+01
2.310354860767144203e+01
7.198386600409918401e+00
1.458066792337402262e+01
1.747276485593111772e+01
6.664428570070256796e+00
1.383605560376788901e+01
1.693485520023263291e+01
2.105251484491516578e+01
2.115208367061987360e+01
2.086811607215038578e+01
8.113330474542152615e+00
2.487196113711230794e+01
2.189984880849139870e+01
5.000707276991960271e+00
2.633346470959025254e+01
2.020828455025410619e+01
1.603863126785894622e+01
2.220886918099255780e+01
1.546668941439772027e+01
2.141207371864881992e+01
1.926527363917664104e+01
1.466865219307602786e+01
9.010605968590610360e+00
1.825036021444479672e+01
1.153479281677495294e+01
2.639978456562044329e+01
2.030813296286775937e+01
2.844030323699402629e+01
1.337446448702343105e+01
1.271826399560421805e+01
1.348833959147148676e+01
1.593675652001662968e+01
2.847231718682527912e+01
2.456678102818662524e+01
2.096427008191112407e+01
2.087311194105573975e+01
3.023512115486462903e+01
1.845657583505727217e+01
1.236172560838069501e+01
1.492998801460123559e+01
4.106893646537955078e+00
1.328561064434643413e+01
1.941483512770112441e+01
2.050437253998343579e+01
2.003044839803295929e+01
2.505246565670859127e+01
1.379597268509508012e+01
1.407963712522480648e+01
1.999740450598508801e+01
3.940186484101772635e+00
1.499432774712580141e+01
8.073287244394904860e+00
1.560735999661552853e+01
1.366919550372219305e+01
2.622206553630861947e+01
2.626081577839903503e+01
8.023140483455989624e+00
1.376416475558728791e+01
2.264621370833917524e+01
2.324488608987891780e+00
2.096642417183596763e+01
7.078504105432386950e+00
1.503005957401168047e+01
2.604688907509841300e+01
1.648617173388916513e+01
8.151099131766201822e+00
1.441095434550045695e+01
7.726254863383076099e+00
1.526958373692230708e+01
1.721200263852368550e+01
1.540264282228289971e+01
1.201852752663492652e+01
1.739098101962172649e+01
1.930950147635027747e+01
2.282158213587647566e+01
5.064149867561198448e+00
1.373020562992614657e+01
1.761839431929149669e+01
7.669365614598490311e+00
1.601320396229453991e+01
1.861165625364370158e+01
1.359532595632968821e+01
1.306661633176148030e+01
1.652007469851336197e+01
1.349957372776693632e+01
1.348599523713991744e+01
-1.694303901524776279e+00
1.864021142137168852e+01
2.643395473112130389e+01
2.405486428492135076e+01
1.405185770337319440e+01
6.140500427978594189e+00
8.751622681852765595e+00
1.188571994292709633e+01
1.927262549007454595e+01
1.696372379507224082e+01
3.708576245002603855e-01
1.448662459149439030e+01
7.347450243246683499e+00
1.430778703322654621e+01
1.335113949789884202e+01
1.580526470356107893e+01
1.956967861797193109e+01
1.003160726070088060e+01
1.659021685707091365e+01
1.382028729692555657e+01
1.272160308546250462e+01
2.479277288493723574e+01
5.122108732068383574e+00
1.461366708176326767e+01
1.193373566739322200e+01
1.731985548655740104e+01
1.308548932790600361e+01
1.989624293492117602e+01
2.531180055272446339e+01
2.023950444021060946e+01
3.203545122607287254e+01
1.471793463895728848e+01
1.012244077287500943e+01
1.237069823151239234e+01
5.034500845506869382e+00
7.109997374994435404e+00
2.159071111429717860e+01
9.449114235215020585e+00
1.969472210728079631e+01
1.605336371081040170e+01
1.368831689084355219e+01
2.227060194755878797e+01
2.964095887530579887e+01
7.045402867732789787e+00
1.906991652781712077e+01
1.374374719991497784e+01
5.984025736174842791e+00
2.897828017288635749e+01
2.030078569569650426e+01
6.102600924163795071e+00
3.387294971913992470e+01
7.669975568194118409e+00
1.500058720919460598e+01
1.029854476088668491e+01
3.938399153668882491e+00
1.168697829423217627e+01
1.559278115605023629e+01
1.719439309836852203e+01
1.548222073099759655e+01
1.620711259156770723e+01
8.606042702725048343e+00
1.095952238042764293e+01
2.582135155281284256e+01
1.603788480811255823e+01
2.312025892861876741e+01
2.626158651763074658e+01
1.237478093873644980e+01
-1.800309149482473003e+00
2.946775529509712044e+01
1.135599281395153071e+01
2.771845025708748977e+01
1.263481225917213635e+01
5.338541097881545738e+00
2.251926617231341510e+01
1.000693203787385244e+01
1.475820465676218873e+01
1.858291734769610315e+01
1.975833391238019487e+01
1.654914998143364357e+01
1.265212512253937405e+01
2.265735326876768596e+01
7.182301038328191112e+00
2.829681091517998226e+01
1.839746978029734947e+01
1.188628990826914844e+01
1.495909789928711575e+01
2.238996282813855743e+01
1.377746480581834021e+01
-1.003303278970562928e+00
7.384786393090948309e+00
1.687024160201086431e+01
4.064984951370291810e+00
1.615163370666927989e+01
1.226809559680556561e+01
2.243094866586731939e+01
2.051098057068924163e+01
3.101367895589834234e+01
1.728796746328429634e+01
1.252517526856803443e+01
1.169528610110043587e+01
2.270865728331692424e+01
8.885365654944010316e+00
1.710393855838060517e+01
2.492375428856846753e+01
1.210886751661610106e+01
1.690513425451568708e+01
4.862218330252858323e+00
1.821109565072323733e+01
1.809508545692868609e+01
1.515993821871106206e+00
1.468715847027664267e+01
1.505729658332208487e+01
1.947885819461573931e+01
1.946858900637300849e+01
-5.366591185664276509e+00
2.085635033979845332e+01
7.649803932702269549e+00
1.835007873090533792e+01
1.865250718925050677e+01
2.917328800939093014e+01
1.604171038849224828e+01
2.924404754882351654e+01
1.679144956717046000e+01
2.866119781763234897e+01
1.322330359505001240e+01
3.458449968863476442e+00
1.169885535777729046e+01
1.286831205656615396e+01
1.696174917837399221e+01
1.114319332823554021e+01
2.742512638441280615e+01
2.197712299346297016e+01
1.131126382031806088e+01
9.770319736786959197e+00
2.152501198854469067e+01
5.782757532511070053e+00
1.624337680543463591e+01
1.873555026639485988e+01
1.649393232971155498e+01
1.745042755848864147e+01
1.128981785660363357e+01
1.824853843117057295e+01
1.094877256471377791e+01
2.109184813692375826e+01
1.228358232695532593e+01
9.065171241322900642e+00
1.304202539699210206e+01
1.785478017154071040e+01
7.371036749141772759e+00
1.853690533115452865e+01
2.321089560145438213e+01
2.680511828141567321e+01
2.111267514096191888e+01
1.648794495234207602e+01
2.373198261337360293e+01
1.629539553997102530e+01
2.882667454339012636e+01
8.422228947244050801e+00
1.505552417028810908e+01
7.829160549262326185e+00
2.193410814103730644e+01
1.736103402779362170e+01
-1.686917105361814606e+00
1.679547678077642558e+01
1.342065835922293360e+01
2.304778256175242035e+01
2.567548539383976447e+01
8.296162697516649587e+00
1.815779463007179118e+01
2.443139243249342485e+01
2.112386410608382903e+01
-6.048937449956270029e+00
2.121461207095588009e+01
1.235737510974242070e+01
9.680596318702640701e+00
4.336337404667730766e+00
1.529172588700558322e+01
8.373845160060866988e+00
2.528004791000029883e+01
2.610372782852514462e+01
1.604276092897458739e+01
1.795427063769200515e+01
2.439102173536476670e+01
8.796878007728210491e+00
5.808110675651903421e+00
9.951055883172401195e+00
2.409211384030427894e+01
1.174198492014357953e+01
9.088580097325127838e+00
1.400402906195508024e+01
1.875309769158595685e+01
2.312131019531570075e+01
1.174032262157469120e+01
1.817546951768890295e+01
1.191113560307779551e+01
2.790007064287257776e+01
4.454692226228587515e+00
1.188128776878828319e+01
2.286328594918650481e+01
1.453352263120684995e+01
2.346671488780992831e+01
1.802738652411419906e+01
1.443046932726164755e+01
2.819275020729375569e+01
1.341940017562659193e+01
1.590572588389531461e+01
1.298133326372975205e+01
1.500546376374387592e+01
7.013050126268566942e+00
2.023194674135815774e+01
2.000813771304510169e+01
1.896273054465297037e+01
7.619979245970554871e+00
1.774087223023896343e+01
1.541093574532021648e+01
1.737264405364464182e+01
1.863074415139201534e+01
2.113118307645028437e+01
-4.414732227798836561e+00
9.858596347415414130e+00
1.443272206427494098e+01
6.474144656240866880e+00
2.405493413209315889e+01
4.175841282787999376e+00
1.153016454846816430e+01
1.405335344714089985e+01
1.361131988757617250e+01
1.055184184142390791e+00
1.805627433595620346e+01
2.737893990575089731e+01
4.038006031184437461e+00
1.022787639969250506e+01
-4.149577760404383753e-01
9.271890229070706368e+00
1.942730310187130272e+00
1.257937641421980857e+01
6.834850086017411286e+00
1.255139471478688051e+01
1.718394298504108519e+01
1.302448906660025330e+01
1.984788409620231420e+01
1.991711559936121034e+01
2.235503260230578348e+01
2.067061904070745015e+01
1.317475538795520151e+00
2.415318424986433854e+01
1.383492439432217225e+00
1.273717148651999764e+01
1.840073217950204310e+01
2.004796322896723382e+01
1.193402122181716152e+01
1.358611881730857363e+01
2.471822712038570558e+01
8.097030242642034636e+00
1.152811892003721539e+01
2.363111690316715396e+01
8.861392150904748632e+00
2.220622410901695787e+01
4.386726262127879750e+00
1.335256115802874888e+01
1.046393459131802217e+01
1.508096261637449231e+01
2.113105153934941427e+01
1.277033794822044399e+01
1.046583617229447327e+01
9.567781189130656117e+00
1.267913138132703921e+01
7.303471904996612807e+00
1.451467107555666303e+01
1.262384147051828620e+01
2.221518996763976617e+01
7.706900614626150059e+00
1.745383355158634231e+01
1.754391185641982531e+01
7.919832660355780263e+00
2.073255763874738022e+01
7.648113624666649457e+00
1.536973787201388575e+01
8.334947322323145613e+00
1.604637997334242527e+01
2.747713478214700444e+01
1.284845890090822706e+01
2.991323638341629021e+01
1.398011442167052110e+01
1.968616619330214235e+01
1.595169896715344748e+01
1.271607634278994681e+01
2.205291777801947717e+01
1.702066760815317537e+01
1.505383849181544065e+01
2.788484043587231298e+01
2.183439987429819951e+01
2.159484883088474305e+01
1.529080354594542257e+01
1.010001296904761148e-02
1.660399267679702717e+01
2.142905370385969377e+01
1.653935622658970317e+01
1.917142425000990613e+01
2.453752425236012158e+01
2.133583045889324126e+01
1.036494274189244891e+01
2.482641347609072113e+01
1.112460150771445200e+01
2.188863892642242348e+01
6.974061808059431655e+00
2.249025236513885062e+01
-2.729361728401357823e+00
2.899390009347384023e+01
1.220946369135837983e+01
2.559778537178644342e+01
1.913832989023729425e+01
6.765483463788882545e+00
1.463756885731756086e+01
2.241248844639930837e+01
8.121156890899001723e+00
7.840413590653298570e+00
9.896165265767336905e+00
1.185218458456726864e+01
1.932161544777937934e+01
2.075694182722129000e+01
1.411311978071741180e+01
8.714793188661232648e+00
1.975832676159839707e+01
2.200821689071054266e+01
9.972046076554164529e+00
1.350009921126776646e+01
1.518287770639730638e+01
1.323100734681733570e+01
1.086162858966035571e+01
2.396358124808193679e+01
1.212031514871358695e+01
1.543289096143858785e+01
1.296242567577104410e+01
2.120260982656711235e+01
1.073941296886120256e+01
2.207801254849624684e+01
1.793810548831085327e+01
3.485358018271071501e+01
1.878752827401233816e+01
2.035484095689007233e+01
1.554963495132510332e+01
1.215065699209415584e+01
2.609341768607271206e+01
1.146361262802111014e+01
1.978577214807009454e+01
2.767223598095439030e+01
1.792392045358080566e+01
8.559264179298438080e+00
2.001256232367735066e+01
2.670189997700083495e+01
1.916053829691048804e+01
1.267006917623703544e+01
1.238590562298108466e+01
2.440320378952433344e+01
1.791591208572174310e+01
1.652741866631529177e+01
9.742332948473404031e+00
1.833285066770485372e+01
2.394876901252502677e+01
1.805535618911883944e+01
1.604918274602532335e+01
5.723279356427866560e+00
1.351634107571703680e+01
9.011747903127854897e+00
5.261845946682825570e+00
2.720473380989616885e+00
2.031655435152906364e+01
1.681026434112471435e+01
3.111967734345000736e+01
1.482767543574168201e+01
1.273503206368025076e+01
9.730680703788770813e+00
2.025687380472053434e+01
1.860032639373436325e+01
1.280866204971384548e+01
2.004828735112479166e+01
2.009504171251242610e+01
8.069011273976485654e+00
1.268290488835584995e+01
1.248987529157705012e+01
9.011137684364101119e+00
1.870397127365652068e+01
1.094429776898216744e+01
1.043952479896631758e+01
2.228853823900288944e+01
1.848299734243609294e+01
2.806412044601471223e+01
9.534688728595185125e+00
1.601594997584612656e+00
1.236770501288367541e+01
1.668651335017875681e+01
2.521632614804700268e+01
2.424270603420333714e+01
2.208862977226112889e+01
1.758160714378306722e+01
7.017721436270250024e+00
1.845664919100735801e+01
1.896687146016381575e+01
1.423323403795803443e+01
1.373657869695087186e+01
2.129283497092814059e+00
3.301006348084683140e+01
1.211513477092873359e+01
-1.132665170592346726e+00
2.698486539624134650e+01
1.563789238339752075e+01
1.844821076025492346e+01
1.494841565902838454e+01
1.334778225078406422e+01
4.608083832503609756e+00
1.363124445459344258e+01
2.966728989566824737e+01
1.975897307184631302e+01
1.142325563706621949e+01
1.657070641875810679e+01
1.437269787984105562e+01
1.443210565324133654e+01
1.730675768474119991e+01
3.470759975273335129e+01
2.368424072035011818e+01
2.406409670396946865e+01
2.205945701175888729e+01
2.110618516345559215e+01
9.036253918282397990e+00
2.467326032065112429e+01
1.324380735126642605e+01
6.563469560911414646e+00
2.494767024507773101e+01
1.664787391898807556e+01
1.076108767289497337e+01
1.553715834588291500e+01
6.173522123253661675e+00
1.598044130735915047e+01
9.283910961433463171e+00
2.875953395517569078e+01
1.255259685214937804e+01
1.483886978919028365e+01
2.867237176096205786e+01
1.776576667504365048e+01
1.794012536209014286e+01
2.990146916351389450e+01
1.417959721127813566e+01
2.662866433232009911e+01
2.833706633988126100e+01
2.701102825180537081e+01
1.269262862530989366e+01
1.913735346807182935e+01
2.604284389417797030e+01
1.010757195412094234e+01
2.022481858325630100e+01
1.637372202595159365e+00
1.741342089351996236e+01
7.199360190384709313e+00
3.102005404320702553e+01
1.641977984033874804e+01
1.719227933356140170e+01
2.287838776852822775e+00
4.657197371185304746e+00
2.021030389879557276e+01
1.587540602954095448e+01
2.621754828148397110e+00
9.380983449243402106e+00
7.937212541404377930e+00
1.291879978537249940e+01
1.090529239038245635e+01
2.983482723857193264e+00
1.587137911366216514e+01
1.981833164541756531e+01
6.353525908066060879e+00
1.292143321224186536e+01
1.899877217841680022e+01
5.572379695307617453e+00
2.639377488932625226e+01
1.200395817286863576e+01
9.565533946433049550e+00
1.268143352219128417e+01
1.262248950781196299e+01
3.173137579602372682e+01
1.225263600688541032e+01
1.869551090017722572e+00
7.472809692313589380e+00
1.811348823744740599e+01
2.130481220616894689e+01
1.304150798537297362e+01
1.792999451422846846e+01
1.900831889217487003e+01
1.153672868881594127e+01
1.333121771443977366e+01
1.513315386675350283e+01
1.612087521830666503e+01
1.359796615159474698e+01
1.470535434056178303e+01
1.831164776613202605e+01
2.336780665800335299e+01
1.139446017722175952e+01
1.588633306038362036e+01
1.424886889835526915e+01
1.587355778724285926e+01
1.154394924820138613e+01
1.747174791765345958e+01
1.666675143588516050e+01
2.408012148003464858e+01
6.133657967321141768e+00
2.271394552617209683e-01
2.017264720134780021e+01
2.076657959850084723e+01
1.087559743328347395e+01
1.320642243042286168e+01
2.125160998651717392e+01
1.659309521710099489e+00
1.242498999612053012e+01
1.927375409437684084e+01
1.270448073821268054e+01
1.565914177962464748e+01
1.876141741711236932e+01
1.225092451191780185e+01
1.396167591120040186e+01
2.402823160735470509e+01
-1.503615349259305844e+00
8.426664748863537113e+00
1.589138107774853381e+01
1.341518963645005158e+01
1.767493321937497797e+01
2.754326666345424712e+01
-1.813383551798835924e+00
1.908482692560633609e+01
6.640707981438254137e+00
1.351743769499173453e+01
2.231626954821241782e+01
1.932401452726540469e+01
1.651282941617263589e+01
1.583104655451832343e+01
2.243097700605426326e+01
2.295279284472238146e+01
1.733006218053114367e+01
-4.596672973229786408e+00
1.513163749457265794e+01
6.552351788215688089e+00
1.888952196118188454e+01
1.482669211949601618e+01
9.361611312126299822e+00
2.978748860951597521e+00
4.281727764735990149e+00
1.287865513643239979e+01
2.292667898478028121e+01
1.864321108025765028e+01
2.337181492566054430e+01
1.362958074174835588e+01
1.829046217079512360e+01
1.008940506177178520e+01
1.332811781532905115e+01
1.780354702029570291e+01
1.873902038500170875e+01
1.271829990356684448e+01
2.071603298948342342e+01
1.364816363672834143e+01
1.836362875255822757e+01
9.518009296613072934e+00
1.313164910503478211e+01
1.240169501826107989e+01
1.680119980914150801e+01
1.544318514275715160e+01
2.076166184961832073e+01
4.809714113326322149e-01
1.831246222222443265e+01
9.101746145416939271e+00
2.235411779956338307e+01
4.986696655256807276e+00
1.725803261649994624e+01
1.462525275457207385e+01
1.420270620823387731e+01
2.311698080636379871e+01
2.340811170475885916e+01
1.295108666987397328e+01
1.604579375793120732e+01
9.031437399438488001e+00
4.954985828254351077e+00
2.205170728558098858e+01
2.323244535705168801e+01
2.349715811149314959e+01
2.450244124153708469e+01
1.342758743450251302e+01
1.212122976368874561e+01
2.575018699002345102e+01
1.316480277801701959e+01
1.804395842080298706e+01
1.470295458840482183e+00
2.029808586992865571e+01
1.472929988724173711e+01
1.510693027818619072e+01
1.715634740185217311e+01
2.056404684594137677e+01
2.339408078231404176e+01
1.776735823799547376e+01
1.538147263056187342e+01
1.452577478295397384e+01
2.345824118152154369e+01
1.049139827675753622e+01
2.136343561402241420e+01
2.618075725552109390e+01
1.814230328703651196e+01
1.558688562589730964e+01
2.609938070102892027e+01
1.014127677331097743e+01
5.064755910230658742e+00
1.959922380887655891e+01
3.049938096885704653e+01
1.790093893800668923e+01
1.236612787945109915e+01
1.344914859502179638e+01
2.093210919498079647e+01
1.591337879686777512e+01
1.768995526145371144e+01
2.316857096810031180e+01
1.156411728810957129e+01
2.400533271445513606e+01
1.262773174571425727e+01
3.786055262350799921e+00
1.801536511872522794e+01
2.132163871558474710e+01
1.147700158203974752e+01
1.682186866744522291e+01
2.015129325227498214e+01
2.995940063435882195e+01
2.177866824786818256e+00
2.287254254849121082e+01
2.661768520376066505e+01
6.113209287082383980e-01
1.432488069196976710e+01
8.840032148402869439e+00
1.967122303040432740e+01
5.819683861709279427e+00
1.023053322828195633e+01
1.272202167842189624e+01
1.217745625478653437e+01
9.184182047889883904e+00
1.052842861357208903e+01
1.901183927079635083e+01
1.361341274053644668e+01
2.498554399332775233e+01
1.295771747599789592e+01
3.115593080653115976e+01
1.240521852542902081e+01
1.940167886677832598e+01
1.677330768228566171e+01
1.389751116182648616e+01
2.077236566742588053e+01
1.833839245732215772e+01
2.177067536647740553e+01
1.070101997378483816e+01
8.369731650109415000e+00
1.109210379161679327e+01
5.340195053082226195e+00
2.614394055843348497e+01
2.303616805175141735e+01
2.078954742571747261e+01
2.253485227442612882e+01
1.265340348321994668e+01
1.091951689847414286e+01
7.513859891904075994e+00
1.534238060088803479e+01
5.334972689883642261e+00
1.276771897674210265e+01
1.653680542599671810e+01
2.462487564021652986e+01
-6.520427752747082195e-02
4.887162656068269939e+00
1.068795286161432045e+01
8.843359577063139909e+00
1.704203633846675814e+01
1.396281738704354325e+01
1.957240543139140243e+01
4.882197422188397695e+00
7.718807492437022688e+00
1.976711420310454059e+01
3.142302240377333078e+01
9.267817776388326934e+00
1.692078793047960517e+01
2.440995592375992373e+01
1.729153084346367564e+01
1.683528847884520019e+01
9.059284637869581047e+00
7.937938700222389343e+00
1.432985662180779229e+01
2.299223950979063602e+01
1.067710351856818818e+01
2.194949343676089626e+01
1.426225262953741435e+01
3.075259345313398285e+00
2.336961475657161458e+01
2.166563688070699811e+01
1.100476745089382291e+01
1.219846343564914548e+01
1.339728155626630723e+01
1.950538147532664368e+01
1.698324613102775515e+01
8.753339243672201064e+00
1.293964282349197958e+01
1.350447289947851459e+00
2.780010436083945535e+01
1.491499906823162291e+01
1.197578604443795314e+01
1.175047478070598572e+01
9.878150659939322509e+00
2.166201606065357055e+01
1.988290679898209135e+01
1.511434002912804431e+01
1.645927627177158570e+01
1.767321621758116379e+01
1.013223904592430813e+01
3.018650369456948113e+01
1.536382215133209428e+01
9.145114407904316067e+00
1.966878679286000420e+01
1.556752106511918043e+01
1.858532140709349534e+01
1.150035541286381147e+01
1.788601797748947320e+01
8.498240182185270442e+00
2.680927515331522670e+01
-3.364617364072557848e+00
2.354687662659377878e+01
1.686830693875998577e+01
1.760801884526951255e+01
1.282419771929701824e+01
6.062532896117716064e+00
2.999253329697320680e+01
1.547727510752863367e+01
2.115522512652187714e+01
2.670465176031736831e+01
2.081173058989048741e+01
2.133173101148602768e+01
2.036421410369452190e+01
2.260936449319909514e+01
2.360976798632179907e+01
1.155574347636034815e+01
1.752287318343582712e+01
1.576011831672007446e+01
2.610073476140594551e+01
1.489776048744957393e+01
2.235978116478409561e+01
1.869138014629007216e+01
1.716714426320545783e+01
9.900866597202735875e+00
1.677316744816821625e+01
2.849515010400305925e+01
2.438696296411380615e+01
7.283586741175689383e+00
1.077364716502748365e+01
1.016700454485189198e+01
2.528151390115652930e+01
1.829435842027996273e+01
1.438855375363282008e+01
1.379153257737779370e+01
1.405142103636775630e+01
1.944247416234492221e+01
1.672992688832464125e+01
1.911832595578236038e+01
-2.793727557857764054e+00
1.982703506245934477e+01
1.133461360370237969e+01
1.298281781548537595e+01
-3.706657391198461937e+00
1.286592466010984026e+01
1.938717429670489878e+01
2.171256237672907474e+01
2.195788926655489348e+01
9.015417078478165536e+00
7.473413575520424956e+00
1.508642917221631308e+01
1.572170365563273720e+01
1.290231875863048572e+01
1.651941124946210948e+01
2.729257341894326316e+01
2.060458538046297861e+01
5.187615447985081119e-01
1.819180498873858909e+01
1.352386866936899423e+01
9.642166557452455322e+00
2.975918019501263245e+01
2.051006634273370821e+01
2.281519456410955371e+01
1.363382083391688582e+01
1.298393144222582407e+01
1.771446627740708379e+01
1.519223696802176704e+01
3.514263241431633844e+01
1.971920494592600903e+01
1.582311040912358635e+01
1.226708519189014623e+01
1.821761689584371879e+01
1.056408637168028974e+01
2.105447350125626116e+01
1.296473356707826952e+01
1.074473998078667591e+01
1.247691120943906640e+01
1.437705623253624054e+01
1.679721964641071708e+01
2.237853423572387612e+01
7.006482306987095399e+00
2.238002998173243441e+01
1.915270582960080503e+01
1.468464308408698571e+01
2.254002849763871552e+01
9.541135823020795215e+00
8.950874023725546635e+00
2.937578936316854339e+01
3.651572703872517422e+00
1.502473575415213247e+01
1.148490954323773394e+01
2.328462829957301494e+01
9.938638990640939141e+00
1.152596952005313824e+01
1.325614224074392666e+01
1.870039914317846552e+01
1.732826572950371258e+01
1.473618240425950887e+01
1.587092212428820659e+01
2.866561884239122548e+01
1.475888756499978172e+01
-1.092030700894000006e+00
8.479275414453667281e+00
1.087517855670805744e+01
2.257227057330149478e+01
1.917447194426199530e+01
5.138728904637957839e+00
1.993607196444986585e+01
2.030384986273566028e+01
1.955739202237903385e+01
2.333489696227386645e+01
2.638651519773751630e+01
1.535009870079076677e+01
1.352849859150494183e+01
9.948972659293744414e+00
1.063829685179921114e+01
9.577087650549799491e+00
2.409762371385389201e+01
2.884222107940360047e+01
1.873818531377559538e+01
1.735796615269536858e+01
-1.155634598949305314e+00
1.915861753433406989e+01
1.529808424369882403e+01
1.415046701328354573e+01
2.901444176775690664e+01
1.505214103470860465e+01
2.151313946583316294e+01
1.875609355520397514e+01
1.564555500310731873e+00
3.040572109502397780e+01
6.305634962035256308e+00
1.435915448318870347e+01
1.366097076827317380e+01
1.245125678295076455e+01
6.043557594288770929e+00
9.030525257536169192e+00
2.562843413219620459e+01
1.989410839737452363e+01
1.371470914812574904e+01
1.854735574151736444e+01
1.586259170105080329e+00
-2.956292953408009794e+00
2.386404094915016572e+01
2.982843392189935372e+01
4.295582166200674124e+00
5.412221711482359865e+00
7.385627788638643665e+00
1.378136340506650015e+01
9.485594621513556035e+00
2.165371129751785872e+01
7.858571345916047335e+00
1.775801977134889853e+01
3.563347096574401718e+01
1.047699466757892139e+01
2.872728144352409885e+01
-2.563313035990475441e+00
1.911353163781067366e+01
2.356748225632755833e+01
2.194708900333952784e+01
1.417781188129900727e+01
1.710700032612636790e+01
2.488998498420206573e+01
1.896235373667012425e+01
2.377275833081301215e+01
2.601463572791236345e+01
1.485032632541017961e+01
1.920389163430269974e+01
2.309834407619908347e+01
2.426240936673786308e+01
1.801995477746714869e+01
1.034620352501845275e+01
1.881125139960546733e+01
3.147306544784751736e+01
1.389872515053110646e+01
2.520746648478905172e+01
1.350460625057424124e+01
1.465456383261785334e+01
6.894610119366859635e+00
1.432220864727155174e+01
-1.639242805258703584e+00
3.603169495863973282e+01
2.447581516083205599e+01
1.818461260525062073e+01
1.196413327822902772e+01
1.242267828157915233e+01
5.912125796492560426e+00
2.344187957910840225e+01
2.932625835354456001e+01
1.959331028088794113e+01
6.775030297075062435e+00
1.327066569650145311e+01
2.349771695365633661e+01
2.089789627343311906e+01
2.420824456059314400e+01
3.176339147151210796e+00
1.351648155631517056e+01
1.961844390931246096e+01
1.962275570265080660e+01
2.133885480055768369e+01
9.579794900693883619e+00
1.928797478442889712e+01
1.176891596158858988e+01
2.286441855193679373e+01
8.503817443059958237e+00
1.098671619751446826e+01
1.606972539099635355e+01
1.516053245464534172e+01
2.506316587145287400e+01
1.497754477802072870e+01
2.539873978332495597e+01
2.435355485493019501e+00
1.495944343941575028e+01
1.792010312370183556e+01
1.545701759609355719e+01
1.922215729384791416e+01
2.223764812614280117e+01
1.109797881733159386e+01
9.499209350489593362e+00
1.476028325695126853e+01
2.262256874967415143e+01
2.570072430554230891e+01
1.399485905007949782e+01
2.605651771209363687e+01
1.843701615595523435e+01
1.403876341655268334e+01
1.133132978812828640e+01
1.806674482536460147e+01
1.802231196260228074e+01
2.278053867435313862e+01
1.114569612351770900e+01
2.088463743430518349e+01
5.820195157283535536e+00
9.589881190274240907e-01
3.717775694114152429e+00
2.176514602670002319e+01
1.474413695639250932e+01
2.846261200783747825e+01
-2.060113607204087316e+00
1.112467133753257542e+01
4.141809104027487365e-01
2.198464398200503211e+01
9.814127332316402885e+00
1.750910771377067476e+01
1.591398668372296044e+01
1.903378328246083129e+01
1.446142393905694234e+01
6.295786002465419529e+00
1.346909451907063726e+01
1.883347261495067926e+01
1.734523638991156247e+01
1.862833351792475867e+01
2.382924406176397980e+01
8.407491614239447131e+00
2.636911910920986202e+00
1.291562160983710328e+01
1.119885676396918939e+01
1.370478942177014403e+01
1.178738394742725859e+01
7.341582240612140708e+00
1.004718831053125427e+00
1.676922522336751342e+01
2.750495747356646348e+01
1.433352364226189479e+01
2.608766053507019222e+01
2.186433914875167517e+01
1.660005804655945383e+01
1.262467226539742171e+01
1.380298345799985782e+01
2.294187512472767310e+01
2.016201005452198558e+01
1.628762152781878569e+01
2.104328675031004536e+01
1.425619099446532800e+01
1.360803361634935982e+01
2.586317431400459554e+01
8.481505273263678646e+00
1.168809194644563831e+01
1.247916028997083515e+01
7.405044634987859808e+00
4.426568009589857411e+00
1.498779655960683499e+01
1.119647399074386840e+01
1.874302497185603045e+01
9.945335906213770727e+00
1.464594352080092676e+01
9.427403780651047782e+00
1.169535236134971257e+01
1.466783611094992068e+01
5.955229394030013168e+00
9.259803595448332203e+00
6.546432181100342973e+00
4.957943949170442011e+00
1.510771023218998721e+01
2.163069718980863598e+01
4.110187504462459174e+00
2.288512578172142753e+01
1.377267006962843254e+01
2.042470866253557205e+01
3.289824843761587658e+01
2.966598089557830065e+01
1.427755075430448528e+01
1.342894588101228237e+01
1.176466969238973093e+01
7.316790550931756343e+00
1.673764450335252718e+01
1.781220164665008099e+01
3.583216190495768672e+01
1.211028087135677822e+01
1.605219778370938144e+01
-3.500371180526158810e+00
4.993732934564263815e+00
3.294497844776154238e+01
9.128335053711538194e+00
2.175306178402492208e+01
2.676696296111632734e+01
1.900692917632666479e+01
1.341618206009411551e+01
1.120159016161525756e+01
1.616773223371831136e+01
3.320971051376872651e+00
2.031251304685680736e+01
1.778712796521459438e+01
1.758754448465377607e+01
1.226354708885014588e+01
2.301523149455427131e+01
1.154398775436921198e+01
1.252517414557974007e+01
2.168904576694706066e+01
7.638765267079520527e+00
1.966634051656687632e+01
1.105824417122545356e+01
1.696607178889678380e+01
1.514504932037984020e+01
2.236277389277414329e+01
2.769706789770144439e+01
1.165160041526948476e+01
2.893338440349424445e+00
5.034249775988641318e+00
1.295866322606204335e+01
2.213215490360784798e+01
1.734832486751859904e+01
1.776262896199438046e+01
1.617247545014009802e+01
2.080682006521706739e+01
1.539898969294424091e+01
2.484351769998639270e+00
9.962438984967732836e+00
1.923582616120685884e+01
2.222078711526357608e+01
1.271725370809355127e+01
9.920039950836269327e+00
2.262168351973123492e+01
2.739444372426386565e+01
2.546238233730851164e+01
2.383449804480123646e+01
1.615542937763633802e+01
1.269477100700342476e+01
1.588940475684685794e+01
7.755297774645796949e+00
2.335070018189041718e+01
2.142547037829791634e+01
2.126621438113108553e+01
2.083763529970102013e+01
2.594455419651197303e+01
9.221186152922868473e+00
2.113566946944780511e+01
1.000978642710992972e+01
1.753438039690583139e+01
2.637683472794495998e+01
1.631515455667330627e+01
1.928488569118349005e+01
7.602707934992764649e+00
1.711411758870789868e+01
1.478423811411815336e+01
9.966561268997082834e+00
1.338279195403966071e+01
2.980484634750433770e+01
1.817136557388256080e+01
3.307252456949370867e+00
1.336123390920967324e+01
1.518700247990511087e+01
2.199246774118633141e+01
1.307638377633423943e+01
1.764073233831015841e+01
1.039604601863295841e+01
2.076162809019082545e+01
8.370948463019672658e+00
9.503196910719978519e+00
1.698431836590680177e+01
2.464366334952427451e+01
1.927686353111148776e+01
1.938684481025307349e+01
1.884173943722245781e+01
1.377752087845227891e+01
1.214501282913248303e+01
1.938169839511972725e+01
1.456418914860407199e+01
2.539139279778011371e+01
2.246930015337022013e+01
9.750276186302031078e+00
1.533637455732227295e+01
2.129411449980811710e+01
1.127238462254875628e+01
1.236576925640567737e+01
1.253376861303750900e+01
2.045913928964217376e+01
1.801513784690091313e+01
1.150465493354411706e+01
1.541863756209347969e+01
2.048287385039774477e+01
1.458581677650101227e+01
1.111950371461827558e+01
1.494542809403554884e+00
2.898641611317540878e+01
1.640130752311314666e+01
9.749104413233908417e+00
1.547003257050705116e+01
1.804885768255971357e+01
9.628642420806841073e+00
1.875004476351227822e+01
1.828913257656441260e+01
5.623150080790367156e+00
1.125636079505380849e+01
2.828354344605921966e+01
1.727612912794808864e+01
1.535782837983752813e+01
1.985517338031752388e+01
3.343650098365178280e+01
2.152852956883887714e+01
1.710057063275340283e+01
1.429664070957429090e+01
2.480446736447902367e+00
2.670158486712621482e+01
1.308018999849196007e+01
1.836435295008961077e+01
5.283936437124523877e+00
2.076097941414177228e+01
5.983815153505418039e+00
1.269997650903641784e+01
1.115205163358612594e+01
1.652882273929506596e+01
1.066586155622911747e+01
2.139898104211428631e+01
1.588178239094264654e+01
1.205475387088674211e+01
1.360829583751294081e+01
1.834236002885390349e+01
1.038592880131332663e+01
2.453894575210243545e+01
2.522088985966672681e+01
1.351811892198601583e+01
1.434134779610829469e+01
1.809979007046371180e+01
3.135769888102208824e+01
2.333030807918007099e+01
4.194597902018500690e+00
3.776818528532416508e+00
3.151138009185149258e+01
3.294220002322204266e+01
1.328967487197819253e+01
2.432373296275451935e+01
4.770651003547357050e+00
1.460750441808804112e+01
2.112002632595509510e+01
9.606960359508924796e+00
2.048225168859050882e+01
1.286362403243404628e+01
1.524566832221309198e+01
2.031628812808432372e+01
1.648210595531580935e+01
3.377381723355784970e+01
1.514633693480413967e+01
2.212202355555742628e+01
1.083455268710930852e+01
1.228930021797087591e+01
2.174601156431235438e+01
1.352163373691699633e+01
1.890756757395209320e+00
1.525386002488055937e+01
2.416598327981050431e+01
1.416418107966011064e+01
1.157768093500621376e+01
5.312019873467178854e+00
5.328424090210987174e+00
1.751561187347688531e+01
1.839164182223557020e+01
1.070817470911264024e+01
1.808940855483249521e+01
9.652478182619660174e+00
1.731060099771488581e+01
1.097336422007610679e+01
1.525852180168234895e+01
2.644791095061137298e+00
3.068273420202162072e+01
2.381996327358622523e+01
8.261700757995356525e+00
2.328502031343837331e+01
2.298461790556311968e+01
2.319108325970621820e+01
1.575638596126485425e+01
4.988398721377933498e+00
6.944149129830947231e+00
2.427924622121076936e+01
2.270798564610591086e+01
3.475312345615719778e+00
1.481161106504082170e+01
2.391483102021922491e+01
1.784248973577243191e+01
1.969128117844408621e+01
6.039128743356300788e+00
1.416668551526116460e+01
1.794033397928640738e+01
2.118309486375467543e+01
2.835820698431361109e+01
1.246630018736908596e+01
2.028455990858498126e+01
9.075654064186593928e+00
1.383115864298298447e+01
8.441847863992293810e+00
3.187264707643379325e+01
7.546938411972874405e+00
1.757350672321423701e+01
2.213852196846666232e+01
2.180256716574469067e+01
2.313222646274824967e+01
1.501198612167997481e+01
1.230652860028730800e+01
2.800382455560900752e+01
1.047565646669468720e+00
2.464364609474597501e+01
8.362444988880127994e+00
1.651834503327895476e+01
1.671771688265710054e+01
2.083659224993486703e+01
8.998997573576744458e+00
1.471620864181394239e+01
1.716355201948221065e+01
8.424821360074659538e+00
1.300012701237317003e+01
1.628781017734536363e+01
1.188731476637953222e+01
1.115818589278705986e+01
1.264443301651878215e+01
1.577930474589304310e+01
1.904843982339998831e+01
2.414997629766995146e+01
2.363128349273124229e+01
1.421818322131124290e+01
2.064986724541687124e+01
3.944414242060418019e+00
1.186189429631076564e+01
2.878705022980440731e+01
1.198181675288628867e+01
1.795404233178483366e+01
2.579430854493851655e+01
7.698747344963280170e+00
1.438117203664063481e+01
2.637117874469019796e+01
2.280528863381374549e+01
9.709492417556575106e+00
1.406809952196074676e+01
1.273848987967306812e+01
1.165068627740004104e+01
1.798022275318417229e+01
1.505551551999919013e+01
3.412019488593639949e+01
1.474285306218398972e+01
8.717427110199494678e+00
2.423488753568673815e+01
1.660905137878481241e+01
2.410232509941178591e+01
1.263390036764889146e+01
1.980563196633363532e+01
1.119396677570676957e+01
8.408825411282123241e+00
1.773144278116497219e+01
1.988276071879327844e+01
1.794382498942540849e+01
1.908016382973937652e+01
2.232670125821938711e+01
1.594740747974235262e+01
1.103478632798345416e+01
2.892520019677029097e+01
2.117456638356540566e+01
1.785867218649491406e+01
1.772028396721893984e+01
8.746110093958137099e+00
2.045345160830856912e+01
1.394625109437085086e+01
1.841363094508092502e+01
1.100151790984031663e+01
1.477971333994734948e+01
1.657129571251319788e+01
2.235816492286852508e+01
9.243549994461687902e+00
3.062917593415752293e+01
2.103387664219110320e+01
1.794241226335424244e+01
5.323398912565835417e+00
7.066939236550922487e+00
3.111606702430670168e+01
3.432223335536406239e+00
1.585186748015750879e+01
2.145585443663624403e+01
1.799748256193753804e+01
1.372459178744296793e+01
1.256218112513479923e+01
1.376617465124398620e+01
1.685157023223511885e+01
2.102135190005168397e+01
2.166573561098229561e+01
2.712499018634179038e+01
1.193386109882109736e+01
1.419676699304159939e+01
2.585280315379340976e+01
7.269542872837050140e+00
1.571982242326781432e+01
2.030985023218333652e+01
1.812869224790702560e+01
2.207945769853235163e+01
3.095945667552501845e+01
3.208473605890947056e+01
2.677629628847972754e+01
1.441674823526129501e+01
2.825873127776212357e+01
9.227721317500154896e-01
3.152784481304459518e+01
2.337444552777937190e+01
1.732528117635467879e-02
1.640617496840282996e+01
1.940640841746669309e+01
8.227633613772454169e+00
1.941536021965434600e+01
4.591694572738674651e+00
1.879343233209513642e+01
1.753416673022616123e+01
1.755649988554552010e+01
-5.238315275000459792e+00
7.735909201693715431e+00
2.493910806131676594e+01
3.344031207697459251e+01
1.890474586612094043e+01
1.194823149538817120e+01
1.846484712623214364e+01
2.277502399757568696e+01
1.247615620611220777e+01
1.203435525660199801e+01
8.609409061775636474e+00
8.262030624688151192e+00
1.297583373236666660e+01
1.561960376915106252e+01
1.724975027479507617e+01
9.994158539051383627e+00
1.673318459377282608e+01
1.902968838289915254e+01
1.481564737147499500e+01
1.906924851606291327e+01
8.325155796624528648e+00
2.080940335772731942e+01
2.562844494332658485e+01
1.824118255247834952e+01
2.084710674759486437e+01
1.232952325492905743e+01
2.050105988849398386e+01
1.733292738265950561e+01
1.283256467365261244e+01
1.056542955947678308e+01
1.994278004424302253e+01
1.882674898025534560e+01
2.720960814849892984e+01
-3.368467492262439578e+00
2.985363832164736664e+01
2.295246150249636230e+01
3.386502079393036269e+01
1.288843419676446445e+01
3.179402907336957895e+01
2.401654008843368615e+01
1.034205921358926616e+01
7.827486578997351785e+00
1.402642616202473391e+01
1.658779623635263789e+01
1.233939332044770509e+01
1.817072865451823560e+01
1.453031239375056316e+01
1.445147445961175947e+01
1.674220132987700538e+01
1.038987472201340267e+01
3.215419762473487708e+00
2.663803033741365311e+01
2.251142698749043092e+01
1.714869054429620121e+01
1.716175448882569299e+01
2.205461399734711136e+01
2.720949770798344503e+01
1.954644516872890847e+01
1.360140065229762740e+01
1.036003115972492594e+01
1.794607973732681927e+01
2.617537221805038428e+01
2.364907261598446553e+00
1.133235394417654618e+01
1.995135207977642722e+01
2.689624371084723009e+01
9.456332892456259742e+00
1.752066993060032019e+01
1.703376757507103889e+01
2.785099870131779198e+01
2.649245249781644418e+01
7.618277802559305201e+00
1.122935315620473773e+01
2.049390805642968871e+01
2.092342109354382274e+01
2.507212428792172432e+01
1.364289287012481111e+01
2.695676602975521519e+01
2.114261210485095432e+01
1.173187474323241020e+01
7.497419010464255962e+00
2.782278741219828078e+01
1.427453501030116456e+01
1.986753404604009887e+01
1.156984881849084701e+01
9.955662316701577197e+00
1.612558669192952721e+01
1.213342632126614262e+01
1.955506231146131313e-01
1.935800907564428996e+01
6.928883056699582710e+00
7.029485854580471482e+00
6.099773946944381464e+00
3.502495092775440355e+01
6.540782170393271144e+00
1.175832719722176023e+01
-2.907898665363291002e+00
3.302709097057795873e+01
2.203149821752536752e+01
2.017455792071682907e+01
2.467119000997243461e+00
2.216702571971021030e+01
2.230380625588865229e+01
2.269711583200041360e+01
6.645206852700837885e+00
1.304202301323793733e+01
1.445461735998361519e+01
1.421298233763154428e+01
1.377624303604402201e+01
9.159488708316573025e+00
7.237270840821480533e+00
1.092086723594627529e+01
1.780664983828862091e+01
6.095971629356824906e+00
2.347772408042121839e+01
2.156340816123592674e+01
6.112915236446767153e+00
1.771927028838376827e+01
2.546419374266292834e+01
8.323400333099556292e+00
2.562157246935703370e+01
2.568466612594788501e+01
2.155449018013932516e+01
6.146533570238702282e+00
2.369380791472083558e+01
7.244369396548634654e+00
2.357375567687602569e+01
1.973657292023797538e+01
1.875396146563005573e+01
2.257846498926536327e+01
1.329640765892501975e+01
2.084483438857632365e+01
1.064771566138354331e+01
1.777771198640224526e+01
1.448151633222157386e+01
1.080461300612309117e+01
2.168485478514124054e+01
2.425384353395587311e+01
2.947538452879003046e+01
1.861782797954907664e+01
1.306933887844958520e+01
1.653504675946213354e+01
1.867387858362512532e+01
2.665000664380178819e+01
1.629668991708071246e+01
1.285023799062031458e+01
1.924618343995144443e+01
1.667043415691817643e+01
1.698008556790334467e+01
3.115896688044951190e+01
8.159226804957029344e+00
1.794245491809593318e+01
1.656552003494837777e+01
2.265726549986008820e+01
2.354963601471520462e+01
9.679504002085081993e+00
9.274163714650342172e+00
2.445537579133767281e+01
1.344667735433390021e+01
2.773489687847533958e+01
2.020340758321291474e+01
1.364547361718067009e+01
1.009836619132219937e+01
1.020972953061976796e+01
2.119749968712548593e+01
2.859061068102369063e+01
2.347792859865890591e+00
2.254420218807577214e+01
1.907824527014524563e+01
4.785620206810293098e+00
1.158083203191672794e+01
1.684284612933706171e+01
2.619327552147446880e+01
1.722416563183534777e+01
2.731457400169124838e+01
1.414995573551202313e+01
1.713475919734138131e+01
1.145972168222958487e+01
3.019136482419994394e+01
2.073315358533020714e+01
6.787248997233120917e+00
2.182716406514788332e+01
9.052126730164019364e+00
1.863597701086206371e+01
1.049004758126146442e+01
2.328396577438894610e+01
1.713927456823596174e+01
1.190792637615345484e+00
1.962152585723274711e+01
9.194085664790065948e-01
7.492854956653189902e+00
2.311376036199084183e+01
2.073725109084627150e+01
1.750098414007570113e+01
2.019515944620906112e+01
1.370702554181147548e+01
1.394557172238980769e+01
2.020767641805156245e+01
2.454991719595120259e+01
1.168675308257732581e+01
1.221977733710281200e+01
1.409816698883388852e+01
3.913375092193618343e+00
1.148479864144454154e+01
1.123184830368374776e+01
2.089262750043628358e+01
1.003214766384905943e+01
2.181955784495146133e+01
1.300794364406780801e+01
1.835412320988288570e+01
8.865848980256572531e+00
1.276819609005540457e+01
-1.152652415490948101e+00
2.064313981665071651e+01
1.626998326433551512e+01
7.055986536836272194e+00
3.134052209515884613e+01
2.423341650695037686e+01
1.882208494061300996e+01
2.109279856141093035e+01
3.458188487758245344e+01
2.934573257314393402e+01
6.394606048527478492e+00
2.081648894637881142e+01
2.203975924161404976e+01
7.197642801847649707e+00
1.589383421788413386e+01
1.469675951397951508e+01
1.681489792412926931e+01
4.324930132362737822e+00
1.923874756543072806e+01
2.205711331884543114e+01
1.285820918635400290e+01
1.014749873288226922e+01
1.019132770187221126e+01
1.368244212670803961e+01
1.964328638837160668e+01
1.315230948823378299e+01
1.230413943544787969e+01
1.239738978185459217e+01
1.847276767602863856e+01
2.220666952942022476e+01
2.482599328192603139e+01
2.254823151296455563e+01
2.649512286591335908e+01
1.425955125213734220e+01
1.642330346353287496e+01
1.153805757716523317e+01
1.702115863864215584e+01
2.432217169933277034e+01
7.612785758851742912e+00
8.514993678290522894e+00
1.190620007546640124e+01
1.691110139542427504e+01
2.549654657586837914e+01
6.959386564805711828e+00
4.603882174082031042e+00
2.871469544201342217e+01
1.075604401417263034e+01
2.562443839791405509e+01
7.628331688371218888e+00
8.408597130987303103e+00
9.519483843590450078e+00
1.960363867732986876e+01
2.199831764212265739e+01
1.783050253694435838e+01
1.455249622996726089e+01
1.313229143391359344e+01
3.634304530978624825e+00
1.199303766531591009e+01
6.285813225161774653e+00
1.920521344103085681e+01
1.340246213512746465e+01
9.556220266194358715e+00
1.603407285583375597e+01
2.387288208961824409e+01
2.189766170728579198e+01
1.432547869140684327e+01
1.128863563386822477e+01
9.237626707230091938e+00
1.899503056184818917e+01
1.916456098942248332e+01
1.392336770134397739e+01
2.126391391776235196e+01
2.166630509603201915e+01
1.010421371046803074e+01
1.314709373353446864e+01
2.370607100659474753e+01
1.917540402551155410e+01
1.599851573952405204e+01
2.230206098944880466e+01
1.305010678491740350e+01
6.968518838061797283e+00
1.423648323911455549e+01
5.044604239721394379e+00
1.096784003684385311e+01
1.585731165740422455e+01
2.807686776875397072e+01
1.611991375502486790e+01
3.536297104871067631e+00
2.085252651822568026e+01
1.331385187173199824e+01
3.071632512070343779e+01
1.501365664529232191e+01
1.673036039526685670e+01
1.227154168573255788e+01
1.254236220409616465e+01
1.140938807040760139e+01
4.108557492920624554e+00
1.586180782605610062e+01
1.645792146210416718e+01
1.101461496366538029e+01
1.331367094166198228e+01
2.660679609066293949e+01
8.168663779265656899e+00
1.389963876000979326e+01
9.110816014191286172e+00
1.258469002338139830e+01
5.413200430472798530e+00
1.830305059612700802e+01
2.085692617558618167e+01
1.752164221358757601e+01
1.347417400606693150e+01
1.311098497098677740e+01
2.718402599805766329e+01
1.610450606825879305e+01
1.040487321284908262e+01
1.517724517124219119e+01
2.414806294390844243e+01
8.008917995279333013e+00
1.394292480470370776e+01
2.507971735063334506e+01
1.330556524989961531e+01
2.000232940507198975e+01
2.122120312529077069e+01
2.370534766045237518e+01
1.131508927227451977e+01
1.492734232343127587e+01
1.997168104240491715e+01
1.992946507068222672e+01
1.833997041640988357e+01
1.621627966492009421e+01
1.206557143395519915e+01
1.503293696881136299e+01
1.875144027550177128e+01
2.137281777618088086e+01
2.033395080165645652e+01
2.380361745052391598e+01
2.218678573947428845e+01
1.397050383642623217e+01
2.314717269420022916e+01
1.666159938055652390e+01
1.470377619878050268e+01
1.768395687140791495e+01
2.043054270742581480e+01
3.026346420792364000e+01
4.379495307693289874e+00
1.059726469178400521e+01
2.039706092227414302e+01
1.406268660135467030e+01
1.618238150376852502e+01
1.619180725616244132e+01
5.334831744993365987e+00
1.543932646509473727e+01
1.250418619695862787e+01
2.014930354845962057e+01
3.564584867876064322e+00
1.027418443600150511e+01
2.290359003305736252e+01
2.233242368264667732e+01
1.482617183941090389e+01
1.318954427290751141e+01
1.919184615935259330e+01
3.149442844858155155e+01
1.773096642253027255e+01
1.971233642589226065e+01
1.976438693677491187e+01
7.008447076025973388e+00
2.116552819309042377e+01
1.405541589656229462e+01
1.991953545014223437e+01
1.784345843808289089e+01
2.272089465763939842e+01
1.275045078490464334e+01
1.271188299657174525e+01
1.944140730984213405e+01
1.375621458957267862e+01
3.224359309183478217e+01
2.601989375416961536e+01
2.097064375221465582e+01
9.986330428280538740e+00
1.589607830270217903e+01
1.103680146300803244e+01
3.144113208062491083e+01
6.888153783069469682e+00
1.791917013714144957e+01
1.865064009809840684e+01
1.625351716011428493e+01
1.832107853326323266e+01
8.696659818665693820e+00
2.349764700904917447e+01
1.908207765961247304e+01
1.055816797865971068e+01
1.179808760262874046e+01
2.333392759849544973e+01
1.894168241547781406e+01
5.683158306557643868e+00
8.077144430780180073e+00
1.810875542342347444e+01
2.537819235397283535e+01
1.710013740887831091e+01
9.512421492903314402e+00
2.133184847753106794e+01
3.199165421146638266e+01
2.587532962815066639e+01
1.176411828327580622e+01
1.206505076178258662e+01
1.104334404236983858e+01
1.698559528284337006e+01
6.563292553980801358e+00
1.964905189186802659e+01
2.209701285593619957e+01
1.375200810939075780e+01
2.822334454970800266e+00
1.727687194803060322e+01
4.079722162422058318e+00
2.053873123735817785e+01
1.173661261465634453e+01
1.627392916751780660e+01
1.834394508716525962e+01
2.587628730369831942e+01
1.176026327117590142e+01
2.003865983753064484e+01
7.866299109018328295e+00
1.128186023783540293e+01
1.282169213137413522e+01
2.351573750520307726e+01
2.298197213392009530e+01
1.442842517959795146e+01
1.237537593297527394e+01
1.139756638021005131e+01
1.222628772329235858e+01
1.922725210221738479e+01
5.081196449546425242e+00
3.040479607393604056e+01
2.377889904117978404e+01
1.002039298866948513e+01
2.533565084775382559e+01
9.885866526298414669e+00
1.942656520913618579e+01
1.726528066110546433e+01
1.848021993701921417e+01
1.394495790722776007e+01
1.274154359756055044e+01
2.165735773006682763e+01
1.277224713782773335e+01
2.399097370767087511e+01
1.103094142904428310e+01
3.184560844978715011e+01
2.127312922698187947e+01
1.748241869955498373e+01
6.455045796213539688e+00
2.517064040251475632e+01
1.233185012783394541e+00
3.523887821026166023e+01
5.248533708462190361e+00
9.969291378546913052e+00
1.131166389816156936e+01
1.325047877478174030e+01
2.553804045873911122e+01
1.615710145238892892e+01
1.365612816672512508e+01
2.039408272101128716e+01
2.287074603079159374e+01
1.175645394823105505e+01
8.067453113735112424e+00
2.270684872690738132e+01
1.140512941082394605e+01
2.289165546638424331e+01
8.977978933215283064e+00
1.819630014597782974e+01
1.347313339594472836e+01
8.526267813673356954e+00
1.699343720128305790e+01
3.034014426539960141e+01
1.378009214982111530e+01
2.146143206774832635e+01
9.062712417960582911e+00
2.153306994228118754e+01
1.524523513310830936e+01
1.424025690280309675e+01
1.156620951162248900e+01
1.100990768239725526e+00
1.935519496497704495e+01
1.635037769315925971e+01
3.911365459697356073e+01
4.039698111654800528e+00
1.353509526763644999e+01
9.836591901664192505e+00
1.667801473181638983e+01
2.091053424576338671e+01
2.317397797554728811e+01
1.494602983556453069e+01
2.612437838315138094e+01
1.290050503172479068e+01
1.200484704021920379e+01
7.298109548830865378e+00
1.162671693710480270e+01
1.749199700955847447e+01
9.746737125067170382e+00
1.970900314874052839e+01
1.791643975491300012e+01
3.122503965479688759e+01
2.022856652253346965e+01
8.864684075877732994e+00
9.965729951101863549e+00
2.145434235778503762e+01
1.165766598124321263e+01
1.868093833572171292e+01
-4.117899698227773797e-01
1.795630203570226513e+01
9.737649507813145533e+00
3.026188461559074483e+01
1.540551731124033097e+01
8.985201460261905027e+00
1.673121498672090013e+01
8.424750459435429661e+00
2.997856920875355513e+01
1.618294873891495911e+01
2.031999408456371015e+01
1.569011876248090687e+01
1.899938238837756899e+01
1.842941661818585430e+01
3.323218605237265422e+01
-3.482288291311228079e+00
1.413757194919847393e+01
2.282654222407612821e+01
1.478694854523978108e+01
1.106213595089805324e+01
2.167035037701345601e+01
2.161857942839823465e+01
2.022929203675634824e+01
1.417035939613735707e+01
7.584074135583819043e+00
2.703959987709698964e+01
2.327509368360159669e+01
1.609298698956672524e+01
1.121392142399518832e+01
1.152130182063115171e+01
2.898772073560186158e+01
1.397105159776045724e+01
4.056938361556959194e+00
-3.525240147482662678e+00
2.157191816297462594e+01
2.446564717072388362e+01
1.826500432499003779e+01
2.507124172006463425e+01
2.620197338076972216e+01
1.729682002237882443e+01
2.123423988098819848e+01
5.840143148916112636e+00
1.729402286988540283e+01
1.390066286457798128e+01
1.378411429651600884e+01
1.896270990045113081e+01
1.394496440475516863e+01
1.198043302235210206e+01
1.162344868626138350e+01
1.999049599441296010e+01
8.296883186234154550e+00
2.464825306736118193e+01
9.442402139217222157e+00
8.787815574731126844e+00
1.013443673716152205e+01
1.606927898608296346e+01
7.751371130359359540e+00
1.966078706072909199e+01
2.067812241354103264e+01
1.242683808517074340e+01
1.941284513952529522e+01
1.344301810142442832e+01
1.727324619465294120e+01
1.764077060789102092e+01
2.421704750663030836e+01
4.820678018117831698e+00
1.217667955092196053e+01
1.532167632360938114e+01
2.228791360588172665e+01
6.634366332828108170e+00
1.902873767076459188e+01
1.749758069434961527e+01
8.196843781309141264e+00
1.364353547693896473e+01
1.664522287667520573e+01
3.493528262898038861e+00
1.369791815961903581e+01
7.456259385916851556e+00
2.665269989052902133e+00
-3.207239668206270267e+00
1.548134177310978998e+01
1.411189348548589351e+01
9.354214931406445999e+00
2.247618835884921396e+01
1.130483041458855098e+01
1.079549190230339661e+01
1.426934691577758230e+01
1.598415188236879203e+01
1.124674601741145352e+01
1.657495775191647169e+01
4.034536232844800452e+00
1.924435692727510627e+01
1.874881504549239253e+01
1.461899158241678265e+01
8.009746511545458247e+00
1.735668939252495591e+01
3.070116902167312389e+01
2.509511342992438898e+01
1.830607914844566153e+01
1.467576747012540750e+01
1.498004642237724227e+01
1.808457154074066153e+01
1.020818358431378670e+01
7.377147689313687806e+00
9.007719873597807236e+00
2.258512063053396446e+01
2.876136008112328568e+01
2.205288755391950417e+01
2.020717781674271407e+01
2.304294004945104035e+01
1.314729559203658482e+01
1.514290403009465535e+01
1.799530075475441748e+01
1.148276893319246028e+01
1.621090131541831170e+01
2.298235823603768324e+01
2.039145103401637016e+01
1.847418982766696161e+01
1.735580686446256493e+01
1.283708722885627651e+01
1.589396592941551489e+01
9.057227422438728581e+00
5.801832840574419947e+00
1.852303954839553057e+01
1.436928756122959783e+01
3.006882018427184278e+01
2.500537191517831559e+01
2.396398607314849016e+01
6.280558073568180077e+00
2.445266589539227198e+01
1.439762894300932317e+01
1.606717371024417673e+01
1.679031922289961187e+01
1.103817280293397118e+01
1.095832451975330457e+01
2.038433285942398498e+01
1.408122253499348631e+01
3.060628522115615624e+01
1.197464232939162798e+01
2.034455319189265055e+01
1.835889816756848347e+01
8.093084671621085135e+00
2.291972472853807119e+01
1.154922421472201677e+01
1.965146926703891950e+01
1.025933239133944141e+01
1.667320949580488332e+01
1.211822510180282109e+01
1.027259693418636743e+01
3.693549028320305183e+00
2.049874040662918162e+01
1.676555148950349405e+01
1.526283258917727892e+01
1.396991161356265820e+01
9.393021158453791486e+00
1.806130024243060461e+01
2.461646968956105752e+01
2.407426298869037851e+01
2.100093981834815793e+01
1.504893855264531766e+01
2.078234227609355855e+01
1.085984961639101698e+01
1.117896015544545207e+00
9.300693175198190943e+00
6.926321459900862010e+00
1.063301161123705185e+01
1.524049958872269883e+01
1.441847889192264631e+01
2.221732794225847840e+01
1.206549010607541561e+01
1.356281150293554560e+01
1.814030704116164827e+01
2.002393387461812324e+01
1.213159401668688986e+01
1.647499183227292008e+01
1.540279796434529658e+01
2.194583060068718794e+01
1.724604169301359491e+01
1.660659444989479994e+01
1.714816207935777470e+01
6.239619544346297175e+00
1.367475123463488984e+01
2.771732275129226508e+01
6.334492021008756524e+00
1.697736238671642184e+01
2.294246001019962478e+01
9.002989029049672354e+00
3.028449261606948539e+01
2.228333061916543301e+01
1.865039650829833562e+01
7.735164649301651707e+00
1.784973516742836352e+01
1.961319140753971624e+01
2.151013376492527129e+01
1.097763864068487294e+01
7.806193087749932147e+00
1.000442089558029579e+01
8.006585259651330944e+00
3.942215948190720098e+01
1.376728398596100078e+00
1.351844293852268208e+01
2.305136904681674537e+01
1.027941206667904339e+01
3.083383752547841539e+01
2.060355088840795190e+01
1.776223977122116082e+01
2.015641785647085982e+01
2.645407405712188620e+01
1.560416859299161274e+01
1.178990392635870421e+01
1.046840930893606014e+01
1.272714094948639740e+01
1.793942994715499140e+01
1.858052704026315638e+01
1.797201999293368146e+01
6.556319433905670735e+00
1.187520739183406704e+01
1.262791511955245483e+01
1.032686418078019130e+01
1.662897530958105108e+01
1.830207789492733639e+01
3.047718915938055062e+01
1.910722804845240574e+01
2.129562211691771267e+01
1.108795227395108896e+01
5.538337627879741376e+00
1.802326872620157872e+01
1.677349042407040969e+01
2.352298179225883246e+01
1.649220228441490121e+01
2.301068978964390510e+01
1.551220832828049367e+01
1.492834667309452357e+01
2.182754999336783186e+01
1.949705335223418956e+01
1.819211952605129312e+01
3.085375600598264612e+01
1.561562668887607686e+01
1.293638392100824319e+01
1.806615238917945021e+01
1.318915092915376874e+01
1.740509360776522385e+01
6.518887514019112928e+00
1.647149628269468735e+01
2.500301241254803131e+00
3.061226589379518259e+01
2.162682112767132026e+01
1.369244581679186012e+01
8.933027832261203116e+00
1.974982393468008723e+01
2.414575036284037424e+01
1.718169975820741513e+01
1.777570936019609604e+01
1.272569575045935153e+01
1.393921876951122840e+01
9.657697198961912477e+00
1.340588834759427073e+01
3.517811985216951598e+00
2.787178744886728055e+01
9.608351938950931981e-01
1.772629447606585984e+01
1.510483070542616701e+01
2.373873642513091653e+01
1.817706175325446338e+01
1.729604944650036202e+01
8.285567654565610951e+00
1.139915403365040447e+01
1.167595265089973111e+01
1.342344857147575965e+01
1.303773941300639194e+01
3.829752115130403922e+00
2.459724380688534495e+01
1.367982414813661762e+01
1.179116190728045410e+01
1.841360277634386478e+01
1.940998814898713931e+01
3.099903974543735785e+00
1.934324221437645974e+01
9.047386528015650242e+00
5.241724590365890890e+00
3.051690598287082423e+01
1.875688396409521630e+01
1.575823289556844031e+01
7.781310024370796441e+00
2.552002193909012817e+01
9.997932085414575454e+00
7.635425524709233969e-01
1.780559426478839669e+01
2.140373617577970577e+01
9.554320838351529233e+00
1.887885122241348768e+01
1.390229788541881817e+01
1.797577467813984242e+01
2.005455713413351049e+01
-2.137256802953118040e-01
-2.110507803179331177e-01
6.253060476043401650e+00
1.830401137377645426e+01
1.009602172000143128e+01
1.405231981868669777e+01
1.844854182063135539e+01
1.701839027937920434e+01
2.361910548777819940e+01
9.305245811476297035e+00
1.436201180957682766e+01
2.923156371198680858e+01
1.889386959275209676e+01
1.433517866705162191e+01
1.614686819977592336e+01
2.993479356732420626e+01
1.510083409216515804e+01
1.807083087679994549e+01
1.604023071440511217e+01
5.188370835492520428e+00
1.941576639423597328e+01
1.094968087867525242e+01
2.184625678614294486e+01
4.605128557431712011e+00
1.451866861423100374e+01
2.416077754405897338e+01
2.908100531220046037e+01
9.884616759063476366e+00
5.037285698938092082e+00
2.970700371312801735e+00
1.853825766393168806e+01
1.637940754155862066e+01
1.070884112500181118e+01
1.619631000718239022e+01
1.756047555839887764e+01
1.422718340374416357e+01
2.842849484145030203e+01
1.923723723741166935e+01
1.861756860108671674e+01
2.227357050423174201e+01
1.623310931722986084e+01
2.362747108234022164e+01
8.293407199746326341e+00
2.598015624807879931e+01
1.401004782905565804e+01
1.735677089067058887e+01
2.036086479852893660e+01
2.400122385069720110e+01
5.175243850361184172e+00
1.522198083353441689e+01
1.766291547039190846e+01
1.828256703372788650e+01
2.240501038171710491e+01
1.210731690910209579e+01
1.489535885657529235e+01
9.901901849350210227e+00
1.589091266296756544e+01
9.161415724757773660e+00
1.397559260824799310e+01
2.290421325693283450e+01
1.290567569967296890e+01
1.598111923472369256e+01
1.567839615105555140e+01
1.981677746624092151e+01
2.228328892301115616e+01
1.432815650906764660e+01
1.743076526119713776e+01
-1.247240884691791507e-02
2.377736103653437993e+01
1.042690541812642380e+01
1.224199960374355101e+01
2.432268918998327933e+01
1.538541202425729182e+01
1.657852046616608277e+01
3.072987863215763582e+01
9.843299418064006545e+00
1.453470973044319692e+01
9.944269070801851740e+00
1.702485940328495673e+01
1.366473994524449154e+01
1.344771917329515531e+01
2.574429390887149793e+01
1.414803562031269735e+01
1.632586466748742282e+01
2.076809908011622952e+01
8.395661575992690473e+00
1.087789025813532362e+01
1.118674745788077018e+01
6.905415525090717210e+00
1.329335937398390399e+01
2.339531135065956846e+01
1.399863974474463646e+01
2.400868483724822511e+01
7.128321608059373204e+00
1.560035033840773622e+01
1.725186317910899447e+01
2.083412624623178999e+01
1.791943720414129615e+01
2.602331318127949089e+01
1.216984335242153747e+01
4.424790077139675759e+00
1.993758776179849690e+01
8.853943775012837136e+00
6.671946642660259386e+00
1.297689872089486585e+01
1.956186617858220700e+01
1.239205340924280563e+01
6.108586887823406641e+00
1.675773062418861059e+01
2.796402287035646594e+01
2.498646761019882945e+01
2.052067193662733757e+01
1.145630950045740803e+01
1.451517854370596439e+01
1.826713860372084497e+01
1.496361818741542038e+01
1.775991312469024308e+01
1.997563516961358232e+01
1.296915324901952715e+01
2.568442397758104789e+01
1.446241994722402069e+01
1.469090504776359296e+01
9.878144629799777476e+00
2.064572461933797598e+01
1.004330359444408316e+01
2.451202837921385935e+00
1.946009870886807391e+01
1.011577249842370918e+01
1.895956357166255657e+01
1.518751241933973262e+01
6.980607024670476335e+00
1.112659125875619992e+01
1.114716048207435506e+01
1.052244345875723752e+01
1.524408267663261540e+01
1.602161860794740278e+01
7.564443744331697417e+00
2.044564191632878192e+01
2.852512613244875439e+01
1.384773306652573410e+01
-5.513202398823366934e+00
1.932527641998333934e+01
1.044785260131601490e+01
3.486715639556891233e+00
1.905961162588312163e+01
2.011139133112992283e+01
1.807438910736341597e+01
2.843203590467025776e+01
2.134486981351311385e+01
7.998815321276822488e+00
2.176916749326402822e+01
1.143428927024214659e+01
1.859179784868066321e+01
2.914672551036019854e+00
1.882738650528350632e+01
1.807373100469841631e+01
1.466144450981003899e+01
1.462360853798274718e+01
9.036750311338323627e+00
2.340278042360587563e+01
8.860650333283871305e+00
8.003391823058848331e+00
1.116525256032005586e+01
1.659095782513422535e+01
1.342278878544415477e+01
1.718236452172872930e+01
-1.412478089924191238e+01
2.789122777234000239e+01
1.201262974838169839e+01
1.977602662409728396e+01
9.908156171065357398e+00
1.694752691516314513e+01
1.242543236821474295e+01
1.232631367113405929e+01
1.533400872981358987e+01
2.156902338281363996e+01
1.307205736142039143e+01
8.861464853537967201e+00
1.183821763529341808e+01
1.476815468268773657e+01
9.788469197347744455e+00
-8.470093268019539323e+00
1.826315446882098570e+01
2.586422746915447135e+01
9.342158590649304983e+00
1.687029459305860257e+01
8.904381583636308051e+00
1.454961557388547533e+01
1.949617957524338863e-01
2.927846176244402443e+01
1.138971843883071244e+01
2.164116593035012670e+01
2.881673093440099365e+00
1.134045064966898053e+00
1.655888066715027662e+01
1.090163444483788169e+01
1.635589239386686700e+01
7.813037612016699995e+00
1.041556628359499825e+01
1.391021284620040888e+01
1.366057617303678740e+01
-4.273529177922057443e-01
1.588379154440875141e+01
1.980224099286274964e+01
1.674679800398946838e+01
1.763527632612948537e+01
3.020522532557492923e+00
1.836888871230692644e+01
1.745404126615353846e+01
2.257890116770161626e+01
1.346777718597053308e+01
3.355745918852417731e+01
1.556832933068078972e+01
1.373456700694369914e+01
1.045925817292092574e+01
9.526031319743040626e+00
-8.756879701953209860e+00
6.906453481703735520e+00
2.579966887342967397e+01
1.167657909109583159e+01
2.016876000917012846e+01
9.913241741985700628e+00
7.166152006305381406e+00
2.459338155571234097e+01
1.074414261235614276e+01
1.949384477235403779e+01
1.325207050735669156e+01
5.907501970034545025e+00
9.876846544128994765e+00
2.841566743435011944e+01
3.011707314995648233e+01
1.455350483819812268e+01
2.485716126604876308e+01
2.308451838989461180e+01
2.297018171805405018e+00
2.659836288306641450e+01
2.038032144999989725e+01
1.535351320496249627e+01
8.833034783756801289e+00
1.377497342117517576e+01
1.149675837910395160e+01
1.976740037181665599e+01
5.266640881038213706e+00
2.245236162633613475e+01
4.458254533142280707e-01
9.341313592277501243e+00
2.171585878705293737e+01
1.408080439581171106e+01
1.630864355192510118e+01
2.097884426391016177e+01
2.554314810280258996e+01
4.976816435187487286e+00
2.002379733312565691e+00
1.832433487965960239e+01
1.831209665956367161e+01
1.375053686048205748e+01
1.619476306092512630e+01
2.541379024613674176e+01
5.691895287428508254e+00
1.590342887189726895e+01
2.222097352095495637e+01
1.489722494364421834e+01
1.956289261398430313e+01
1.135922630155887703e+01
2.483568633704653905e+01
1.523640159116744996e+01
1.694865516231209313e+01
1.333816941920331800e+01
2.612918368160908500e+01
2.661667840115145367e+01
1.931933623173202363e+01
6.632100982879563844e+00
1.213125761739593145e+01
2.159554618515171853e+01
1.884691801470260231e+01
1.475949010367405378e+01
3.535071077294269060e+01
1.602358367290747765e+00
3.163164060017642498e+01
2.135613949083143837e+01
2.906268966165768575e+01
2.018802105600637020e+01
1.846315222039670090e+01
1.564580029284563523e+01
2.168033047706875038e+01
1.860483312227115249e+01
1.766053511112431806e+01
4.725571724168915466e+00
1.820587067167448936e+01
1.700664836108560252e+01
8.585483282748597844e+00
1.832263526411870913e+01
2.422965379248945794e+01
3.205713902544815141e+00
1.323889387757633074e+01
2.307529192983507471e+01
1.778477701519030774e+01
2.189986976396689045e+01
2.100682146276118090e+01
2.024027550487167559e+01
4.887427294136642786e+00
6.089080464471820164e+00
1.224675198995045378e+01
9.817228160652035740e+00
2.055460852231693991e+01
1.229602521979188623e+01
1.900157827482786388e+01
-7.079221946414264721e-01
1.985768314202212537e+01
1.489026412055936532e+01
9.065923528980206925e+00
1.536472233378509600e+01
9.488793419938374996e+00
1.793932394077541659e+01
1.321730488555547822e+01
1.891795775668413881e+01
1.536326325489665123e+01
1.658575658743086478e+01
1.093904983349919746e+01
8.879966134373972864e+00
1.386198478331172623e+01
7.369471419247005883e+00
1.601058795849898786e+01
1.713275335203458383e+01
9.914188145834955890e+00
1.638124919470435259e+01
2.156769182822743858e+01
1.474595140401521576e+01
2.067158634934095573e+01
2.041491581891392570e+01
1.251714812936936028e+01
1.803220218009381171e+01
-1.650133508416473660e-01
1.827510228208304000e+01
2.955610886545289873e+01
1.556797784540631824e+01
3.442709577390301945e+01
1.287469170495297988e+01
1.941247476782540105e+01
8.165725250860887741e+00
8.006187016039291393e+00
8.627805624299000442e+00
3.476220268954932635e+01
2.297104474695771614e+01
2.222653564939393078e+01
1.268115005842162191e+01
1.217868667859175957e+01
3.300751854276262520e+01
1.547545694822137818e+01
1.092598295502537553e+01
1.230049842867310161e+01
1.493547819058105119e+01
1.883652060726414135e+01
1.669804490144910858e+01
2.287417150980414249e+01
2.175157055750144508e+01
1.084331046844359037e+01
1.498202847732887477e+01
5.111232665663436592e+00
1.466266664107354245e+01
2.802912187989491599e+00
1.921957850917631561e+01
2.073296865334257433e+01
2.567659538721547108e+01
1.764494767846269951e+01
1.643684629414187270e+01
2.071567705041003649e+01
6.080532323975475606e+00
1.190589808005154282e+01
1.667982231875015486e+01
1.333622950903431104e+01
1.994488118635316454e+01
1.474431842820710870e+01
1.566379125042249143e+01
1.081082730826643967e+01
2.381947117892997312e+01
2.445899290163163187e+01
1.903661406549132096e+01
1.494388606443250467e+01
1.804812208207265201e+01
8.086430017919425950e+00
1.150916739954377022e+01
2.264307038908757619e+01
2.039906719998669615e+01
6.533060139227444552e+00
1.919847049636967995e+01
1.141356412778817742e+01
2.528788218926235487e+01
8.874961488847191049e+00
2.744815314234519121e+01
1.329198876916771610e+01
2.060690084324919269e+01
1.766420185642181195e+01
1.071820489511516428e+01
7.022709015990045600e+00
1.708806291018555612e+01
2.226898666711785779e+01
1.663008965047895771e+01
1.832300553056446546e+01
1.747277916110971319e+01
1.279222633177462853e+01
8.353510663275699244e+00
1.425817145024743127e+01
9.394281067814752362e+00
2.383288203706399599e+01
4.401052382455858947e+00
1.452572319027540004e+01
8.079183977612913736e+00
4.311817366481633940e+00
1.999049434831303529e+01
3.791493432996128377e+01
1.825532065700532769e+01
3.604530765618051191e+00
2.741436802624290436e+01
1.954522901526485157e+01
2.905307773504846125e+01
1.957940810811297183e+01
1.668672495449758486e+01
1.990390034995533597e+01
3.017009960463072105e+01
9.271206647456907035e+00
2.214529678686835723e+01
2.775054252107599950e+01
2.362293104530208154e+01
1.837775795102443510e+01
9.029824157257365869e+00
1.518149350573633427e+01
1.448801907053037041e+01
2.271769144763332804e+01
1.741012756567987196e+01
2.038643594790464419e+01
1.783859581740996703e+01
2.083854037457496133e+01
7.992344842053356047e+00
2.193497021946978265e+01
1.324930706473163866e+01
2.047758880483566202e+01
1.612217596221385918e+01
1.818469328896290449e+01
8.977426330813230493e+00
2.180533075252540698e+01
7.969603627338031515e+00
1.145385806175815446e+01
2.388730059225079572e+01
1.054316006251492865e+01
1.401060906776593384e+01
2.056473608445678281e+01
1.577522305006341696e+01
1.696656815830276344e+01
2.927742054308262709e+01
2.216244989511874763e+01
6.974026129929356443e+00
2.119034989849369310e+01
2.030537177319871489e+01
1.125941847395249340e+01
2.100147999422356548e+01
2.149933983023369422e+01
1.244764998132006895e+01
1.419247099877316032e+01
2.612358734755970602e+01
2.163126104382202897e+01
9.966663487618546924e+00
1.101213790402131565e+01
2.124945612808915740e+01
7.301446052275366583e+00
3.505571875487902389e+00
1.613662348367689958e+01
1.494627928207361123e+01
6.568602561871642820e+00
1.473795691671622876e+01
-5.739702337576630953e-01
1.954935557295604553e+01
1.644825994318550499e+01
7.116186820751991604e+00
8.568987310090719234e+00
2.564100651389357211e+01
2.147914734416744409e+01
2.025995106787780742e+01
1.668293388444153891e+01
2.398749983920130546e+01
1.916915222371395089e+01
7.204797367143328302e+00
1.374008016532244625e+01
2.853052536457236954e+01
1.960449644750002562e+01
2.533455317454350109e+01
1.742605175026470476e+01
1.484864280032691397e+01
1.824387323459352217e+01
1.046519764648001427e+01
1.874139302257948714e+01
1.895665608535379931e+01
2.951698649740367841e+01
9.653654450111574192e+00
1.636976442908250817e+01
1.539639441420480637e+01
1.022718914807485646e+01
2.412810951443812968e+01
1.085235727351899016e+01
1.320173960537889002e+01
1.463442520432052163e+01
2.914001228294004164e+01
1.821596351510372358e+01
1.694571750129870225e+01
7.570884010940375219e-01
2.085568075235535446e+01
1.939817994565416370e+01
2.274175470197266691e+01
7.766891798275992187e+00
1.920859072542955914e+01
2.121964138030900671e+01
1.815230355848191834e+01
2.393117496935471422e+01
1.195313810912318786e+01
1.322124002565783485e+01
1.054365022287781528e+01
2.967385460837108724e+01
1.446828026300808290e+01
1.758946415240168903e+01
5.310359596579743879e+00
2.571176041026025416e+01
1.612345550566825381e+01
9.848181284564745397e+00
2.942571202138668696e+01
4.434872217074669720e+00
1.577280536576981262e+01
1.338247562803377377e+01
2.360257002538891413e+01
1.658913660684804370e+01
9.546385723151743719e+00
2.036750449088073367e+01
1.724538778623235658e+01
4.485193102983103586e+00
-4.675053915126028414e+00
1.151114772612244508e+01
9.228684045038868078e+00
8.935959037224193935e+00
1.756169887574576194e+01
2.032598204318557578e+01
1.525075384930089228e+01
2.670996252657035086e+01
1.833336867780832335e+01
1.394657539553897152e+01
1.208121181074321271e+01
1.545274018453079634e+01
8.959451038276512236e+00
2.220228872649688157e+01
1.156195564625073757e+01
2.253485113410887664e+01
2.533985472319621124e+01
6.803696208254237376e+00
1.397870582853124688e+01
1.506892082691626911e+01
1.674521244812463294e+01
2.680976814121618190e+01
1.140686972789495712e+00
2.792621768184292819e+01
2.192696518666392080e+01
3.684910866868918333e+00
1.034837623744108726e+01
2.305718911437416097e+01
2.010068198478599300e+01
1.966696813815991618e+01
1.192382787782538855e+01
1.668114335325087438e+01
8.580435526785166189e+00
2.156664201238351097e+01
1.688506607902505863e+01
3.027668666063851077e+01
1.231345574960099043e+01
1.268499724790504501e+01
1.831969947109638497e+01
2.689692021696758673e+01
1.256741054807478974e+01
1.147142880420391009e+01
2.972750357088949613e+01
8.687254317818471350e+00
1.960170697555345498e+01
1.990437444932754829e+01
1.480422710704948486e+01
2.829962812970465791e+01
2.433751579533789311e+01
1.762276873195901317e+01
1.954664919308092408e+01
1.343572334109595090e+01
1.172820313268150016e+01
2.465821981658311302e+01
2.754365467761758168e+01
2.038733273500255905e+01
8.096277798935190617e+00
6.977920912330347392e+00
1.205739341844719092e+01
1.135395931089053079e+01
2.128806284495868084e+01
1.353877526566579093e+01
4.437650179618600532e+00
1.761206365961483300e+01
9.831277921980998258e+00
2.184851093731052174e+01
1.006990546918166274e+01
1.889477941002159866e+01
6.305225686376161320e+00
2.396431043072293221e+01
1.672461158515501722e+01
2.124541759192997858e+01
8.857985495253245745e+00
3.276092974271391256e+01
-8.012717196896801397e-01
2.388368491543924677e+01
1.115231461033314986e+01
1.181829652174147327e+01
1.085441812360521396e+01
7.201932489723120057e+00
1.232386035566705118e+00
1.367835969992934508e+01
2.733090345489510753e+01
1.418926083540578986e+01
2.293893439054802741e+01
1.610858136141072805e+01
2.456813979217066901e+01
1.768014117896248649e+01
1.598981519706407539e+01
1.919404717517303283e+01
9.689406041471002595e+00
2.786834785607767628e+01
1.220603070677348967e+01
-9.151589574685942807e+00
1.641368813246720038e+01
2.064612480432519703e+01
1.073880423274830775e+01
2.183301269924412225e+01
1.719740879806271749e+01
9.960426276991412919e+00
2.254278091838469322e+01
1.854142023634423708e+01
2.455688801803536592e+01
2.465452973895172306e+01
7.664511077714180942e+00
1.147851911862031216e+01
2.640975360575241382e+01
1.155194458085617271e+00
1.787198475613620019e+01
1.362032874013212336e+01
2.368841150912592752e+01
2.054574189518251615e+01
1.773900730551888216e+01
1.648238982762057248e+01
7.522127815044370891e+00
2.096554659977503832e+01
1.450232456673013814e+01
1.451707791919388058e+01
2.085540309198135844e+01
1.209428568112586078e+01
7.611543745883892598e+00
2.761866178463930055e+01
1.229179882573130556e+01
1.020136985554972853e+01
1.299308427152683976e+01
3.107895618472309707e+01
2.447953952640247621e+00
7.482580341394118761e+00
1.833222718789726002e+01
1.643817647708996788e+01
1.459689315637274376e+01
2.293826362282621290e+01
2.153498746722818424e+01
2.351007993816375574e+01
1.885127125857065522e+01
1.096517155533089749e+01
8.585313004747675336e+00
9.985897815645785158e+00
7.171102408054665034e+00
2.462720481702980635e+01
9.379569524466546682e-02
2.502612801437847168e+01
2.666247992970717462e+01
9.830633550832942547e+00
2.854447606055933306e+01
1.348387680164948677e+01
1.272721504392859515e+01
2.731596642669367725e+01
1.584531694495106535e+01
1.413419608006699946e+01
1.145232755047015871e+01
3.532972949083344361e+00
1.877118622155064998e+01
1.486937230894980644e+01
2.135594849642095028e+01
-1.264627086942127221e+00
2.922641929844772335e+01
1.075237127707145390e+01
2.068600233806890998e+01
1.641392974987115849e+01
1.106724437090682045e+01
2.578428811445156299e+01
1.180844963929047964e+01
1.907194874548464725e+01
1.264159506054400595e+01
1.399795171663575388e+01
9.352932565947156718e+00
1.707567694111548917e+01
1.493449996673585645e+01
1.030060084313223001e+01
1.950723942685846168e+01
1.401686061985441256e+01
9.490335038414201563e+00
2.326282222703713387e+01
2.025432956121386496e+01
1.508150639226039402e+01
8.844582853066299322e+00
1.953735405692530946e+01
2.066101771396697018e+01
1.275438218691658676e+01
9.525161935345124675e+00
1.689509058446662948e+01
2.207261549877321727e+01
4.045040018985403663e+00
1.622014337810007589e+01
1.740246321622876735e+01
8.574982415697277816e+00
2.220638421552079222e+01
1.808784337212548365e+01
2.252717958738342929e+01
1.322903286908616849e+01
2.174154958580177777e+01
2.071487013203312699e+01
1.974439236617764948e+01
2.575377098131862397e+01
9.376504396644506301e+00
1.551333511463765547e+01
2.816588479824574165e+00
2.222578191235547962e+01
1.175310559639360974e+01
7.602983580425473065e+00
2.083277805621904122e+01
1.299310447022593706e+01
3.000226945397753298e+01
1.872556853683073541e+01
2.582540883143633437e+01
1.562075436663705830e+01
1.457110611302716308e+01
1.863295142125868153e+01
2.281828989212684178e+01
7.771081880935270192e+00
1.434257240152632562e+01
1.652443698422270302e+01
-3.887399343675483010e+00
1.694814597028003078e+01
2.445436429455221372e+01
1.647999794984069410e+01
2.762470486526780178e+00
9.986545052826258484e+00
1.453566498009890040e+01
1.352924842789096260e+01
1.376369399158598128e+01
3.378727556521458553e+01
1.782135221833627270e+01
1.631676677787360319e+01
2.245440356617118027e+01
9.451913079792461758e+00
1.422532025004818479e+01
6.559034147926226410e+00
2.654363721215047178e+01
2.327204095124778860e+01
2.738849051910078458e+01
3.613658258188308992e+00
3.123844244112723345e+01
2.954881182123089900e+01
1.582865212451277159e+01
1.797474156560913627e+01
1.053552077425239020e+01
1.542061103848463688e+01
2.759487955868308973e+00
1.098344224172211625e+01
2.673654986353177776e+01
1.576915451201467988e+01
1.836258525452878132e+01
5.508658920622409028e+00
1.477383613014470143e+01
1.482291553531217687e+01
2.571357600766994267e+01
1.404674940948640938e+01
5.663862929611127583e-01
2.803567576123109717e+01
1.043855492801489504e+01
8.706663571868020313e+00
1.382666303552409204e+01
6.866669215631659995e+00
3.402547695047584853e+01
1.470691795082028364e+01
1.670596245621494091e+01
1.018838009790221122e+01
-8.175274056291783609e-01
2.036397137081778652e+01
1.844735995620600733e+01
1.823888792472830289e+01
2.678494050439887531e+01
9.492798171677890195e+00
2.021298110849843965e+01
1.842435955147720961e+01
2.075297092535922161e+01
1.216246169016892509e+01
1.621398934166580830e+01
5.075814385268486717e+00
2.063819498602940428e+01
1.061326545341913175e+00
2.781762100928811776e+01
1.390370691900886868e+01
1.389033985284309836e+01
9.985707961155483758e+00
1.038409006635811238e+01
2.455824351109613701e+01
9.763359746672705342e+00
1.937817121176551183e+01
1.352841217930546236e+01
5.368389395196402347e+00
1.682353248958756353e+01
1.930840293413481845e+01
1.797783481140630357e+01
5.119101828918644514e+00
7.194941823374648493e+00
1.386875616076503093e+01
3.689127459280062737e+01
2.233937705880673263e+01
1.399875611359044569e+01
1.625968683944984150e+01
1.416880109666172416e+01
2.107821421416120700e+01
1.433302868055248780e+01
1.215495463214988092e+01
2.459290214383577222e+01
1.211502785560460893e+01
1.389472851268843101e+01
2.655629910675111205e+01
2.332879761197745694e+01
2.768402807843778390e+01
2.215728256945197217e+01
1.300817407435810935e+01
1.339468893729399213e+01
1.314559135976547566e+01
2.000493584966738325e+01
1.074604936370472785e+01
1.733170044560392142e+01
2.193018389790391609e+01
1.532000542843920243e+01
1.694739246428241586e+01
2.063182955068611335e+01
9.143860736434703540e+00
8.451885329529744695e+00
1.538635731849745980e+01
2.732598600015937507e+01
1.694056361356986429e+01
1.972969432020673253e+01
1.965931470630177813e+01
1.242539138674577259e+01
1.839409978291751457e+01
9.997092635069421362e+00
3.328806636621861514e+01
1.826421912569320227e+01
1.672953856284570406e+01
2.244176887409516041e+01
1.152062935245737663e+01
3.241601098558743388e+01
1.441367725897809748e+01
3.313804491505178618e+01
4.309085555775922671e+00
1.978930127610355783e+01
2.005171257794189899e+01
1.857197576426956687e+01
1.096343670498445988e+01
3.579990797502517808e+01
2.198182045091331815e+01
1.496753080266484659e+01
1.213919816820398978e+01
1.889817391147168735e+01
1.224874086762979175e+01
1.386881426307864018e+01
2.374409578245185770e+01
3.760847063887013064e+00
1.675339962130730953e+01
2.167266310155966380e+01
8.546061022595893064e+00
1.737948603302690742e+01
3.200710998227573612e+01
2.105718880258855563e+01
1.484290001812745174e+01
2.155599250945157053e+01
1.065298863058901446e+01
1.830305775660061585e+01
2.269783171138909950e+01
1.493671323920023042e+01
2.514250029604252035e+01
1.569312181963161379e+01
1.316745304067339362e+01
1.752065821480601926e+01
1.595423867520366912e+01
1.559705991230660516e+01
2.107454538174600600e+01
2.265139857921646183e+01
1.978666324470285787e+01
5.488272597910793138e+00
2.490681340042323200e+01
1.955094303732579419e+00
9.397496153355547222e+00
9.943317777603340346e+00
8.675658235924174733e+00
4.798470596015405931e+00
7.326408075215951499e+00
2.437969620167935147e+01
1.947105039599911436e+01
1.271632672241321416e+01
1.975914537439251006e+01
1.957979927499559381e+01
1.573833034659480745e+01
3.002339595808135186e+01
1.726179588125035025e+01
2.427183556918639340e+01
2.463780995182149525e+01
9.165546298169189754e+00
2.206242967604127614e+01
1.766927681525443461e+01
2.527109093694308228e+01
2.609483924103303565e+01
1.651324767633071389e+01
1.852248597965571264e+01
2.094568970351862447e+01
1.655618425988477327e+01
1.428211747617783800e+01
2.180450769338203543e+01
1.030200285880306410e+01
1.302700805088326774e+01
8.910601946660520412e+00
1.007809306326375065e+01
2.488241785553964291e+01
2.155815597627483982e+01
9.381796379602562297e+00
1.152868533925364147e+01
1.346761430891162092e+01
2.408274671190758909e+01
1.477606058527977950e+01
1.439449713307510592e+01
8.458168211295472361e+00
2.672474180188596904e+01
6.459282846499363018e+00
1.993671052655936649e+01
2.277036934551244229e+01
7.899903844389967844e+00
2.038872650146191745e+01
3.368178395219194954e+01
3.741816572482292713e+00
7.667651972653459325e+00
1.354444397381394083e+01
2.430130674867548635e+01
3.154881873486934296e+01
6.135621382424247372e+00
1.902265679186304226e+01
5.747103266964131763e+00
1.847773661509609155e+01
5.628090871663772532e+00
1.580640732066621013e+01
2.610272715238225771e+01
1.617674818712700358e+01
3.615687070395105707e+01
1.895861255207501017e+01
1.875104248933091355e+01
1.225818843578691997e+01
1.574378015916398965e+01
1.375623934727474307e+01
1.692516356420048851e+01
2.247832285616946990e+01
1.627649482550080506e+01
4.376437122206667141e+00
9.998314828066739324e+00
8.168886241037384366e+00
2.786557767637815886e+01
4.304916244217821486e+00
1.269295673629665089e+01
2.576118708616897379e+01
1.445809777939398089e+01
1.025098389774318264e+01
1.392991192168003067e+01
1.907120678711114437e+01
1.951159392417793015e+01
5.492886831880511522e+00
5.193819802232397365e+00
5.480420866353568954e+00
1.661053505270650987e+01
2.132787646017869321e+01
1.845008268377781491e+01
1.096385905143297634e+01
1.989531407790224193e+01
1.634038693513815588e+01
1.877909348427475322e+01
1.823454381468027918e+01
2.414225026260262297e+01
1.550700608420066828e+01
1.644918691427209012e+01
2.032088016077209858e+01
1.102561318020909198e+01
2.601910444181289250e+01
1.477558298203935294e+01
1.175861078637100832e+01
4.022156997711974213e+00
8.785969254916835780e+00
1.460543004909770559e+01
1.983959543491047839e+01
1.188877298446010400e+01
1.250499636475704790e+01
1.828449827357867008e+01
1.148516615294597898e+01
1.683669844319919662e+01
1.605831600506429879e+01
1.902488777282148646e+01
2.820291126414779370e+01
8.836553135709138473e+00
2.429725750413648200e+01
2.005120447714026000e+01
1.679753996597315080e+01
1.064306120708336323e+01
7.897105956589058451e+00
2.103510923947838762e+01
1.454014779592199602e+01
2.529138066106022364e+01
2.865050677592910233e+01
1.733325435205696863e+01
1.025437738692262712e+01
1.766976966910959135e+01
1.024262651869454999e+01
1.635137347261380114e+01
2.584354851149083743e+01
8.046467275251160345e+00
1.288066200310257159e+01
1.410813297644681086e+01
1.834483385528222499e+01
1.687550549390432764e+01
2.273477978008153855e+01
1.404713781921986993e+01
1.213022019188360900e+01
3.460715991548359227e+01
2.872842712674142263e+00
1.885663340028851565e+01
1.249901467049483017e+01
2.150476240237225056e+01
2.840105978368297457e+01
9.534709878415156936e+00
1.159153101718727896e+01
1.210691570255738725e+01
1.047689740272555525e+01
1.149566202937211301e+01
5.724110340697947663e+00
1.777689513383606368e+01
2.584777598356275519e+01
1.488401942990554261e+01
-5.497460503525104514e-01
1.235511221792343406e+01
1.621287061294900411e+01
1.734659369079801650e+01
1.964033518244320931e+00
2.549016515091564372e+01
1.108988961849331645e+01
1.695296347758645084e+01
1.436251424211953065e+01
9.575029798391099689e+00
2.246982720337211958e+01
-5.159896201406567684e+00
1.460203112123497249e+01
9.219479827246800596e+00
7.375611260166266447e+00
2.838758288913055594e+01
2.543499526851993409e+01
2.398777208313749298e+01
1.362914178411038080e+01
1.397446848005205311e+01
2.322085265853637281e+01
2.122267283702809237e+01
-4.765637397122105767e+00
1.925464979464023685e+01
3.496344525396555980e+01
1.953225306066638467e+01
5.222592317711942655e+00
2.081973209365357746e+01
2.190653853301287768e+01
1.721776962515033915e+01
2.157124393427522335e+01
3.323085575550000215e+01
1.408024144080170004e+01
1.274045083535783363e+01
1.452445570034493016e+01
2.132312063148272330e+01
1.995765850765907601e+01
6.507737200739384775e+00
3.269778725224065852e+01
1.601658806711056826e+01
1.475521587263669687e+01
7.249225541222017455e-01
1.584819151773537271e+01
1.774882852942516820e+01
1.617929848119697311e+01
1.465333281814160671e+01
6.930666016592525125e+00
2.397501271495094954e+01
2.506193262002702937e+01
2.793901814199180933e+01
2.814886478402193859e+01
1.241983532746743180e+01
9.434299770668928886e+00
1.699799302656792577e+01
2.679238517345999782e+01
3.450836760070529863e+00
1.473526052019387578e+01
1.304942075054073314e+01
2.957606739683791375e+01
1.615410308159533770e+01
1.181150626698541828e+01
-7.026229040194323261e+00
2.389043508722576803e+01
2.139904237691457922e+01
1.995122640996292773e+01
2.064616876989688876e+01
2.425818486904498172e+01
1.660923424490657396e+01
1.351956698481595254e+01
1.334070145317228651e+01
9.890343316682063346e+00
2.118624280083136568e+01
1.706802675551980997e+01
1.921423634040593242e+01
1.281021531000048697e+01
6.394797419405762184e+00
2.098293458954243818e+01
1.231116944409420455e+01
1.338775276675779935e+01
2.389380253834456624e+01
1.930880316400542540e+01
1.570611424437433357e+01
2.490733300974493147e+01
2.832824222189319130e+01
1.351595082678944948e+01
1.001534686451655887e+01
1.738908862345558504e+01
1.366353433606425938e+01
2.388014219106874236e+01
1.967451569863477800e+01
1.207498850579278837e+01
1.213128574511871705e+01
4.412458600080512383e+00
2.027514402567740603e+01
9.652590476373916317e+00
1.613334003927990068e+01
1.957671128777319325e+01
6.355843656342543113e+00
1.767838117372656370e+01
7.207573283059673486e+00
2.577682997238071039e+01
2.604025306723772815e+01
1.511900265384137754e+01
2.386562342189711217e+01
1.352818900869672802e+01
1.256373104312646660e+01
2.355725676050656148e+01
9.170317435177267384e+00
4.252167868841681297e+00
2.143559367123816628e+01
2.329711312178278604e+01
1.190509215317010927e+01
1.694708047131244655e+01
7.321492802801856215e+00
1.468312796065016812e+01
1.139912670193120903e+01
1.604501202160547280e+01
7.846287664770486003e+00
9.768505076640096263e+00
2.144642206292893150e+01
1.527270586708503686e+01
5.691453964489426198e+00
2.484957072274358580e+01
1.487044828651067974e+01
4.961593782559589272e+00
1.476144296848053727e+01
6.885396076364301621e+00
2.032917393170615128e+01
1.659281544302601219e+01
2.286578307086496409e+01
1.372375640197103053e+01
3.213055884994557232e+01
2.264766774421700291e+01
1.281917034973201908e+01
2.120901890937855683e+01
4.226794397287079619e+00
1.393795173589994363e+01
1.529648238666050020e+01
1.283767388304060830e+01
1.213591352754478692e+01
2.197662055208640197e+01
1.193995194571958507e+01
2.249638999613021184e+01
2.734152698884902577e+01
1.949305176586021560e+01
1.278343079527533632e+01
1.754675365492467165e+01
2.536115677062192475e+01
1.685390284899407476e+01
1.972195967005184514e+01
5.666533494036357865e+00
1.966193186904051515e+01
1.253507738630091239e+00
2.026193163789999829e+01
2.405264633473690594e+01
1.683810636027872931e+01
1.158800022586142120e+01
1.474597522830340779e+01
2.189236188735613098e+01
2.008768593650914625e+01
2.218566108075442145e+01
3.679922806349124897e+01
1.875509573114189266e+01
1.575402150776589849e+01
1.286434016506993316e+01
1.766152231415935603e+01
9.335712858254694879e+00
3.125212969339641234e+01
1.213919962517925910e+01
1.079800049296862596e+01
2.371528532731859684e+01
9.945143697387791804e+00
1.630723461288026499e+01
8.504530230292857595e+00
1.039511606660231280e+01
1.113663872617009076e+01
1.955182106401079523e+01
1.165932558858324342e+01
2.078634813715460439e+01
7.321995057735705359e+00
2.076458397867875760e+01
-4.462190326897115256e-01
2.735627635543143299e+01
3.512349026899755700e+01
1.129639481600470674e+01
2.149199319934034236e+01
1.846867533353410806e+01
1.380794781717061426e+01
2.568392494711278573e+01
1.545498464977553965e+01
1.513382917976257147e+01
2.838741596225361263e+00
2.591283610716281061e+01
1.996762129071176162e+01
1.695535453087278910e+01
1.561358364952891975e+01
1.374822516706943532e+01
2.138476655896754153e+01
1.515041037881955788e+01
9.516539414457156454e+00
1.633549684691588766e+01
1.240480558733170824e+01
1.978777283476405557e+01
2.078696923877699021e+01
1.423652398334310476e+01
1.397516310342146539e+01
1.689103235192405350e+01
1.301982247113335234e+01
1.226550374981978564e+01
1.442895873752650004e+01
1.663564426349792313e+01
1.319741411818819188e+01
2.955472014734894515e+01
1.968773935151854459e+01
1.014622630306191553e+01
1.630208035237123454e+01
7.903794712993629901e+00
2.111808515632604610e+01
2.440538506230522131e+01
1.669389346737030877e+01
3.206721783314146990e+01
2.485463064064191485e+01
8.642453335820590610e+00
1.969496963307347670e+01
8.304070164278741117e+00
1.840700768300151680e+01
2.355266739287174005e+01
3.967316458252781786e+00
1.290525743232622347e+01
1.358001709861113682e+01
2.326230039326438259e+01
8.483446377457980248e+00
2.486646164499061484e+01
1.351314316999506104e+01
1.956840550790358435e+01
1.241760906923867935e+01
2.144623230831327731e+01
2.421109138896513002e+01
2.183105453223259929e+01
2.558396893386181148e+01
2.243393002989766671e+01
1.787969595656237232e+01
1.953737783789472360e+01
3.124274060306582612e+01
1.422483532454795352e+01
1.798073993938749027e+01
1.905374355970418776e+01
2.588479470010697270e+01
1.137841830555534273e+01
2.692188532361240050e+01
1.845641575708162918e+01
9.774100225382781559e+00
1.998554308755253572e+01
1.760540921397105762e+01
1.307050957160076621e+01
1.646460927734517554e+01
2.159037659832266343e+01
7.149353725048030128e+00
1.655799567163437302e+01
1.634504565450231439e+01
1.661077077826531934e+01
1.934104383673950167e+01
2.618333851675527058e+01
1.802085952207414721e+01
7.650905655179684572e+00
1.688134564629902457e+01
2.078200039200828542e+01
1.752375503937301460e+00
1.947234843400836724e+01
1.968830117661095613e+01
2.320763692265988709e+01
1.309434075873217296e+01
1.507963144587853321e+01
1.891020801615860591e+01
1.612550204244369922e+01
1.305835223148284285e+01
2.298413850969892280e+01
1.403182002905153070e+01
1.590989888127523955e+01
1.219270495505311658e+01
5.745582567344584390e+00
1.139567968616228200e+01
2.539960743086109574e+01
1.299050390440572755e+01
3.539907621547963856e+01
1.243864408867376881e+01
1.432961729092053105e+01
2.940294177785618501e+01
1.501253882477735146e+01
2.620866602197058626e+01
1.877924979469507605e+01
1.277281321220914379e+01
3.020518660454953164e+01
1.948219495501035681e-01
9.277660335973877181e+00
6.730096155346686260e+00
2.755927406546176428e+01
1.730097416001666488e+01
2.288269746114784198e+01
1.876312815852131166e+01
1.186859434999433915e+01
1.539255350958934798e+01
5.966213494818887852e+00
1.222380151135033088e+01
8.947173988562084901e+00
1.401522673923270190e+01
2.875982896095998598e+01
2.025346559788206946e+01
1.495009690937449420e+01
