4.901301058862579385e-01
4.381265158700822782e-02
1.371098085347370772e-02
3.337615676977405688e-01
2.132143164491047682e-01
9.094902449016861734e-01
7.134077146777683121e-01
1.648601156720846506e+00
1.239711502566585466e+00
9.498210839018961238e-01
4.998016115078917632e-01
3.983579836332216129e-01
1.648617057924343376e-01
1.675313250893488703e-01
4.578562294378343278e-01
3.937464012060958862e-01
6.539605744480601057e-01
3.022315120195642191e-01
2.788953530203556741e-01
4.760234345649799192e-01
3.940053268331428216e-01
2.745612705233155260e-01
4.624457628687844712e-02
6.146611156365500150e-01
3.676315019870064482e-01
2.527373347164180717e-01
4.576475258680213765e-01
1.410089799367794328e+00
2.932710554115691703e-01
2.217378836487917393e-01
2.937674318004153129e-01
5.032424664445606100e-01
1.640797764392441405e+00
4.242546594968116813e-01
8.931004479183163314e-01
6.774849219606624562e-01
7.365173016386337146e-01
4.248549292537142086e-01
6.779809285837158361e-01
9.944815782615922251e-01
6.990251277762127291e-01
4.225529086362780906e-01
1.326319516845888558e-01
1.465976864047935591e+00
7.740689831236285956e-02
2.240640430428000873e-01
1.423470186935974047e+00
1.064096582393582180e+00
6.285659906480152159e-01
9.104773825338480231e-01
3.322296827455868962e-01
6.581918092545797627e-01
1.149960129934118197e-01
8.782259144701846099e-01
1.155346463707537102e-01
5.098983729737213144e-01
5.419725297229371908e-01
1.660290745814998192e-01
6.264590013295672222e-01
2.130490610637831850e-01
1.122993640622236944e+00
6.138011975809471998e-01
1.100528268594564762e+00
7.153971912067794703e-01
1.058342950325466436e+00
4.883558684194803656e-01
5.519629143105745372e-01
4.318212273400401924e-01
2.821125857731031084e-01
5.121028580744541037e-01
2.512119483660841257e-01
2.374348171335123880e-01
6.681278702949023929e-01
3.869337025741002578e-01
5.319150476050251708e-01
3.317426087397121748e-01
3.779745508524628983e-01
6.437461491369274036e-01
2.451577268878644134e-01
3.498836812374764849e-01
4.414889833648013018e-01
9.592825884880604725e-01
4.791425551334965727e-01
1.943719935668921650e-01
6.820301944726854249e-01
2.659597534681347186e-01
5.248181393564004260e-01
6.876491586073441020e-01
7.788925110682817232e-01
7.301895955819086570e-01
9.216710094689359867e-01
4.536591514224813104e-01
6.087255408301421866e-01
7.442123325357470343e-01
7.922405976793772675e-01
4.412315215713780159e-01
6.279551807041432454e-01
4.887460776883258418e-01
7.685825626027210644e-01
1.687176811616641903e-01
1.244710432621436880e+00
7.210314891156617279e-01
2.366771726640968521e-01
1.199862458960445633e+00
3.621174021009168631e-01
1.735282293569682111e+00
1.539857674370558038e-01
2.002886664192247701e-01
4.639254048615925052e-01
1.812897981133213265e-01
1.419574262349786453e-01
2.197614199191152418e-01
1.739945389010857157e+00
3.811071525941334137e-01
6.252296464974828050e-01
3.954397626298425394e-01
6.588964625956048593e-01
8.704888754572815968e-01
4.739670759969807357e-01
7.811940185722919816e-01
3.350392253847103152e-01
4.336806431789756999e-01
4.998809949901414362e-01
2.881824411190865923e-03
6.770997613292096817e-01
6.795127340241359226e-01
1.273313914223338950e+00
2.314822091150170735e-01
1.057425803435265044e+00
5.284385558649381531e-01
1.349133982218211569e+00
9.761597907545945807e-01
5.254460936857818787e-01
8.155869238985826719e-01
5.433099437673324372e-01
5.872802234026953672e-01
9.168749950628380940e-01
8.627373313508588382e-01
1.472472571702480026e-01
4.439985335432269364e-01
5.761512157470083384e-01
1.187418935111742291e-01
7.231427049086299741e-01
5.403911380632812067e-01
8.346137605457911723e-01
5.141945959780963582e-01
5.675958874291755496e-01
2.262800847494565115e+00
2.332656214644228398e-01
4.497186003460253989e-01
4.682633031893783659e-01
8.992093703656954817e-01
1.385669616190710607e-01
3.535575615545871742e-01
4.152419947586642041e-02
4.196145131128724559e-01
1.975922280029095424e-01
1.854686111109715707e-01
6.592518517358604280e-01
1.354935903779616924e+00
3.165379361023196725e-01
4.534733404778367068e-03
2.355315487252840345e-01
5.213398698881024917e-02
3.476300547742759983e-01
1.742748284800468006e-01
8.567057502057651153e-02
4.865844304182279645e-01
4.748451822706523662e-01
4.041799263223257443e-01
1.822591215741225623e+00
2.216618195897193666e-01
4.575391624256590628e-01
4.660941136892975400e-01
3.408799596115926756e-01
1.026350354863996062e+00
6.390289699177319482e-01
3.580062364497775262e-01
9.964730198315903120e-01
8.559984926070842715e-01
8.333306089272872752e-01
1.949906699850753600e-01
5.665908319645266422e-01
8.665194996609668632e-01
6.941587968100357831e-01
9.805935984161407992e-01
2.835730576006458281e-01
6.335337466534343154e-01
5.229971655769590777e-01
1.960520426058345311e-01
7.408495408907641577e-01
7.376186925639039993e-01
3.227397414487481186e-01
7.750921490803669434e-01
8.084996697385938846e-01
9.122028757073458519e-03
1.083409115001487066e+00
7.268472896350790524e-01
4.629201770449576925e-01
6.953024026192177187e-01
1.659765703980092821e+00
1.848851080207713826e+00
1.420232634027569774e-01
9.604365071774417784e-02
2.681775649143631202e-01
1.328163334368904991e+00
7.789900191693167608e-01
1.915883456028235066e-01
6.841588855200971819e-01
6.350034127131750639e-01
5.880593504861076903e-01
5.330350376916069832e-01
6.822776028552547389e-01
7.486757000256474281e-01
5.692738438508829768e-01
7.067055112250678617e-01
6.545022398244532136e-01
9.953336141804387527e-01
1.449975413213689945e+00
6.688862337972280026e-01
8.424655897211712485e-01
1.075165194979676997e+00
8.440412045557981191e-01
8.451675194488553755e-01
5.375724927711730272e-01
6.490571673315768120e-01
1.817537457520848887e-01
5.637445926610269442e-01
3.184737565995511832e-01
9.329642331904418606e-01
1.272526429630758793e+00
4.061926522597359424e-01
7.033772935670091764e-01
7.312533835783946445e-01
1.262969763832645587e+00
3.773001126826209806e-01
1.805070327878219860e-01
4.191538226725750604e-01
5.497868413217141814e-01
1.848536462418452486e-01
2.430231004729439259e-01
2.801097651599280813e-01
2.006194515286192914e-01
9.812956150459329896e-01
7.887261877299177604e-01
1.342659034422146735e+00
5.331671290659645290e-01
3.591724341376308360e-01
3.731660093225213082e-01
5.964485067617465441e-01
8.742195243633409385e-01
5.520173115448973045e-01
1.087830141744995149e+00
6.476969748566673291e-01
5.292451123525350187e-01
4.326734493214139388e-01
2.216787615062869587e-01
4.995980707707691759e-01
8.573882927468180482e-01
1.055093130579319194e+00
2.626536287609532172e-01
6.088796014969235365e-02
5.536931151211978985e-01
2.599201251216485820e-01
2.115893136644861339e-01
6.733022276044341448e-01
1.597501939815529903e-01
2.324910098667938574e-01
3.978350053006328158e-01
6.508833590612981279e-01
2.038770567957976232e-01
6.417365743606310291e-01
3.394569852500471385e-01
4.615322958101975570e-01
6.188866742628715834e-01
4.818954028947121104e-01
8.249144574815752140e-01
1.116367201502725059e+00
2.561040906094098624e+00
1.744193660996093076e+00
1.390666670768250457e+00
7.836619012424951292e-01
8.042473586078648928e-01
5.205941030470280229e-01
5.453892301536347187e-01
3.648801979187038524e-01
5.903260069627469520e-01
3.775589429008174291e-01
5.751232077383784391e-01
5.167069951285195861e-01
5.338436296701940531e-01
3.781444743652691010e-01
7.060098782801772499e-01
1.127454214875432070e+00
1.112770916809383559e+00
4.672831162507283809e-01
6.763569177539369148e-01
2.730784135975914406e-01
9.042705323225108671e-01
2.385916201839818340e-01
9.823499772830083243e-01
8.887961562394691706e-01
6.617334123449831740e-01
7.185218440513257976e-01
8.792264558520779261e-01
1.239653117967927376e-01
6.553076294267929924e-01
6.478968005533185526e-01
1.219418175912221347e-01
6.101970663056469624e-01
8.611554798462159876e-01
7.322965005089204782e-01
7.641639339637724682e-01
5.398698996413711093e-01
2.177383719453529765e-01
2.408409224763046752e-01
6.606990598637838552e-01
4.578103866840380620e-01
1.506745006708204437e+00
5.983887258866410486e-01
1.192469159553154689e+00
6.155461338380420200e-01
5.247346211061559851e-01
1.196554247643283553e+00
3.250601581692276199e-01
1.960046621784124476e-01
3.700666494597303902e-01
4.433637502894364757e-01
7.978170968074310698e-01
5.988101652873371039e-01
4.368031336862214231e-01
1.133523835761394816e+00
5.237028126017363450e-01
3.963574320757191627e-01
5.441078991925903940e-01
6.718649169277632893e-01
1.214726440251699513e+00
3.012197472257268083e-01
7.915504365889866056e-01
3.112353483712400615e-01
3.388538127106853204e-01
1.061330071569392297e+00
8.243651830191320862e-01
4.907521090339678760e-01
6.669792728464596365e-01
4.237034157504211418e-01
7.343307524567934674e-01
1.020887082613070040e+00
1.387078625767856455e+00
9.726956277737597301e-01
8.122024889515117030e-01
1.064926811639970827e+00
1.309713448177102224e+00
1.358151128053879386e-01
5.338836883681150614e-01
5.301219046176102179e-01
6.925746250167607032e-01
4.789397275831174805e-01
2.516910021491801652e-01
1.204282017184970244e-01
4.481064970505583278e-01
7.957852922809467433e-01
3.618045490044450863e-01
7.162657779853884854e-01
6.496913448470066355e-01
4.525953473485809786e-01
2.102410286482009061e-01
1.483135643482910160e-01
2.696032886268605044e-01
9.462702830616077643e-01
7.527446075072384557e-02
5.580947715293251704e-02
5.460908049599387803e-01
1.220822018405939957e+00
2.062014809290333706e-01
6.361841602139661767e-01
1.925864181148081167e-01
4.705965717790907554e-01
1.268037067689227637e+00
7.422545569320189163e-01
3.846883058118548138e-01
6.066980937832379128e-01
7.784386891646517814e-02
1.091623612444615032e+00
7.423227139187934531e-01
8.277904925454896423e-01
5.966144991286292942e-01
5.010052628128018881e-01
1.948864152845610487e-01
4.622952139177182729e-01
2.027492741825455136e-01
2.929743825212367536e-01
1.074637097529910212e-01
6.842286309890363016e-01
4.321686517479412792e-01
5.765731721269141685e-01
3.576620528354907402e-01
1.079670017322608366e+00
4.863676235653853208e-01
3.311070821957194377e-01
1.374771225653005136e+00
8.902735779736474786e-01
4.211092629004468263e-02
1.080858193304368386e+00
7.665208141234789441e-01
4.711276256599566947e-01
1.401676424768809603e+00
6.615604017005328741e-01
1.033289736413066429e+00
8.672710092987259145e-01
2.070595436025489955e-01
4.642514155667119558e-01
2.380557616485883821e-01
3.625155331217549404e-01
9.602346932194549822e-01
2.161983396704855731e-01
4.169243319259892111e-01
3.699910214305869305e-01
4.142737886574068829e-01
3.276568337400929676e-01
7.154492106914348559e-01
9.158606006480491946e-01
7.393335147269137764e-01
3.851296718836018096e-01
1.564730896324934561e-01
9.446714325770679821e-01
3.559925093038521227e-01
1.431990790672549030e-01
1.254517245685250026e+00
1.789971129720366039e-01
1.011476511090009023e+00
6.197020125542194169e-01
8.691022098601417500e-01
2.423507578146321395e-01
4.197074998108273891e-01
3.367863117928692612e-02
3.422231707151791591e-01
4.596805274939689268e-01
6.795788564581535240e-01
5.811731795600725281e-01
1.149633222692528489e-01
3.448543589139433374e-01
2.541855405867691209e-01
1.242145993014369454e+00
7.012110986522890332e-01
6.962878351280892275e-01
1.962871755492607617e+00
6.702286565612035618e-01
1.012764970697584310e+00
7.168445939692290603e-01
8.054499073967237299e-01
1.643459825362400206e+00
2.347033041785796303e+00
2.549893323569825676e-01
2.214464508769418138e-01
4.463637024581154633e-01
9.382901652747772936e-02
5.545505617366885964e-01
1.132449040135018042e-01
5.353760204501571973e-01
5.897738641071712529e-01
1.174566167624199325e-01
8.424225316026279220e-01
5.845580949497756196e-01
8.940773786650000332e-01
9.021465449255738900e-01
5.960944724965250296e-01
8.313898612801744470e-01
5.559919817987349910e-01
6.391784642236222336e-01
3.155302760505273585e-01
2.922458342025529010e-01
6.333083806506520919e-01
4.240203622175656717e-01
2.346562796915485916e-01
1.045872674879078312e+00
1.109847821933899414e+00
1.132841604827519444e-01
4.546021610876886387e-01
1.164932846157682889e+00
2.759586517566234853e-01
1.429627567114994113e-01
3.500166978585589894e-01
5.892802103301678640e-01
2.474042956866778498e-01
7.195450327620903641e-01
3.489033471968271960e-01
9.441762497207683014e-01
2.393065266021275062e-01
1.289631124593847433e+00
8.008496906321983522e-01
7.931012543700201034e-01
2.305895801978388726e-01
4.045612543984034581e-01
9.905219928583103295e-01
2.536278646569213313e-01
3.240521272256606800e-01
5.620568782057302482e-01
3.908015636567701012e-01
9.046592523073294645e-01
5.771390768183801701e-01
5.299265790737880399e-01
5.523961398898841191e-01
4.981633136083260527e-01
9.789229595715281951e-01
5.567221580201714426e-01
6.922439963585383937e-01
3.098907511346975507e-01
7.025555307886703904e-01
1.276928879082842583e+00
2.580086060073076282e-01
1.151215936549659258e+00
5.861551129475908173e-01
1.668162934528452379e-01
1.026412034628178427e+00
6.911741883414017629e-01
4.977744187517274543e-01
2.159110239215007887e+00
1.281629492337534648e+00
1.190326905233492605e+00
8.879266818141541284e-01
5.909505147605683684e-01
5.737725335532504189e-01
4.373927730507305434e-01
1.154136183118485315e+00
9.243315754520659011e-01
4.950549948379958098e-01
6.739773091401530802e-01
3.329851499699185702e-01
5.292561587140536261e-01
6.389340314237511587e-01
6.149343674810907601e-01
2.293085798445671786e-01
4.016566505035013002e-01
4.623348397179691815e-01
7.699128941739971088e-01
1.070018726623678473e+00
9.315269501655725204e-01
2.471526463180429289e-01
6.081092961793865825e-01
5.168647837390512034e-01
6.671640187320669879e-01
1.326937145729271961e-01
9.322749947485710065e-01
3.457150313110274320e-01
5.810965167957073962e-01
6.644221896924932258e-01
1.568780866806460117e-01
2.891824834078375872e-01
2.605143682497574331e-01
6.520193479635723044e-01
9.258971919128750061e-01
9.578005920685618291e-01
1.008219875283493661e+00
1.158410392937703870e+00
7.797269770466189742e-01
8.023613128983725362e-01
5.559863925818634423e-01
1.007603062074717615e+00
1.908056175444284575e-01
1.206022781588698356e+00
2.121422247552945950e-01
8.208854606718208879e-01
4.945285215338482976e-01
2.179872348076172361e+00
2.242605328460891556e+00
4.535833922735909018e-01
1.198515913503732877e+00
7.809104614382267329e-01
2.171297810476008339e-01
7.928444884509397994e-01
5.103666929726159429e-01
8.344746294082796556e-01
3.424455759441477620e-01
5.939317018096620382e-01
8.293534832293403269e-01
9.542520290910851966e-01
2.458060348101013259e-01
4.354775554159199813e-01
6.767590633251753252e-01
3.544813335345753380e-01
3.942723530643049146e-01
6.699380270107504476e-01
4.430803958765936468e-01
3.219827451563198051e-01
2.301503527200196020e-01
7.698817834533281390e-01
2.505351298118557946e+00
3.640757849626664600e-01
3.574373733666115216e-01
3.922455871015621542e-01
7.017524711796653270e-01
1.238722671088064720e-01
3.805093992787536017e-01
5.903334344581970816e-01
5.206006865390326865e-01
2.638945981073984037e-01
8.014994139977986709e-01
3.736583895199243610e-01
8.791644281930640625e-01
1.445898799703797089e+00
5.904562938339849021e-01
3.896781979878174984e-01
8.227591817263746332e-01
3.624102722855066516e-01
4.581243377352630097e-01
4.750370423831049016e-01
4.155449751422847782e-01
1.020551065269427848e+00
4.052584585320371802e-01
5.833760975433950335e-01
4.115010279389061387e-01
6.869651956083883126e-01
8.835105023290695803e-01
1.031249770909541841e+00
1.651591041940722260e+00
4.375996476027633197e-01
6.502349325463946395e-01
4.232436863844543651e-01
7.521432231631585141e-01
7.240337227907166495e-01
8.455528141456205571e-01
1.034582943182284165e+00
7.913911588342367187e-01
4.300499723609266800e-01
3.152166836025120378e-01
1.035406655552097099e+00
2.686640702333589759e-01
1.513330882326336724e+00
6.904997833595156731e-01
3.576027173601442621e-01
9.049351682342422487e-01
6.404759049369362911e-01
6.791950645101973993e-01
8.073762918688858203e-01
7.061768530013659007e-01
4.241871124451568886e-01
5.345562536458507985e-01
6.216415980003818786e-01
6.241332097042732174e-01
1.035389393908386468e+00
7.104256505861772375e-01
1.077648544248193119e+00
3.255856713432678795e-01
5.634282687165196313e-01
2.063663378880561117e-01
4.825621203415221827e-01
1.628343654116427286e-01
7.389495484170093276e-01
6.221732003798362554e-01
4.746130785659687934e-01
4.995092180123926751e-01
2.631137663590812359e-01
5.565836382602966648e-01
9.067902199351022263e-01
1.401510442771647103e-01
7.489428880890378615e-01
5.979312438278524544e-01
9.297494157219001742e-01
4.441976376183470049e-02
5.619103619427557872e-01
9.376907279547694873e-01
1.292468759985790250e+00
1.042437173080044577e+00
1.031053209934906789e+00
3.452191759751287448e-01
5.111752378460691082e-01
2.387791698257021866e-01
9.924239787134510049e-01
6.399573701072225340e-01
5.581884814726576494e-01
3.361466537023847789e-01
3.591848252466091629e-01
6.792527013023049731e-01
4.488345382365818148e-01
4.475059664254508740e-01
2.803551698866803554e-01
5.419988984861209280e-01
2.531844909668022892e-01
6.102133595055575510e-01
3.102632933610649513e-01
2.553422391469983843e-01
5.092297091033474166e-01
5.182403755573847803e-01
3.611970181971124183e-01
4.813543401191016091e-01
7.881365427885895780e-01
7.592535497751703444e-01
7.958646979281163159e-01
8.626604242868534111e-01
4.663724024985412275e-01
5.500995488858460014e-01
6.848494874708958013e-01
6.521928490474503404e-01
6.238645507576845439e-01
7.219210115815487550e-01
1.648984697883810524e+00
6.269029983025623531e-01
7.876566409819333314e-01
3.186089242891951834e-01
9.145110171590986603e-01
7.090567295277899751e-01
1.052234203390397527e+00
4.088141406967068514e-01
5.810730274085614822e-01
1.962369629693844209e+00
2.776706272011281174e-01
1.144876251122308952e+00
2.446960137897395415e-01
5.871095714544003474e-01
3.898738617204376422e-01
3.973819022727422268e-01
1.798340926381237492e-01
3.252062017415975337e-01
9.775816232248232263e-01
2.170980590150818068e-01
8.971720184081489746e-01
2.541568371433817197e-01
1.370335360616733889e+00
7.862545781394183475e-01
7.641945458413481607e-01
8.186883164712355221e-01
1.703639222634231176e-01
3.379389679519791967e-01
1.525735504551795907e-01
9.551344861812137432e-02
8.474196531360538298e-01
5.044069325772683188e-01
1.700895139377263388e-01
3.701617679077096046e-01
7.288788865426951702e-01
4.648082385521295490e-01
3.270871784634914459e-01
3.729304878632687670e-01
5.383716839869806536e-01
4.192167838858553708e-01
2.821509599434907756e+00
1.322021862930962133e+00
7.504952465941056028e-01
4.627891970641974106e-01
3.069291146686300431e-01
6.925651257729934507e-01
1.356360281487023201e-01
5.958153012474072252e-01
1.324602165992859459e-01
4.871238267580471626e-02
4.719516651229759274e-01
2.822475839212254534e-01
7.525896753557307362e-01
3.914992816105040685e-01
6.584987820586536422e-01
1.037124321120481252e+00
7.474465422638125744e-01
4.965441588168704734e-01
5.015020036052221242e-01
4.712776818991904482e-01
6.173520457466171729e-01
8.853966246493962799e-01
6.385408343140809295e-01
4.076505324239496630e-01
2.658567263031447192e-01
1.002840529962288896e+00
5.670661947604291875e-01
4.279603330935753958e-01
1.039600735801613052e+00
4.440718617225459797e-01
6.794018060124136227e-01
3.119688917659418692e+00
7.277765656296222296e-01
7.676055053357949687e-01
5.866152787380513045e-01
3.104400980032044899e-01
3.753363442894596669e-01
1.098796517140711471e+00
3.464825138904346624e-01
5.310271967204444055e-01
4.246501587635326258e-01
9.161941564924928061e-01
6.195744323044091173e-01
3.500409219346907186e-01
5.153070602650322574e-01
1.900471581540278398e+00
9.813087225120280532e-01
9.572220461336559960e-02
2.859174913396873019e-01
3.163683029362781562e-01
3.649065154835926528e-01
2.666771922054420041e-01
3.907112751083064994e-01
6.319372766360557003e-01
5.645323443383565287e-01
1.932786553415085928e-01
7.747107126282346545e-01
5.312805527141648554e-01
1.677402963821132686e-01
4.811278869871064567e-01
6.156468941312157606e-01
7.487626557052537990e-01
2.617288258077763441e-01
5.165045331418829377e-01
2.511688199294300761e-01
2.665190913859890598e-01
2.844037524075433976e-01
3.324980631286664212e-01
2.052734736941131399e-01
3.192585736735267243e-01
4.261983696004523758e-01
2.944991484696152795e-01
8.290454207636214212e-01
2.313598039533834250e+00
1.499698138833012451e-01
7.015505522924986304e-01
3.693107095899375580e-01
8.325554287704490797e-01
4.117515511806270068e-01
4.426253013245198820e-01
5.659499110005601352e-01
2.726405431092009390e-01
7.479390303051185462e-01
8.053006805207901797e-01
6.325645457472338640e-01
4.937318046096425550e-01
5.083604695357343273e-01
1.937396357822700754e-01
7.333000031863906587e-01
4.719301561922376598e-01
1.006443787798551481e+00
1.000865406373185884e+00
9.290063722580322869e-01
2.853294734348056361e-01
5.607861052352671738e-01
4.826567819500067746e-01
7.036288575546566504e-01
1.242981248344324552e+00
3.249285538723947764e-01
1.256212170642912129e+00
5.060339451983701942e-01
8.834731814334903510e-02
2.195303775339568220e-01
5.262197049949391969e-01
7.324245384865895048e-01
2.958213204406152097e-01
5.547070193006216066e-01
9.835019687714900982e-01
8.315621836427546099e-02
1.042104649971885122e+00
2.140085335309160341e-01
1.078408827071299037e+00
6.536906709292440443e-01
7.674739323387287371e-01
1.143406507290404495e+00
4.515191168055192605e-01
6.346399750295975695e-01
2.667230998190401881e-01
5.244874172582777438e-01
7.050860841236645804e-01
7.684011849947837147e-01
3.715421155471066994e-01
7.771565806645579499e-01
9.130789597186423912e-01
2.937556588184929707e-01
8.736352026600884280e-01
4.086002605762231177e-01
6.403366125144484000e-01
3.782451829982387825e-01
4.175286576107932190e-01
7.036191133046558743e-01
3.120460269219671456e-01
7.543293996581408312e-01
4.491027908918933109e-01
4.744828836184253329e-01
7.928166880067929467e-01
6.387146697066728995e-01
3.173399603383581513e-01
9.820737002817784278e-01
2.230110779915865094e-01
9.181509972731448366e-02
2.935688015676755636e-01
7.868361390091789254e-01
7.999304070846574577e-01
1.471639326640732603e+00
1.855094320850711131e+00
1.915454270352289656e+00
1.825801735491358047e+00
5.386750954567203209e-01
5.126588841593457957e-01
3.134132871114067576e-01
7.365969494932762540e-01
1.225655087608281679e+00
8.952015956020104026e-01
4.924366157583408010e-01
9.986004493378131119e-01
4.570383068559033535e-01
1.811671443967371786e+00
1.764699180041026549e+00
1.383849301687875455e+00
2.860721965152831503e-01
5.043549142359419202e-01
4.359401979246722014e-01
7.571205610193587621e-01
3.389286204747663511e-01
4.257637078182883172e-01
1.695764821803050326e+00
2.202235260493857483e-01
5.250774826521901195e-01
3.970062757093159034e-01
7.165669703268175983e-01
5.574269907936365565e-01
1.152186745009031288e+00
4.998143286194763890e-01
4.364922403518962657e-01
7.234181221066167122e-01
3.884626857451020099e-01
5.560016168538385317e-01
7.742767353797268548e-01
2.625034343326992925e-01
3.504225825659230131e-01
9.231516572008532373e-01
1.039360265975768582e+00
1.373114932745516104e-01
5.015121041869261553e-01
9.487320659692716207e-01
1.048476503572314034e+00
1.007902796737310203e+00
4.931783133872678082e-01
3.845612284759682420e-01
5.077908163713394929e-01
3.957250949868121315e-01
4.402840571972098105e-01
5.275177423201096172e-01
6.514290050083361150e-01
8.489082832459839967e-01
4.406667713583727330e-01
6.810454898599862528e-01
2.070689893392154979e-01
6.350769421638257084e-01
9.123031731863235905e-01
8.114327178621308923e-01
3.989587348137495493e-01
1.494546888382332517e+00
5.028336531175356949e-01
1.051867353509499114e+00
5.185235320485910293e-01
4.280143434301920680e-01
1.363483761494551916e-01
1.992669257750614153e-01
5.647290599043264248e-01
3.315471765145334149e-01
3.139526962778397268e-01
8.622300534938119876e-01
4.766790908103936131e-01
8.169936141883256120e-01
1.290525287510594810e+00
5.016366502618891943e-01
6.567431926727252955e-01
3.432323782953374258e-01
6.052253249568867455e-01
9.849808939559075993e-01
5.765597147845551440e-01
1.887131768018077693e-01
6.146576292045987655e-01
1.419306237216114930e+00
2.818941901968698427e-01
4.776435603799180640e-01
1.959469497734982191e-01
6.819628736070036945e-01
6.651513466501222105e-01
6.257160955740986852e-01
1.317038811887576433e+00
5.420653408954154706e-01
5.412868841121455388e-01
6.843765265688859234e-01
6.318167743923914781e-01
7.918359817197000439e-01
7.571929635135794534e-01
6.931330820856350661e-01
2.034663434668539661e-01
3.274410136911825586e-01
1.583490849644025311e-01
2.839005333835027955e-01
2.498464054047992100e+00
1.998159631047041973e+00
9.213970889450765478e-01
8.758749446687426055e-01
2.854961098036151723e-01
5.991655501670799522e-01
4.446829074712355667e-01
7.545495144370014673e-01
6.533942844424761587e-01
2.198727022515024887e-01
1.134321495001281210e+00
1.733866706584827444e+00
1.407969105571887924e+00
3.983246203703305621e-01
2.570981188876195755e-01
4.664950716748729187e-01
1.538723844216762116e+00
2.018514664906418954e-01
1.071590484980461111e-01
3.537937779493726120e-01
4.870607408802030691e-01
2.073880564150474837e-01
1.971346516435090179e-01
6.608601907691622479e-01
3.106231247900390624e-01
8.085981937805906128e-01
3.560840017627009968e-01
1.588328986576958979e+00
4.522985784079646132e-01
1.027890932913718247e+00
8.955633655002269711e-01
5.545846369151015143e-01
6.616093979447718043e-01
1.468396802496035602e-01
4.488649229863600487e-01
1.066151251624970070e-01
2.236249852615184996e-01
5.985588499042988619e-01
7.603439764673506351e-01
7.235160494139936116e-01
3.336900580974522246e-01
5.936083676563845835e-01
7.996712540609705044e-01
5.273602426745573890e-01
6.870129692056989867e-01
5.627433715221517030e-01
6.140596138772749235e-01
5.966702480189005620e-01
9.763867964454701065e-01
1.207617401512570132e-01
5.424391112159072659e-01
8.120524231694233874e-01
4.351969143898989367e-01
7.078347536951715702e-01
2.666509709677975515e-01
1.245538012522228399e+00
1.778928473462718374e-01
1.055798045116096651e+00
1.890402258046245176e+00
1.090313739804643856e+00
7.310109000703534088e-01
3.354832936131588172e-01
6.411435226362824924e-01
3.982180838740507212e-01
5.244728683063492047e-01
6.011470570553557602e-01
6.765332126704062254e-01
5.923322449260105538e-01
5.324993940678328652e-01
4.776190024806630241e-01
4.286933664375822128e-01
5.335464569852487182e-01
5.632247274067135878e-01
9.883737745024225863e-01
2.456825507663489283e-01
1.799082756864545940e-01
5.099333141598890728e-01
7.362280009807077308e-01
3.486024294015632186e-01
1.389341071917184145e+00
2.542695747658322847e-01
5.753959847802843086e-01
4.155189712420288561e-01
7.250607826649179133e-01
9.112971324344246726e-01
9.742867325265081035e-01
6.804887080054410342e-01
9.226335750281434711e-01
1.564328250731034764e+00
6.396115210806248008e-01
6.327832603600570816e-02
4.429338242212566557e-01
5.592194584331317692e-02
3.736704456849658240e-01
1.061169552937162530e+00
6.881439829760326310e-01
8.197104649879481952e-01
7.207642807051591882e-01
1.185553533580688379e+00
9.602640393144702413e-01
6.956916806780771845e-01
7.812012046906446905e-01
9.033933986193184440e-01
7.868465828081725455e-01
8.023772498020723676e-01
3.727538868959037743e-01
1.056106418743917308e+00
1.660194925738372573e+00
7.923877353253427902e-01
5.236339165535787155e-01
3.114552086660634100e-01
7.917814665711422339e-01
5.289445306428908200e-01
6.567543399920570124e-01
5.891968957498076032e-01
4.222168526756304718e-01
6.231567797530664921e-01
7.658616872782918472e-01
1.350621467376343365e-01
3.442364585382378661e-01
3.271999838194159516e-01
5.169698261696105135e-01
1.856890613239785270e-01
3.868237986791375760e-01
9.045671622066372430e-01
3.493287213763332510e-01
8.007557425906765003e-01
5.632856401487632558e-01
6.197091939953455197e-01
6.464916590042931732e-01
1.147206945064919575e-01
6.674181400622536398e-01
1.564087990434064768e+00
9.362758241234702128e-01
7.829398465064494328e-01
4.367351798704255383e-01
4.312250385179131618e-01
7.188706445220512942e-01
9.249282241938218130e-01
5.911873795079847227e-01
4.084471751325685629e-01
1.100451625938505096e+00
6.358266511311115865e-01
5.418936611115181545e-01
2.092203645431794934e-01
5.639013118326295926e-01
1.552096042391808151e-01
4.988707012526724105e-01
3.410970844856942019e-01
3.704350629316990884e-01
4.915333501325692134e-01
6.477236476230538997e-01
4.876848236643356871e-01
1.053725010430597075e+00
7.141544381692608301e-01
1.940988750058587398e+00
8.261901444035262276e-01
7.344782877599758120e-01
5.587532133606655238e-01
1.274554623317563529e+00
3.190415688876510614e-01
7.813288226015997484e-01
5.912281013330110691e-01
3.509286703941897345e-01
7.448840307746771305e-01
1.257636503885833035e+00
6.982373113995476999e-01
7.954850208529810063e-01
5.060829418919075007e-01
3.611234146075439910e-01
8.494125521957326397e-01
4.921603827520936170e-01
2.124981104053310921e-01
5.523609741118230554e-01
2.065567447611380836e-01
1.384306677476398184e-01
8.161780267918096465e-02
5.760367639658889871e-01
3.683770697742942968e-01
6.143143642460854315e-01
2.002210642343852154e+00
1.766492395170115026e+00
7.787968303465052644e-01
3.675953362120216728e-01
1.084226670709300677e+00
5.149211557180363164e-01
2.620021280445476441e-01
1.095205265977746256e+00
6.217241569421072533e-01
8.327339195946111827e-01
2.300847932687859476e-01
3.500204171800231912e-01
9.774995229143658149e-01
1.013388054769267077e+00
3.996577406722133796e-01
3.881682497234043572e-01
7.704836774285247492e-01
6.895567320863853489e-01
1.244169045803249496e+00
4.041471040459794772e-01
1.005444743411997743e+00
1.159553389959285807e+00
1.373060118824387388e-01
1.355329950843847664e+00
3.002005925970612776e-01
7.052015498796944115e-01
1.198646934808171194e+00
5.378201873668085886e-01
7.731415346992489557e-01
3.430807087777755227e-01
5.189770167784287791e-01
1.917538247067970825e-01
4.261888989659092797e-01
2.262354367802153765e-01
9.001696900934749168e-01
7.080608193649158277e-01
1.057162096307049381e+00
1.018114555514181285e+00
3.943001438779926704e-01
8.989228755400151538e-01
8.540083379930125673e-01
2.409498117053791577e-01
7.444418969189062762e-01
1.844312896958540116e-01
3.533051796758324148e-01
2.993842929675388231e-01
3.956561208735358548e-01
2.805513262791485829e-01
4.554685927601908602e-01
2.389302677846270040e-01
3.606953505329900389e-02
4.253293831114948187e-01
1.282712213360953923e-01
8.194787729534144249e-01
4.502907610649343750e-01
7.491086755549180021e-01
4.581943127209461286e-01
3.684653900271748217e-01
5.754678376414351648e-01
4.764088988719412110e-01
2.234996649688678894e-01
3.341852435176266289e-01
2.192028138741250742e-01
5.329615870234495345e-01
1.131644009205081458e+00
9.015872317529837199e-01
7.366884170328378278e-01
1.141768785788430662e+00
3.462008108048479360e-01
2.622636702673925568e-01
6.158693107443724557e-01
5.433334338951625320e-01
2.609806799192986304e-01
6.811978279076825737e-01
2.432438378040953364e-01
5.431570613560293692e-01
7.449621163380951705e-01
2.027499500236879248e-01
1.714181525924675098e-01
2.431733827087417255e-01
4.977385268614416547e-01
2.845412530833343889e-01
1.290349197164480266e+00
1.013424240661621178e+00
6.869241869723679006e-01
4.643313988720951246e-01
4.472766864635140394e-01
7.516313128914730024e-01
7.636795724830109933e-01
5.803173855951418991e-01
6.955959096430535116e-01
2.672678999163892732e-01
9.945082294410156898e-01
1.839884715069376009e+00
8.945690946974901858e-02
6.069998602812338717e-01
1.748197233708307097e-01
1.483060360420369872e-01
3.544853920234268263e-01
3.454821618803630145e-01
1.303831609959244797e-01
4.116884959489642837e-01
3.855703478064019252e-01
2.550924227033537495e+00
1.631323195698936024e+00
3.792794362478220105e-01
7.982433991759386727e-01
3.548006279536594088e-01
1.898924052840855192e-01
1.478627714529889281e-01
2.594493091515552297e-01
1.666574460325636886e-01
6.357993250875572100e-01
4.864053871183685041e-01
6.122340716249664583e-01
6.058899191871326417e-01
2.461444262580601561e-01
2.085114272368607580e+00
1.124383822984206915e+00
5.332443263064086114e-01
2.532406226367842073e-01
5.328561498820872933e-01
1.803738961884169267e-01
1.435634867323748731e-01
5.584324452447841924e-01
4.401965974940220960e-02
3.775444104600663708e-01
1.648080710658812731e-01
2.957416612998539085e-01
8.772659835251556126e-01
8.203061048893305340e-01
3.665043244145445023e-01
4.000255953372316986e-01
6.476205983672598254e-01
1.471840919822049010e+00
1.571433448334611960e+00
9.220167259511126145e-01
5.633369563574703864e-01
8.318183045315166169e-01
3.335072590765618128e-01
2.162135172396411620e-01
2.584356357290933381e-01
3.634286635878803962e-01
5.670113682043880221e-01
1.647998125192251251e-01
4.864558135014885321e-01
3.407496242106609202e-02
7.680951638781452484e-01
2.898760017327138283e-01
3.128883571838012578e-01
3.212549473742137285e-01
3.280709135945988342e-01
4.467549770350177085e-01
9.803901847912014356e-01
5.635552264085582630e-01
2.355093011350369026e-01
9.056587655023566885e-01
1.076581876482141098e+00
8.209208868648900648e-01
2.607882032370902325e-01
4.011075421319121870e-01
5.134629554333772772e-01
9.317035793828969403e-01
5.997610423644746946e-01
6.113988920067367494e-02
1.273215921953239516e+00
1.642101067336083853e+00
5.939264616678943121e-01
5.786914259667063076e-01
5.160888574705817522e-01
2.353641031259804173e+00
1.399925525498529888e+00
1.906863990940660614e+00
4.552685379546427269e-01
8.738387121177380035e-01
5.154340480045567219e-01
3.804728602498438361e-01
3.939975450513329980e-01
1.198233329164750671e-01
1.449712586973930462e+00
1.533984813899587074e-01
7.939137091618408970e-01
8.569199356329787465e-01
2.012157481512194757e+00
8.978962596650277295e-01
3.746557284001130195e-01
2.647254089856779791e-01
8.416615135757697930e-01
9.332447856782600804e-01
7.274420111535070399e-01
5.052869569808408068e-01
1.162224896718733413e+00
5.955718182308400444e-01
9.796894679056534772e-01
3.801767570789109096e-01
9.829973131450671087e-01
5.265412013739485531e-01
9.096397123896745596e-01
9.472843268141076800e-01
7.090593177039232753e-01
1.070977275869128720e+00
3.533715339046302195e-01
5.314705612238936894e-01
4.292908158101488292e-01
7.787933210731878830e-01
1.182051935944128607e+00
7.419516553200455888e-01
4.385551533752042319e-01
1.189527823740960777e+00
1.797885448716103618e-01
8.659877189120052110e-01
3.941320329410950007e-01
1.935637673809657011e-01
6.936940801084323649e-01
4.264867646582024552e-01
1.283380669455886469e+00
1.150036992895303811e+00
3.501493758498700481e-01
2.420192061126088257e-01
3.545999240711796840e-01
5.804495494081143292e-01
8.601039381894135527e-01
4.287417001790635451e-01
5.413367743775819863e-01
8.370475751949815746e-02
5.828295558092281281e-01
1.252108799340496681e+00
2.999712419789866136e+00
2.768072189242171688e-01
7.551755328746773133e-01
5.174783761592178788e-01
4.909685967012504260e-01
3.018352347529377755e-01
2.368383023956759093e-01
9.412778333357156857e-01
4.536646662521695017e-01
7.487664741190679374e-01
6.887666542246016765e-02
3.237092786876127892e-01
3.927494323632617079e-01
5.206781770840401835e-01
6.448211525644108599e-01
5.376781446997924707e-01
1.949450959556682517e-01
8.507129087043405757e-01
6.591718018932332113e-01
5.960618481400399293e-01
4.182772505403167806e-01
3.135411163408788338e-01
4.378295851849093867e-01
1.928409644100274489e+00
1.418850901393239605e-01
2.446229250691868418e-01
8.675540392478571228e-01
8.568341608828543565e-01
4.036933193105526341e-01
4.415225953152471239e-01
2.932096724280882083e-01
4.392769956644216323e-01
7.990460219200127279e-01
7.434193983465542388e-01
1.116502875760764901e+00
1.675141099943782352e+00
7.972598482733337377e-01
9.869691345472468569e-02
9.419460850638810001e-01
3.757423211036657329e-01
6.795997299405135417e-01
4.290318301526814260e-01
7.018462045500263313e-01
1.022983032382352997e+00
1.136449500880908903e-01
6.775680552844520754e-01
2.407420083269336875e+00
6.178157288285954785e-01
1.005674635485980462e+00
1.148342775936968652e+00
3.968071691246042865e-01
6.173146908954157963e-01
6.968629514573485562e-01
4.930145715486273228e-01
8.282306951127902384e-01
5.733638779226144511e-01
9.870948063458934163e-01
1.342230080339160692e+00
9.259938166669392512e-01
5.707555661935228564e-01
1.679425153642012392e-01
2.538127874541086237e-01
3.178918469432204796e-01
4.703955520458176776e-01
6.047045463418031230e-02
1.151699573899811702e+00
7.913027487229418178e-02
4.056238212659525888e-01
1.593784820289291249e-01
3.621104900507450819e-01
3.348879098043055502e-01
1.312321342467627772e-01
2.180827860077061420e-01
5.205801408885051274e-01
4.045914777697899867e-01
1.703772230334771043e-01
4.220276817096897948e-01
7.781703423533613551e-01
8.654385413271301619e-01
2.739474022362514138e-01
3.089330892606930723e-01
1.303609899242561765e+00
1.373797070655210950e+00
9.806496794763288616e-01
5.741406313193636590e-01
9.450195843000953611e-01
2.416119775277985604e-01
1.973962514683524905e+00
3.785093414632984543e-01
5.388747862610597794e-01
3.690047946033941928e-01
5.300089560055097904e-01
5.415810128128986101e-01
2.395409998751820979e-01
5.789583435582766890e-01
6.049847500756435625e-01
7.338467697150183322e-02
4.702614015621653376e-01
2.295467932524523358e-01
2.329972502810582768e-01
4.830231052933919300e-01
3.369962981292561333e-01
2.476224263898635924e-01
9.604035667593038283e-01
4.175088782939793686e-01
6.599707878415427276e-01
3.192737403631216164e-01
9.996012074257232261e-01
2.918047946691629813e-01
2.466582630236232587e-01
6.203292005277684096e-01
1.918390034169998426e+00
2.871307274517644892e-01
7.491800428458741390e-01
8.646616466289159808e-01
3.146557877592323638e-01
5.728067403948616798e-01
1.064401838647512033e+00
1.266317240963113155e+00
5.918274585164882140e-01
4.143667210003100787e-01
6.116789365049253302e-01
3.223388336732683768e-01
6.696783254113014561e-01
1.571883257987464644e+00
2.857837185250777234e-01
6.944955850681361342e-01
4.247291693919804101e-01
5.525098171640769884e-01
4.436461986625463427e-01
3.889566637266946292e-01
2.280619140996503202e-01
7.416792842106940675e-01
4.979383232850109753e-01
9.480323097084762674e-02
4.096872653228628841e-02
3.251035148430845290e-01
4.169332325709532161e-01
5.787157737636288157e-01
4.795644512880772870e-01
1.582982444205909278e-01
5.242859371703931792e-01
9.096205105831391968e-01
9.488459044634397488e-01
1.204519004476429567e+00
1.201828632073140696e-01
8.503177464356174164e-01
1.398158636983511727e+00
3.534477834537841923e-01
4.548527247959278652e-01
4.363416862684240116e-01
1.428265832273972080e+00
3.987467627379180923e-01
2.529056806365074239e-01
7.327038687742584155e-01
1.550495899415647916e+00
2.282644418311751688e-01
1.237239011532352828e+00
8.967019258746656840e-01
3.162953326509377883e-01
2.416422580558198474e-01
3.321817284790947178e-01
9.809408562150710997e-01
7.150627812039896947e-01
5.665434546302872132e-01
4.836770018503085966e-01
6.804161419856090687e-01
5.221251371651953743e-01
3.567706175040917804e-01
3.608752884447447018e-01
1.011457199712409993e+00
8.463857466903954574e-01
7.997806457619579534e-01
6.098403132883158939e-01
1.290754665098105547e-01
4.708787272190493312e-01
7.024645780290366126e-01
2.582380313801954652e-01
3.602674203871603087e-01
5.574247761591437644e-01
3.122972049572482756e-01
7.523538229858579562e-01
4.750108700012127261e-01
1.384027479450032461e+00
6.779993711777260179e-01
2.716696061339479717e-01
5.327418944569416448e-01
7.079047697601930089e-01
3.466184576252986371e-01
3.465173851603400856e-01
3.805188917774355306e-01
4.510029035251375551e-02
8.633021904224816856e-01
2.978888193381453720e-01
4.814667278398347960e-01
1.511254094726700858e-01
3.289652695425205331e-01
2.971859549968374758e-01
3.143669258054689886e-01
3.180359083111445884e-01
3.361800620694663788e-01
4.191898996835584090e-01
1.428813473230775566e+00
9.181522845649919828e-01
6.051451722033244218e-01
7.291179859857630507e-01
2.585406015977741445e-01
5.078629893467411227e-01
6.589830233008466820e-01
5.274553279016037655e-01
1.027274117404493037e+00
6.944233943011994814e-01
8.581038180137927629e-01
1.147603312994889935e+00
8.092783746753230423e-01
1.324404027231575465e-01
5.522295663907753616e-01
8.155278020011540452e-01
5.006213084315886963e-01
4.332173427401092569e-01
5.840337932291463918e-01
3.631554283454070942e-01
3.174051643006960410e-01
5.373010088590037814e-01
1.261778654294057000e+00
1.938540994841216225e+00
4.429350054741867382e-01
3.189760338142813567e-01
3.302019058997042178e-01
3.812186430785635682e-01
1.048208857912801939e+00
9.080608060364658840e-01
6.097933174605555395e-01
3.927274082218083495e-01
9.563494088664117321e-01
1.040838331879581968e+00
1.957841535660817811e-01
3.912419567481043581e-01
6.151663529105658723e-01
1.098858936708364958e-01
4.728863767075397462e-01
4.919533050377753458e-01
5.787054655167629402e-01
8.263141789467666198e-01
7.415830223351864703e-01
5.797077309662834743e-01
7.492590182388807474e-01
1.882537931873059067e+00
8.881023326626019676e-01
1.610892067329017907e+00
1.576004851442690258e-01
7.605150684772300496e-01
2.882434495900439431e-01
7.354370848360626267e-01
1.865838581150297826e-01
7.394124267963840813e-01
2.619367427919737645e-01
9.767619455293111708e-01
3.498760881735825112e-01
3.417524207392358404e-01
2.911462648427223243e-01
4.971938332654670112e-01
2.993454155407286876e-01
4.447382820962412775e-01
1.156489551617056355e+00
7.341742367873573816e-01
2.730713370339324375e-01
1.465315688145541473e-01
6.708923144780787329e-01
9.582531148904728513e-02
5.596059842002234497e-01
4.791082529674957624e-01
6.490720599094620402e-01
3.960839226887329367e-01
9.126273571381501304e-01
5.517087284987189089e-02
4.019099032441567632e-01
1.040002561247140855e+00
4.739545818329289339e-01
1.431531386658931593e-01
6.574258484725969964e-01
9.593357187235416195e-01
2.983187092645747107e-01
5.177045603474345059e-01
4.026041111129212702e-01
6.757391876894117688e-01
7.694322849973386225e-01
4.600042690572182513e-01
1.144653272513640019e+00
7.968302698753719771e-01
7.742909153202218731e-01
6.949060208559678653e-01
6.531353022467045744e-01
1.325500819445732725e+00
1.111277054053668056e+00
6.824378329212574812e-01
8.316463400093410119e-01
4.308529378239547292e-01
2.676382682640760513e-01
7.865220865693736130e-01
4.418182294836897617e-01
2.327987380993741251e-01
1.783132677662783994e-01
3.968831071946637423e-01
4.260174960317786863e-01
6.859285852196020938e-01
6.687718050654259949e-01
1.088845544651410924e+00
4.157108149656299489e-01
2.389014387897120950e-01
5.332943438845079154e-01
6.574115450910614777e-01
7.382180168313373647e-01
9.537225419259351966e-01
5.670205607137854820e-01
1.351421449322733892e-01
5.298643538218980042e-01
6.725049622197648569e-01
1.085199530322729089e+00
8.485635797829258475e-01
1.419788740808170413e+00
1.382837770510277342e-01
1.086538168323746278e+00
6.166219932125337477e-01
3.401303259113823141e-01
2.757282268178176121e-01
4.504597788576016337e-01
5.544709054584583408e-01
5.302645500970948333e-01
1.710474745323973256e-01
1.153728507764448380e-01
2.940417934948210688e-01
5.906818962778865867e-01
4.241428674502736307e-01
3.879623773978254087e-01
1.397710970832818922e-01
3.747073479234733773e-01
8.696150234780700705e-01
2.420217309807332629e-01
7.823799361842932454e-01
4.200208070002539595e-02
2.187549186438778048e-01
2.760531895628502985e-01
3.856179019450873269e-01
8.432636145264829075e-01
2.168182943654478056e-01
8.540619560732994886e-01
2.065393632860990647e-01
2.710166855240079276e-01
3.506948317243313018e-01
6.241946845869380534e-01
2.325399993277681154e-01
7.318083581289722694e-01
1.279233801722780450e+00
5.596732138235142040e-01
8.184768049488734265e-01
7.588895970975568783e-01
8.541546602106753205e-01
5.253589387689060475e-01
7.941448059333700016e-01
5.079479833446060022e-01
2.501702455724061358e-01
7.595426174431326727e-01
1.587472779484518703e+00
8.176456721202033373e-01
1.258217009583631585e+00
5.206300333516483692e-01
5.785314600860778089e-01
6.326512127824075460e-01
3.884796745015374753e-01
6.580391395743376837e-01
6.049016796860281486e-01
5.810770391049621120e-01
9.107825425525927221e-01
1.140785601879493960e+00
2.653445456830696436e-01
8.901947182410867299e-02
9.704415773898872333e-01
2.509229280094323888e-01
6.313249831817903113e-01
3.006650263564659697e-01
3.587788481332021551e-01
2.417274020231683085e-01
1.364035414882417037e-02
7.355526491844753545e-02
5.292779948996514383e-01
5.091408296403677758e-01
3.294334545054478647e-01
2.039162348862037233e-01
1.154100162761694026e+00
1.153964947747336600e+00
2.954642483523494678e-01
7.479868361093534590e-01
8.458579926128863002e-01
9.135353682670999120e-01
7.619940955918799164e-01
4.865325235707305684e-01
7.316866613338215419e-01
2.382730452376100316e-01
5.426211744754034783e-01
7.729245525643486658e-01
5.059598710696450174e-01
6.454803904286254834e-01
6.408196398032808272e-01
9.982347478501493176e-01
9.600649294928675914e-01
4.434866134422009165e-01
7.148151793297663481e-02
6.239812775406351486e-01
6.662366853695491642e-01
1.396612522552159508e+00
3.969367119553560697e-01
9.558044120411216538e-01
1.124514552265205580e-01
5.706257613436175324e-01
5.186073366306493959e-01
8.876245789260933661e-01
1.060571643511694528e+00
1.805840694170677552e-01
6.354409943999057564e-01
5.661936510499094855e-01
3.029801264334642252e-01
3.826675940486082284e-01
4.615430404225754346e-01
1.935234004758835946e-01
2.269392816958869796e-01
2.703857716283533663e-01
1.115634048218702573e-01
6.570296608027127450e-01
5.977341893361920455e-01
2.516006496287229166e-01
8.335875058922893599e-01
3.238128279883708549e-01
6.928455216586266729e-01
1.301601657639361420e+00
1.234112204376580646e+00
1.806375793724486478e-01
3.569133346432860621e-01
3.771982103184262636e-01
1.596094565647601660e-01
1.127961195190297916e+00
7.174161696216534434e-01
5.061957657267510680e-01
1.997665040809365744e-01
1.392494427345170038e+00
1.454598727810053393e+00
1.410833995900308557e-01
9.284272481718381931e-01
2.899052727897555859e-01
3.720303545295254866e-01
5.497119266781561597e-01
4.855665117104083217e-01
2.513874564212748020e-01
3.532778372063946626e-01
8.829589921270076802e-01
6.391110899074714524e-01
1.213802836077342295e+00
9.013703111512537391e-02
2.565409816772833418e-01
4.712672913230296912e-01
3.666426362724591326e-01
3.672621584917788451e-01
4.024444154322377454e-01
8.755477394552193537e-01
7.776900588894443134e-01
6.055477812692707795e-01
2.565362032122791014e-01
9.842162038214817554e-02
3.945349197378457129e-01
7.861176577959206879e-01
5.668587930522731577e-01
2.784628106418987614e-02
9.415560970830365584e-01
6.836715556802991367e-01
2.669511548910326049e+00
1.832780102473024364e+00
1.139282322597534813e+00
1.258408257977257083e-01
4.763646203534794843e-01
4.661850236409508241e-01
1.618282824057911407e-01
7.730565142483084573e-01
2.687123776560259580e-01
1.284172044429448656e+00
3.312114271045145664e-01
3.277381226627474331e-01
4.285844782703679967e-01
1.566353217974977952e+00
4.372445618713557969e-01
2.628651385135623020e-01
1.636442542089521224e-01
8.001200383327919941e-01
2.687750618396245184e-01
2.833536762674193632e-01
3.010933546533252625e-01
2.943403865999312807e-01
9.387279138512405474e-01
3.927180470730469164e-01
1.900171909714709062e-01
4.588188470556876508e-01
3.632989867136848794e-01
3.341449549129502095e-01
6.775456950828514513e-01
3.216057079933810625e-01
1.302608150586277658e+00
1.442716793118300478e+00
1.027917802327175334e+00
2.240137642941789631e-01
2.950026925706199510e-01
1.480508452819313536e-01
4.602009370013443457e-01
1.504243081838929630e-01
1.141745784935339847e+00
8.181196706868228974e-01
8.574033209458710170e-01
3.353539935687995799e-01
6.875765104907974878e-01
3.623190870425885834e-01
2.087557146830556043e+00
1.242734295119657800e-01
3.686836047368570179e-01
1.627257715988330300e-01
1.035726122216904965e+00
4.434182134528789621e-01
5.462215940659231883e-01
1.177258809315714083e-01
3.443670751899053362e-01
3.664788619433215211e-01
1.446500905754734667e+00
1.580705958545572942e+00
1.152495792636378580e+00
1.996342319936502685e-01
7.929197582258212806e-01
4.168544283582793497e-01
2.002443690338436000e-01
1.040437048315222768e+00
6.321914313871495050e-01
2.538620792545246418e-01
3.652110092955662135e-01
3.654944455085915589e-01
9.347077655873349267e-01
1.372630806243525237e-01
2.947039001895136456e-01
1.005176845625472604e+00
7.444942649757636532e-01
3.747593224146295032e-01
4.398286475889854330e-01
8.581569284985293145e-01
6.559996395201654895e-01
5.839734136175050994e-01
4.540041582703129297e-01
9.484704496444879007e-02
2.158629574104891924e-01
5.096494717319086654e-01
9.328411378447397651e-01
5.800182850448880600e-01
7.332593319462172854e-01
3.883377890907525054e-01
7.967494361709261119e-02
2.575374508439606802e-01
5.491432220489352867e-01
1.847815823974719718e-01
4.907450006453864533e-01
7.876298666764660616e-01
1.087945900559976531e+00
3.362232892394475536e-01
8.599643974231679922e-01
9.387143159635111811e-01
3.769598863833086844e-01
6.684826008339322945e-02
9.803870190294466935e-01
5.986197915394010638e-02
3.390865672371324302e-01
5.035562848735007924e-01
6.763995617603866251e-01
3.736758321693502416e-01
4.209481826956196771e-01
6.778971826536388523e-01
1.670513214801259805e+00
5.483116422874504403e-01
6.057642722769250865e-01
1.692673508344049726e-01
8.324001025836330614e-02
2.487026972666561003e-02
4.878719317793003829e-01
7.893342698143123171e-01
6.374339164877609321e-01
2.365074882773555709e-01
1.222598990836077926e+00
5.040827560090236359e-01
5.608645724335931115e-01
4.976998201899799912e-01
2.100870520551593401e+00
1.089026853285596452e+00
7.527019537611492339e-01
7.478373733353941288e-01
1.167788539426009242e+00
9.307094634685555423e-01
4.372856400697787138e-01
3.709971306148669989e-01
1.304781520321087185e-01
6.887132171367291167e-02
5.937375542515944682e-01
2.731210066192196750e-01
1.198293343147345702e+00
4.198817841424747899e-01
5.069427414651003216e-01
4.391533342908195969e-01
3.309942823246735388e-01
4.854033710749318109e-01
3.502564832382096816e-01
1.784104192673023337e-01
1.535605599388341347e-01
4.756062357960213482e-01
4.482219792637386346e-01
4.077202691424701153e-01
5.075960465946374178e-01
1.734004548457868111e-01
6.938137481341869472e-01
1.211547696222846637e+00
7.446185790948915972e-01
2.079255781333460451e+00
2.338190487297850118e-01
5.974820111899420416e-01
8.810225752785230124e-01
2.377580443711424518e-01
3.160075624952669582e-01
3.420382035661037601e-01
4.083025441591050519e-01
7.915904829998413605e-01
7.048859966572642577e-01
1.236039984468602970e+00
3.593950823963893981e-01
1.520875384788875406e+00
5.339326794744458926e-02
5.574151778263165546e-01
3.279705678428649351e-01
4.810499196001208344e-01
4.941798213401092377e-01
6.465361203327224526e-01
3.897340839895098163e-01
1.953804279544437250e+00
5.805381707097880817e-01
5.813126893123869987e-01
6.868469951823560349e-01
6.225931722363652332e-01
4.638686097471375613e-01
5.502588412743922852e-01
1.184241347508649511e+00
1.316340006788466299e+00
2.463278147972540744e-01
1.834603543620428878e-01
2.822017066883982239e-01
9.119472854264508710e-01
4.008595860029595670e-01
1.436462158279538492e+00
1.162654971261657177e+00
4.800860034395060816e-01
1.085408012846271975e+00
5.697781541507487280e-01
3.332236416847648153e-01
2.899791261514274576e-01
3.786336806230205521e-01
9.642461016417104291e-01
4.994077518468097443e-01
8.294672595675489646e-02
4.191612385545357977e-01
8.715216684713990025e-01
9.246259551896582884e-01
1.941803373251424492e-01
2.739507702137050638e-02
1.351346913234955649e-01
2.075299121067313290e-01
1.684805216176906983e-01
3.342127880804041662e-01
5.039268482337934119e-01
1.250611559532906758e-01
9.243372762769105355e-01
2.117951001609351125e-01
6.523701795170494533e-01
1.304796067697086892e+00
6.663225391659134411e-01
6.951690015842668657e-01
1.384538814950833530e+00
3.749713698843145093e-01
1.102255726866415042e+00
6.757961219991697188e-01
1.352620793945002731e-01
4.145643077689893929e-01
4.108006371920507882e-01
3.673342769452586642e-01
4.384992459779192830e-01
3.439026929090692186e-01
1.902634014528425954e-01
4.181999701322429708e-01
8.488166253254727511e-01
2.663874555351016249e-01
9.014949992615270968e-01
6.235961720265649211e-01
4.000908020340162574e-01
5.971573447472853235e-01
6.940752187369377824e-01
2.780258084394814366e-01
3.188462647427387497e-01
1.364560902831513101e-01
7.055615165913212694e-01
5.656558559444662126e-01
6.217656725767196635e-01
8.281776789160187890e-01
9.173489870632811627e-01
8.479594716630171058e-01
2.932872040621632981e-01
9.826483813010528090e-02
8.278531398713185885e-01
3.760514972155612479e-02
2.853736847257390408e-01
4.432013816149037444e-01
7.416440993397670489e-01
1.203221288250480581e-01
6.044467025128753557e-01
5.159565930430609626e-01
4.983020066310219209e-01
4.404171488369064136e-01
7.427452813580434077e-01
5.501770721448273616e-01
1.131307747483016879e+00
3.966929134560491788e-01
6.332562839988203907e-01
7.876003106989298841e-01
2.706278647201205700e-01
3.588810461437417221e-01
3.526322266725964716e-01
4.867119582844690040e-01
1.620290954054451060e-01
4.276598480347010844e-01
3.975696019837617334e-01
5.666636870253067837e-01
7.542617988750339730e-01
1.443765086218894156e-01
6.966318836807081083e-02
8.376128755701558459e-01
6.138822134419563703e-01
3.279121040398165210e-01
1.143181143597566063e+00
3.805540466446400427e-01
7.084004598706572509e-01
5.992881612561560406e-02
1.023283456544363118e-01
6.742008325120796286e-01
7.207389240700938782e-01
9.695636308006353454e-01
1.713095453563609205e-01
3.620798491966048527e-01
1.905679253453330002e+00
1.043520677809379738e+00
7.580704643800176834e-01
4.844189646797864568e-01
4.738724351358910014e-01
3.904508183554766254e-01
7.109738847670927786e-01
4.970665132286232191e-01
8.453777684381962310e-01
1.055015347198708486e+00
1.268956416685191657e+00
2.615497920796641118e-01
2.472400146292467460e-01
7.299962846520243742e-01
5.912837054564294981e-01
1.111675024954750013e+00
5.723229978886693742e-02
8.502327196493710826e-01
2.262424432281716358e-01
1.643326309315586542e+00
1.036421237336749401e+00
3.113550653898102261e-01
4.102067451465326031e-01
1.688861197063453168e-01
3.725391133389855391e-01
6.580282305944595844e-01
7.979983655634532713e-01
5.053329379533132437e-01
8.176371998655102002e-01
1.025159925333956501e+00
1.853030576103420479e-01
3.618562189880658031e-01
1.952220257893893529e-01
2.821041445900620004e-01
2.618445238407052233e-01
1.541906309252806917e+00
7.054227495162511685e-01
2.824123823373035913e-01
2.566394525215054401e-01
7.012245012317421811e-01
1.624278376655494238e+00
3.712880808187187798e-01
4.399111957334971845e-01
1.443259756285984352e+00
1.284570511564521622e+00
1.428810929264826557e+00
1.434346166853063265e+00
6.898776983945561492e-01
8.558116115028180371e-01
9.286233920424230570e-01
4.870963732170586202e-01
7.747715433432852405e-01
7.701850591175973815e-01
8.513211682374880462e-01
7.286022985831922538e-01
5.359184090741904161e-01
6.898855117263469339e-01
4.642577323414100454e-01
5.770192993444142049e-01
7.086733840506098669e-01
6.971545807557162355e-01
6.820732965357690913e-01
4.951702493068912969e-01
2.084669054425772605e-01
6.328987247898689716e-01
1.646985134841783827e-01
1.686723108202224375e-01
6.306227070661933887e-01
1.066809869776758485e-01
4.283689034236174975e-01
6.814485864215376054e-01
4.435043985791553012e-01
1.248438802863090502e-01
1.638364151688356696e+00
1.021078891359936014e+00
5.811372255497800898e-01
4.161213278536110005e-01
2.928051931266038022e-01
6.334877869271494655e-01
1.024089951841555823e+00
6.154190345673757889e-01
5.049334613182111520e-01
6.452300296053771200e-01
5.162238464496718970e-01
4.278956117166398676e-01
5.110709596580210734e-01
4.274665838393983397e-01
6.097768441173271325e-01
8.139284251507045154e-01
1.050552295508075051e+00
5.710925526070832481e-01
5.134633324547195343e-01
1.832601040052424801e-01
2.776389964769610530e-01
2.564871091588433183e-01
8.642612181985854791e-01
3.976413939121814511e-01
8.571199782784247878e-01
6.399635680131592341e-01
2.228077724553774175e-01
2.315049979132797198e-01
1.464659429081108521e-01
1.239538642564300019e+00
6.789283260950850218e-01
6.811026261989996389e-01
1.416250385223066510e-01
4.456845912220443462e-01
4.121398729576921105e-01
3.737539304769969539e-01
4.381745797276860310e-01
2.129827314700840635e-01
5.772668022419594758e-01
8.190640064544983945e-01
1.306630969842901058e+00
4.313698164706540883e-01
4.723539494083247581e-01
7.574927568390962263e-01
1.901175281539021766e-01
2.968837743792795969e-01
1.262338763620865834e+00
3.359188977511076146e-01
4.167039680494357134e-01
5.964658816220843596e-01
1.145195380662279216e+00
9.454671487303087929e-01
4.887074258554936490e-01
7.178417415493527631e-01
1.655088799648719855e-01
3.071544111054780868e-01
8.072173524461293548e-01
3.772343880842679020e-01
5.499172424018913263e-01
8.871762780178280572e-01
4.012045045746507888e-01
1.484971802175723832e-01
5.328688457955242930e-01
5.187563064717297667e-01
4.106976639135865303e-01
5.051893115576989723e-01
7.471115334319409218e-01
5.834129240481031875e-01
1.440093280421864408e-01
5.249682133069357715e-01
1.305072188966786451e+00
1.833962525194892945e-01
7.142759419543956989e-01
3.819888012980560132e-01
1.215076842003584984e-01
4.064926195946245158e-01
6.310004015786595533e-01
4.375750005309451129e-01
7.564796679583498662e-01
2.810339374253813527e-01
3.622731932295095159e-01
9.602253953432317024e-01
9.999031823251846030e-01
3.121559264461775673e-01
2.851979962193986751e-01
4.089093180900885693e-01
1.203581146091262877e+00
2.796174228430645670e+00
2.827362853936500997e+00
1.952910181501839038e-01
9.726090306602881430e-01
1.774185039010178322e+00
4.994918908280620573e-01
4.901700353721935022e-01
4.903760399525744496e-01
2.346870937887002295e-01
4.330352358336591601e-01
2.959299540096176351e-01
1.703834548013057670e+00
1.164723823347629805e+00
7.370115650832467225e-01
6.412261526633841191e-01
4.929583019724782522e-01
5.491625189237416826e-01
4.710817572654956153e-01
3.753071675537735241e-01
7.670880173989754747e-01
5.550577359854276249e-01
8.516489897771979400e-01
1.298743328985569434e+00
6.273463921230563178e-01
5.947130300719523088e-01
2.342475109789226850e-01
6.988159414215890930e-01
8.132965264244127468e-01
5.837134157566893355e-01
7.060938891246816285e-01
4.658501946630986268e-01
3.996228043633150429e-01
4.288778433270097890e-01
8.157069926187391837e-03
8.708967869052322008e-01
4.703445461807192474e-01
5.202141398964817975e-01
1.080725927070311565e+00
7.052672520071986417e-01
3.077682977527255170e-01
8.415302607077267405e-01
2.751476350705615026e-01
4.548217989677928452e-01
1.485609686882711222e-01
4.594982674557538394e-01
5.214078714199000819e-01
7.060627705566311363e-01
4.860386298104666936e-01
4.056876587250441979e-01
4.454765608096045715e-01
8.362168378951422287e-01
5.038234690702259044e-01
9.334315218777717860e-01
2.061038465072643766e-01
1.224130903432223860e+00
5.506041276369668669e-01
1.007213002254977008e+00
2.603415921878549089e-01
3.631147773552305114e-01
6.953181627780620211e-01
4.564307375357088969e-01
7.911180722248032371e-01
6.026075944102191606e-01
1.313383817514969243e-01
1.398933037995014894e+00
7.191012068298358040e-01
3.296439787405411326e-01
4.109844887108144995e-01
7.696377387416948601e-02
2.325242529874774200e-01
4.094836872336636291e-01
1.181104224323970220e+00
4.064353486231290780e-01
3.149198449803048971e-01
1.036170067044726029e+00
4.799629360410139767e-01
1.323597388323775048e+00
4.610076819685712257e-01
9.237920552811589303e-01
6.550709081342932505e-01
2.499241715230763328e-01
1.621271526443203714e-01
8.109366105752197074e-01
6.170594604030839037e-01
3.733616206696088180e-01
5.579231516781516659e-02
1.706857658592295657e-01
2.384938380629692545e-01
7.939174120660085210e-01
1.344548169795017012e+00
9.808989874626763972e-02
5.196078111947206590e-01
3.821149689689500306e-01
2.883592587138406049e-01
2.829959641462627129e-01
8.171751699758622589e-01
5.326945250573498214e-01
7.067324016683623755e-01
6.264662535171556801e-01
7.142755301236346499e-01
2.880772482509293408e-01
2.244053904628936225e-01
3.306997407839498693e-01
4.920813617446602173e-01
2.302387830379503675e-01
5.957915479360746946e-01
1.557140418477372945e+00
1.628928371498989114e-01
3.508058829936803180e-01
4.826998521419524346e-01
6.157212511349759998e-01
6.540884072775003943e-01
9.941253569926983280e-01
9.054805889497242744e-01
9.656894017268602415e-01
1.233726018543434444e+00
4.756266681254928130e-01
4.257372844935484180e-01
5.148917431588641014e-01
1.969849713275452219e-01
4.597077821616574189e-01
6.843275602293918958e-01
5.748252738853339983e-01
4.657184220192179258e-01
1.007599897163820701e+00
9.128283099724348038e-01
5.420653820475589413e-01
7.298360881829236702e-01
8.684943104417558457e-02
5.297870546893244104e-01
3.082007799262780345e-01
7.333207607897127556e-01
4.927100909134083939e-01
9.807557632005260428e-01
1.106054587756771124e+00
3.601838166247665618e-01
1.065378428349674778e-01
3.687390942641858849e-01
5.995531886725379289e-01
4.274744451487201280e-01
6.461300024389885488e-01
3.419377177551100599e-01
2.639596821099460255e-01
3.550162999253273499e-01
1.235151742207283743e+00
9.289891309976924805e-02
5.587265629181669135e-01
4.295348200592353227e-01
8.050785598144898358e-01
1.033789845689661702e+00
3.820470639661345258e-01
6.411651617619866794e-01
7.273678560259342341e-01
5.968403531043154908e-01
6.960868398481404595e-01
4.033214479065269642e-01
7.439836558688900370e-01
6.257561060045864210e-01
7.632680429564384639e-01
1.543536251684751281e+00
5.208417277988279803e-01
8.645595013696868447e-01
8.499350871254385265e-01
6.624444543061359658e-01
2.199070674369618117e-01
1.713165131548851194e+00
1.527099618894241617e+00
4.242173565672170410e-01
1.754209519248966787e-01
4.002061815926467037e-01
5.619319817672669970e-01
9.049453781348790748e-01
6.443225841337084647e-01
2.290802925811177004e-01
3.121146205590225042e-01
7.903872268056303385e-01
2.497477323302172425e-01
5.908113997968931219e-01
3.865144827313337084e-01
6.020351136776371792e-01
1.043474509312166010e+00
5.239020071038099635e-01
3.152511724386711234e-01
6.670335201236580192e-01
9.072247555649629591e-01
5.531739748161978998e-01
1.478302718493929468e+00
1.683475910897363481e-01
7.624013688911602804e-01
5.143181012251046846e-01
5.364644942126916005e-01
1.116337682764331873e+00
7.994139022105175574e-01
5.557681580194517856e-02
6.941972632884575445e-01
5.436803564317302939e-01
5.099659912266175654e-01
3.603160170146501029e-01
4.792111765213294960e-01
6.643063203092280933e-01
2.182879578400588105e+00
9.180244310458024470e-01
5.428143738813931973e-01
7.574035069022664324e-01
8.677104809619530235e-01
3.522222683997557335e-01
5.686105509851615558e-01
1.073728718998637977e+00
3.315776579208515873e-01
5.246745108759266474e-01
1.523278804992864444e-01
3.539147125295306617e-01
4.057530750265946895e-01
4.355311700862697921e-01
8.509461726990508179e-01
1.977029342148243218e-01
4.004194578325434573e-01
4.745979732156972442e-01
6.583606683311813423e-01
1.500417039168780331e+00
9.105222847868981173e-01
2.477034511362569691e-01
3.141378603723289364e-01
5.396709895346610830e-01
1.046668228492661390e+00
2.239198207442230915e-01
4.390854328016083330e-01
1.062903594314561051e+00
1.803671882409210031e-02
5.357411767401263347e-01
5.964928826917808014e-01
1.242850269393669160e+00
3.740384972657790352e-01
1.042867711813704412e+00
5.541930741932328264e-01
2.658795980237387280e-01
4.846654695428875836e-01
5.256586754851133581e-01
6.086806345760585879e-01
9.364304301695398625e-01
1.530568388998246210e+00
3.600118806259102744e-01
9.209476065206224638e-01
1.750154899726630020e-01
1.333429870236332748e+00
1.527744910003552725e+00
3.414457626095073195e-01
6.649194835137343107e-01
7.430398106374372924e-01
4.381155901264038310e-01
8.497998061391526248e-01
5.296271575123441266e-01
4.925159732085784281e-01
4.558489724503162477e-01
3.736188756224720908e-01
1.292139825278320053e+00
5.749462361759734019e-01
4.963199959145980222e-01
2.388541878097465709e-01
3.917083086845047912e-01
8.954453528556640673e-01
2.434598626574059899e-01
1.358755256306218018e-01
4.842179080705020233e-01
5.184614207079774051e-01
4.665170015184323948e-01
5.544849455357657719e-01
3.870070491420457004e-01
7.810848315989423751e-01
2.629190149349108108e+00
1.126655472035655192e+00
1.534550958627529382e-01
4.956264427227632385e-01
1.410980415820390077e-01
9.638566562877278754e-01
3.239359116711544306e-01
2.669267196514538698e-01
3.444586226580192423e-01
8.323467978587326122e-02
1.059349397255046066e+00
4.564760541663868687e-01
1.622168006935424123e-01
8.313109245930816460e-01
9.863364878482664411e-01
1.158599176191003499e+00
3.061341467305750963e-01
6.462061151970389661e-01
1.965469716975067060e-01
8.930677453358243367e-01
3.120838964662056569e-01
1.071630290752607850e+00
3.522975045647714354e-01
2.816625895614647823e-01
3.107248759248956715e-01
7.007719817971986842e-01
3.458072964921000136e-01
8.068718702176186364e-01
3.770800355441941143e-01
9.720759115470484213e-01
8.760182792065525081e-01
1.238146329080512364e+00
6.308576318482652656e-01
1.909024136439881003e+00
5.884763352937294467e-01
1.250704459488765297e+00
1.150457485092911680e+00
8.014648942536969356e-01
4.735176767979386026e-01
2.719923096350936320e-01
1.916700280863557759e-01
5.830957215032639418e-01
5.113439770489699443e-01
2.036154034198418561e-01
4.722527625017263753e-01
6.334468513757913755e-01
1.126585437359836739e+00
5.717744624560394673e-01
6.715420106011388279e-01
3.258330917879473376e-01
6.599402146759734133e-01
7.109175199563959602e-01
1.746245094111144924e+00
1.030038663727439241e+00
9.005298054396183582e-01
1.028110334897409106e-01
1.366410176171470869e+00
9.368619200222506604e-01
1.489918628072337103e+00
4.455247853833669280e-01
1.124705438974801908e+00
2.482350360613150286e-01
5.137127508262261388e-01
7.115017380134457392e-01
2.546003715270630519e-01
4.040963726833036174e-01
6.913942626268670955e-01
1.054573168563533114e+00
1.621803232421165530e+00
1.435431326995723067e+00
9.988706580427469950e-01
6.945277204662170245e-01
5.889433199572102762e-01
6.284976058019782208e-01
1.549634111380122914e-01
5.304757713441646816e-01
3.904523308145482763e-01
6.946252498647365048e-01
2.283152247576183402e-01
5.211921285508017698e-01
6.102867273208625321e-01
8.250794248835338074e-01
4.974314930784649036e-01
4.464967243572305344e-01
7.275785271631268758e-01
5.712133442885661827e-01
2.654165997637525365e+00
2.152897419169518489e+00
1.352087582707644620e+00
4.640990896598524706e-01
2.560855807568146458e-01
3.131461016952020726e-01
7.026930876652953684e-01
5.217582026940897899e-01
6.565026076319064874e-01
1.789785000024711747e-01
6.851727740442379311e-01
8.494356023902918107e-01
2.928860491872717908e-01
2.826321282606751306e-01
8.133242754529163010e-01
5.682609350892200428e-01
1.415897652294260400e-01
8.139289903164642626e-01
6.509621128052514583e-02
2.383782344628651850e-01
8.076603104260846600e-01
4.775978113222770771e-01
6.972135330864102087e-01
1.513360236873959819e+00
2.186901072812848845e+00
6.219597694205656335e-01
7.620622670046782732e-01
2.615342402393174837e-01
4.327888126866612506e-01
4.092283569232695872e-01
1.836297244118392014e+00
2.354423745487726816e+00
4.620444732665795473e-01
2.094777091054514651e-01
6.049320806323936761e-01
3.218415603553294591e-01
3.063658926439307706e-01
8.315469514212092683e-01
4.676938128394782512e-01
2.169996134541803123e-01
2.397591995632722961e-01
6.159792657090923385e-01
1.160704447229722325e+00
1.634271434379834798e+00
8.378821672047858105e-01
5.398651378020439262e-01
1.658986650879707148e-01
9.376253331337927044e-01
1.698586039356420496e+00
1.417082383120932265e+00
9.277951413759248922e-01
1.693587905791827386e-01
4.127719594974071926e-01
3.143805626077830762e-01
4.467522338220391021e-01
3.602335427283623326e-01
1.293004298663854357e+00
4.147956194545104891e-01
6.101660205672433390e-01
2.686897783251739336e-01
2.585125914303957884e-01
1.755118819694739263e-01
6.775201998142600379e-01
4.488416748881943752e-01
2.797622314121294695e-01
3.904539742426280102e-01
5.993182608706997261e-01
2.675568588583689400e-01
4.425124078749532175e-01
5.359866316844928980e-01
4.650502812259691976e-01
2.537803732729486117e-01
2.226384811587169277e-01
4.884481061468093355e-01
6.683181125173183190e-01
4.000695709157514046e-01
4.956499813564979040e-01
7.029034300282188674e-01
3.611097621684488668e-01
6.817692277806635115e-01
1.482421255663151971e+00
3.049949670235873711e+00
7.616968114616529117e-01
2.642867567847985710e-01
1.200991507145696469e+00
5.236452030154549186e-01
7.536681657205150930e-01
3.952780197743195889e-01
2.293487367509601527e-01
1.014825561475597437e+00
1.041970435627789682e+00
9.602498219495606002e-02
7.841847733553298783e-01
8.239786753488375082e-01
6.028588919761715959e-01
4.030243347360991102e-01
7.167906811570032843e-01
9.626294374095472062e-01
7.039539375859550363e-01
3.318649348695608126e-01
9.182562903911732910e-01
3.603890983325394703e+00
4.193461712764613991e-01
3.137378155481724273e-01
5.555458402704281928e-01
1.240942636767337764e-01
3.380907244221459385e-01
3.637637462971369251e-01
3.486413244828305835e-01
6.073889131827118204e-01
6.176377250179455602e-01
6.347985632683162960e-01
7.191369559130867950e-01
8.273457846103386970e-01
9.457016566020660653e-01
1.031624961363203141e+00
9.327999189724544005e-01
4.288422297310892084e-01
9.457497836248986989e-01
7.669935406727269589e-01
5.459468610130605581e-01
8.593117375165383320e-01
6.194646799669119019e-01
1.639068032243903072e+00
1.502856249915650588e+00
5.685260765487896162e-01
6.362092731862396544e-01
6.475964676073998616e-01
5.348012407549864733e-01
7.852780443920218123e-02
1.986584233780699926e-01
4.722893373112220239e-01
9.442373933917839190e-01
4.818186154405427191e-01
3.242322459842866822e-01
4.894943535595330242e-01
5.723905265560386146e-01
2.840984312632699460e-01
5.738508325813088673e-01
6.612393772901528077e-01
1.654952991579897448e-01
7.536578140774351509e-01
1.123470456323844291e-01
3.656596115170289707e-01
1.123381092295655748e+00
7.819310097380774982e-01
1.164622190650496991e+00
7.295939543858160903e-01
6.779020824776845755e-01
1.026271795594051905e+00
1.895667402720130901e-01
3.812884235180126202e-01
3.536104353260892119e-01
1.950718612973183219e-01
1.431108418251536840e-01
9.606300717113566145e-01
2.209349808579401109e-01
2.282669162286088960e-01
2.690400657268231521e-01
1.101966253929477502e-01
6.135532962946134150e-01
6.930157568009969078e-03
2.706029861540459325e-01
1.364199698005837069e+00
2.270402720243046790e+00
3.414424049951710893e-01
2.443120620598180914e-01
1.316329583595029940e+00
3.090850847981924665e-01
3.066984611934688854e-01
1.521293480790247621e+00
1.392945456634389956e+00
4.987299692618620828e-01
6.364942571764575785e-01
3.377268610869781917e-01
3.602845911112340649e-01
1.917733347037601010e+00
4.715516912629610369e-01
6.805572501019231391e-01
2.785769046901484525e-01
1.147187897459799322e-01
6.042324246315390335e-01
2.861234848599971126e-01
4.651800259431053131e-01
6.513268063409977104e-01
6.364876561846882774e-01
5.848540259727387225e-01
6.401366977962765770e-01
5.003669693366532556e-01
2.391685923079063247e-01
4.509431226952071992e-01
4.939333339074936102e-01
7.995475610177988912e-01
9.746076106893108992e-01
3.361907663399528179e-01
4.445242781653571118e-01
7.474659671364040914e-02
1.088214323389601751e-01
5.852637111133809356e-01
4.346207409499903696e-01
4.291543454158170401e-01
6.542744577491120817e-01
7.401519564470161461e-01
8.019196677775858317e-01
9.968801066804632294e-01
1.274961060495821696e-01
7.173420983100271542e-01
5.177015483264209017e-01
6.018437308421252796e-01
3.289696009623531703e-01
2.558029610045801316e+00
6.263156147313346800e-01
5.997541038983096318e-01
2.146027998416791260e-01
4.658904224070285482e-01
1.638559779963662255e-01
6.345793368980738869e-01
8.772802024473600468e-01
1.016837888837424542e+00
2.580121281921447518e-01
5.402616605524408477e-01
5.514888955796812819e-01
1.202904584142683725e-01
4.339585108385027867e-01
1.170929119996495738e+00
7.975029187392360663e-01
1.477612575132354888e-01
5.850631733281005387e-01
2.905279972797039645e-01
2.037859676411815979e+00
4.497162297657012475e-01
1.140672606410091605e+00
4.866421204915934995e-01
6.349789614785770198e-01
4.475021654343483979e-01
1.705317603619685429e-01
5.018801648191766329e-01
4.339636047959302689e-01
2.917452220495404980e+00
5.144737873037248388e-01
6.611562653784418542e-01
1.540075486617188960e-01
1.662911871450865886e-02
4.496721885813277919e-01
4.677830451693768543e-01
3.384429319791157353e-01
3.313977572161680984e-01
8.038017370026048214e-01
1.061282715513596209e+00
4.678915572609409490e-01
8.115236878723617320e-01
7.249941136288489130e-01
1.924794285466396582e-01
