1.264626381604075478e+00
1.230199660148163288e+00
3.855578853650395987e-01
2.448973837024040756e-01
9.364956646784586280e-02
2.730103405463857325e-01
1.949206806305550543e+00
1.773989187082578356e+00
1.490181981767954689e+00
5.267038647282892144e-02
1.392446904667959284e+00
5.035948529340811275e-01
3.519352706139116105e-01
5.799234056355230260e-01
6.767708944382708758e-01
6.298327209795789861e-01
2.954582196726479593e-01
9.975625965960925878e-01
8.452409646791640974e-01
5.682713392150607890e-01
1.841212928146304106e-01
2.617828501431510024e-01
1.847864378730073309e-01
6.961800651823714103e-01
7.904896290403211623e-01
7.180889975291989691e-01
5.263750650629749339e-01
7.348035118092446361e-01
7.896996677523008268e-01
6.636046704236487903e-01
6.096352949538359489e-01
2.791894577976478664e-01
8.801573087194710654e-01
9.447019952357521566e-01
2.256118220609523384e+00
8.070554789669792672e-01
1.219374765747487793e-01
9.501521485541472023e-01
1.704243041866043973e-01
9.737750955177723045e-01
7.509806159306063877e-01
2.070304472430034792e+00
1.032494725659949930e+00
1.260639709980094336e+00
1.551591779473459054e+00
1.805774815265204003e+00
3.769170625733355151e-01
4.465122927501595784e-01
8.214520784185866953e-01
6.343812622841034088e-01
6.127039765822619444e-01
9.219833851658267854e-01
4.546499394104933089e-01
4.778545677393597479e-01
3.920995164967041036e-01
8.810759395788883008e-01
2.914221803855799320e-01
2.490957519616120996e-01
8.026844919152704705e-01
6.920934427281909274e-02
1.470743920458523313e+00
3.567908547653299567e-01
2.224019455560889702e-01
5.455189588086157837e-01
8.032331610235918795e-01
8.336489664399142629e-01
6.613022925304123945e-01
2.618578848926096381e-01
6.089031065271113263e-01
9.928518438018578696e-01
5.942857294003706103e-01
3.978106128761682014e-01
4.953077153908171382e-01
4.941219418737457514e-01
2.458468284286159933e-01
4.425317018650711254e-01
5.177249802611502139e-01
3.385708130973605345e-01
9.827651580201717252e-01
1.540213915809961698e+00
8.742693240845769154e-01
5.208272789939210057e-01
7.628124644105725993e-01
1.607601884575083906e+00
2.521978755216577106e+00
4.762439258906241840e-02
2.139787065252198028e-01
7.642101117696519230e-01
2.549586642668164593e-01
1.005152683305340799e+00
7.922451609608678336e-01
2.223442040595673408e-01
6.350667700363960000e-01
6.697763948372008613e-01
2.078244561502294030e-01
3.897198686139556889e-01
5.945141631345700339e-02
1.210982393326743178e+00
8.505256880397640273e-01
8.171845614342782005e-01
9.466684820138793199e-02
1.323812974868285197e+00
6.827865299036454116e-01
1.818829010371426080e-01
1.564611230565891020e+00
1.330669633818911013e+00
1.476358169852881597e+00
6.473722055055991520e-01
5.588350296441195741e-01
6.912352649023558726e-01
4.811941736049799578e-01
1.308288649219363053e+00
1.144541086717250744e+00
1.221107750470710407e+00
1.157857782632157218e+00
7.385633288565708332e-01
4.109365569465141532e-01
3.011269718280184526e-01
5.846616133462902987e-01
1.142187529527649847e-01
4.203629171941563047e-01
2.754020028152679989e-01
1.109983853799232228e-01
1.040398859796096698e-01
8.358067974645645437e-01
1.242077206265920886e+00
1.246285950808533105e+00
9.373906341919967244e-02
6.348529952459980308e-01
5.012874153963614576e-01
3.769264301349602997e-01
1.362892180631100070e-01
1.148726272366018764e+00
1.009867772327501800e+00
1.095381506839141067e-01
5.042914805635011488e-01
1.188767437526254911e+00
7.010644828426970676e-01
5.287507148470658169e-01
4.535885615033189433e-01
7.013340846181324029e-01
4.523632766584610443e-01
3.036020963716395960e-01
2.646247960453240289e+00
6.261763730801537253e-01
1.127549185274041799e+00
1.197329445184833752e+00
7.630913731758206531e-01
9.313116183704345241e-01
8.773664297315005856e-01
4.720452073390946635e-01
3.820374278575159321e-01
1.209148966383490620e-01
9.050201165734097497e-01
1.201197241357966350e+00
6.076670880914900597e-01
6.053971883975439727e-01
1.510443468777357690e-01
3.645864068137260050e-01
7.889702964209727165e-01
9.899104967369829478e-01
1.136105036105537147e+00
8.078477649694479901e-01
3.960572587456839821e-01
4.719861757516312650e-01
1.041345091727434724e+00
3.862458775063812300e-01
8.748768153079197196e-01
1.102832482038451190e+00
1.350137977513262255e+00
4.143930969610347126e-01
7.725055861882311747e-01
1.042473877295893248e+00
4.957005626873624560e-01
2.448914546507321433e-01
4.487533470699958671e-01
1.369585273831307903e+00
8.080313331393559895e-02
2.694787489220755727e-01
4.374616654620768763e-01
9.054037798044040075e-01
9.692605620367774621e-01
1.099509937752602307e+00
4.632778914782346713e-01
1.014295808995236969e+00
1.819575392263004909e+00
7.665826222066739470e-01
1.662508080695365598e+00
7.229407545361261622e-01
1.637229325838286620e+00
1.111947394730138816e+00
7.731985353136385797e-01
3.991577852765897383e-01
8.139944515866900376e-01
7.390631070610381714e-01
5.017693936764974216e-01
5.671489107292704279e-01
9.948432645100838689e-01
5.603572152503604187e-01
1.402850047416997148e+00
1.432239185640769907e+00
9.842280421296677462e-01
7.515663033765173084e-01
3.938396541794612626e-01
9.377516631616458209e-01
9.964146856515706530e-01
2.373288379711192275e-01
1.180262166602827012e+00
8.050900331920987085e-01
4.462811783986850855e-01
1.198329541292026068e+00
6.443722183995590491e-01
4.931165373009597230e-01
7.693018047405800752e-01
4.938033414943787114e-01
2.815383423162637344e-01
2.543985242884158060e-01
1.278908280761779537e+00
1.121304833148764279e+00
1.101342074875437227e+00
1.032392909671595138e+00
2.741705389338777166e-01
8.885932401562695038e-01
8.505303872910501273e-01
4.133405933969103163e-01
1.122625902918660268e+00
1.058525019242072984e+00
1.518545621952181790e+00
7.220688480539614318e-01
9.688341027840368103e-01
5.036700683071926310e-01
3.782932106650522819e-01
7.991207589927491473e-01
1.040752942954161542e+00
8.894750719810997630e-01
1.145097618280551233e+00
9.381447482222118328e-01
1.070318490327519134e+00
6.919368480189725945e-01
4.433148349460186988e-01
5.259479618064401008e-01
2.270488404848832464e-01
9.303670443294149717e-01
1.251028600931529899e+00
1.500202597247768166e+00
1.258334776707247249e+00
4.875001889325564775e-01
1.022053695814005181e+00
5.277215523899803085e-01
6.428446095436850527e-01
2.737891446290702246e-01
3.725762144836008982e-01
2.866817465384532415e-01
3.606310207109001409e-01
5.737120677586806661e-01
4.784580327191597093e-01
1.132668994970184029e+00
7.834693701070920557e-01
7.695648454469331545e-01
3.161856784871934778e-01
8.670068591407626979e-01
4.356999120182028506e-01
5.465719842460143862e-01
6.667389172608033654e-01
6.473069643795734684e-01
3.121229938462749542e-01
9.135389170536814540e-02
7.128137851220914811e-01
5.904283312240499182e-01
6.697771417022340135e-01
1.657678422088014081e+00
9.502290531864515666e-01
2.121439406925423210e+00
5.118964392762488380e-01
1.284803999110530448e+00
6.160907330032253659e-01
4.206019834050955808e-01
4.164043475336001721e-01
7.652028617383835329e-02
1.258256688940192936e+00
3.684742364159154238e-01
1.174190670480722565e+00
6.870664482590806976e-01
1.408527949828157766e+00
8.251811215198442406e-01
4.833135759323636260e-01
1.232838295467202139e+00
6.168980804321635425e-01
1.262999243376692782e+00
5.767682687792211604e-01
1.328962538185752384e+00
3.569320579604104426e-01
9.174743394457394174e-01
4.948369470364422651e-01
6.140069934626926074e-01
1.285654273202932574e+00
8.014356271457184766e-01
1.849005570481247585e+00
4.652413340575030642e-01
4.200214474915094365e-01
6.393924869515512643e-01
7.040660998724754815e-01
3.634137869557483302e-01
6.999659388077054123e-01
6.068384125404067131e-01
5.860458627792307640e-01
3.435851686160568130e-01
8.553340816756099807e-01
4.831574576364847662e-01
7.493968716392110929e-01
7.519777880704198170e-01
5.610708848723697795e-01
3.225934977480493515e-01
5.430962743266993797e-01
2.097519667736113647e+00
9.666470656795322913e-01
1.587073863880831937e+00
9.572113281845379129e-01
2.166839030208070671e+00
7.652664121754382265e-02
6.468321851574021508e-01
3.046184301984861120e-01
2.210902030155386111e-01
9.644612584604980721e-02
7.378301207243704862e-01
1.091401855290359046e+00
7.821979358414377081e-01
1.101952949830577122e+00
3.585426665600980334e-01
6.763461342056122927e-01
7.101143335284157976e-01
2.032964939035572516e-01
1.005036748573647332e+00
9.512841821032945733e-01
7.650677963058165609e-01
9.426274223392063778e-01
7.804896934313442225e-01
4.237063580052509715e-01
7.006325347492412536e-01
2.745728362168380343e-01
1.495441028278789775e+00
5.340027146725639939e-01
4.878680182038745428e-01
5.340393172286972412e-01
1.007175608794061150e-01
2.410464558840993698e-01
6.544476728556334333e-01
8.445084090461978388e-01
9.760818198115200905e-01
1.838926361417755617e-01
1.537533955659063478e+00
4.466548940062329276e-01
1.953550648552387692e+00
9.203346693087566255e-01
1.072508329021256035e+00
3.282642521086509557e-01
7.566823085376972458e-01
7.452671181921152188e-01
5.864938278780642555e-01
6.115789243451279500e-01
1.190215369729638040e+00
4.315366566480417498e-01
1.016071989831286215e+00
5.512483406046384538e-01
1.634631715771349247e+00
2.040304316820284125e+00
6.363717053717677929e-01
5.528482847428555225e-01
7.209974812115613751e-01
1.422192172857461356e+00
7.233773831631531426e-01
1.492743030797162029e-01
4.176749129273462646e-01
4.004594707580085844e-01
5.774073826236590934e-01
1.027288982782008198e+00
3.519748807188063378e-01
5.267258254863731448e-01
1.852248708415486222e-01
2.561215601221488170e-01
1.832247908855220708e-01
8.818155160863098141e-01
2.201622469499660006e+00
2.052264632094294328e+00
1.064573540310578714e+00
8.844771841208854957e-01
1.708200670050489922e+00
3.256250891899386546e-01
1.064078355397809483e+00
4.435493272006519883e-01
2.174851446394642507e-01
2.380417630357397396e+00
1.228080417279700853e+00
2.085694662843148084e+00
5.102763121226299159e-01
3.933002247252785355e-01
4.998621741311252142e-01
4.254451033836900153e-01
9.518701709540886569e-01
8.245865331658569497e-01
5.641180173875777193e-01
2.351873839109825060e+00
8.907951795630995040e-01
2.740743839549373839e-01
2.372074758727090726e-01
4.163302872473980676e-01
1.966554183191816796e-01
4.597639866909591921e-01
1.125345760929008510e+00
7.861583864817183187e-01
9.964733068423404783e-01
3.048697158284003894e-01
7.136044955493550113e-01
1.662272422306385056e-01
1.693174028343561011e+00
1.773424699011678651e+00
1.151155063401410494e+00
1.251759646423270755e+00
3.908714360290421741e-01
2.795076172271208637e-01
5.834646285521239983e-01
6.110292272515496226e-01
3.766935762736918769e-01
1.453537011399867185e-01
8.971842635999098814e-01
8.404948931693129177e-01
3.545620320765753841e-01
3.669583003781218267e-01
5.678776891980207298e-01
1.021046074561937633e+00
1.580325391906114429e+00
5.485403552080976297e-01
2.588853904419345375e-01
5.858642618276082015e-01
5.503375703169399724e-01
2.319717726199694297e-01
1.513315318680861499e-01
4.086565740306519201e-01
2.049813598734048503e-01
6.415547996114445706e-01
5.172292145194657964e-01
1.555183160504820805e-01
1.842346370608272998e+00
4.156125525468766790e-01
5.294612454917317912e-01
5.455679674769415427e-02
3.642607364768146727e-01
4.868476962485462911e-01
2.946173504426435885e-01
3.077911019410906612e-01
9.390960651747255472e-01
1.881722004424166261e+00
1.140647057894651040e+00
1.805511260308791721e+00
9.716655880599723849e-01
1.080797735661494396e+00
6.570558849616504604e-01
1.583945070424141344e+00
4.870454364963340832e-01
1.497246780484967843e+00
1.653444113029123863e-01
1.216172775387839716e-01
5.209196137171957508e-01
6.951125140523991552e-01
6.454622063356267869e-01
9.237033665264576809e-01
9.459459530657362558e-01
1.579500118875315051e+00
7.952804843596114059e-01
9.175785487240840643e-01
3.819557894573449297e-01
8.396366795236324121e-01
1.061551388409602614e+00
5.334242923883516507e-01
1.415797676664974469e+00
8.081153595596923811e-01
7.752162470534003091e-01
1.934389064056025453e-01
1.193972788160162501e+00
1.137044963565720934e-01
6.207063808525400406e-01
8.693457846879559803e-02
3.704780048214793009e-01
2.637713938477661002e-01
1.493846242288791315e-01
2.959907797763854931e-01
7.210804191253895601e-01
7.756033994065345549e-01
3.118551571970559211e-01
7.665672869084790841e-01
1.209958179859555116e+00
1.337148018698051999e+00
8.658380814381875235e-01
3.167319595461851600e-01
3.537753496102227779e-01
1.037538293141106571e+00
1.467285281237485473e+00
4.771372397865210613e-01
8.691494706741282883e-01
2.036824413548834478e+00
1.836265573600599055e+00
4.335625779908627853e-01
6.610945767522719008e-01
5.333327608140456949e-02
4.757698042487977785e-01
1.536808113639279438e-01
8.510357517117226323e-01
6.446298348765223674e-01
1.057785653976276219e+00
9.279667479076794123e-01
3.503697522241342455e-01
6.114663256130686148e-02
6.956484626031752549e-01
7.216557320600136549e-01
4.582286897650866830e-01
1.106315642720034909e+00
1.682147125740377724e+00
5.286969431855911283e-01
5.072947597100231354e-01
3.287410962286165250e-01
1.376687500405042175e-01
5.823824084487506658e-01
9.160917455898991424e-01
1.381064411098165579e+00
1.836645496013191270e+00
4.842482389111358310e-01
3.021136851960986025e-01
3.028155345863352624e-02
1.374682638689192160e+00
6.563964057877362812e-01
1.567937142683594742e-01
3.381911150225374030e-01
4.078643692302629797e-01
1.787106183314781868e-02
3.454435155260606183e-01
5.784721670042413111e-01
8.729822842600307720e-01
6.048312007422288472e-01
8.532773793885995994e-01
6.989843167590324979e-01
1.394303684312946823e+00
7.915707581662736469e-01
7.024332962240512623e-01
8.847162939764963152e-01
7.664074258597309841e-01
3.050356016135452597e-01
5.316026890392716586e-01
9.730538459299288290e-01
9.449782755739823958e-01
1.119929046280799589e+00
9.782767418532747339e-01
8.891526913496187179e-01
7.076016208909274852e-01
2.887344159917023534e-01
5.722375762388959286e-01
2.216303167014013642e+00
7.969689410241227456e-01
6.354066043824807553e-01
5.533144157129472607e-01
1.450728829065993652e+00
5.357312490440900854e-01
3.273986544065497495e-01
5.744369621500932110e-01
5.273532067131474488e-01
1.097725355401691472e+00
2.655931120079496610e-01
1.840885791278022321e+00
1.524324437493233209e+00
4.748628388253591237e-01
2.160792855013615177e-01
8.263719678372075661e-01
3.197098923151747707e-01
2.778658209879507068e-01
1.295652686750748961e+00
7.569591135999309550e-01
5.402003854517620773e-01
3.143834786547358706e-01
1.093878458789453889e+00
1.133191809018599505e+00
8.468170650396951160e-01
1.162994625883482236e+00
2.745370702026031506e-01
9.950070193094180393e-01
4.353302518083826955e-01
6.929152890963754530e-01
7.237904675645356889e-01
1.525963361315294531e+00
1.373611498921227247e-01
6.084271044944519202e-01
1.453939752486844705e+00
1.824599280296692161e+00
1.107876840061991164e+00
6.018087615771784415e-01
2.177639815334729556e-01
9.292749266264026531e-01
1.876376619265091916e+00
1.244677452570704723e+00
5.018025447724111521e-01
3.849527187221192803e-01
1.163671737595804556e+00
2.511333937995033350e-01
6.626895949675092323e-01
4.561041526681581249e-01
5.899755450446036997e-01
4.957876056527107389e-01
1.973655621973555152e-01
9.726636703578123155e-01
2.626659107532983040e+00
7.218641994733894229e-01
2.694876678033908846e+00
6.525221808995727013e-01
7.078294989872381260e-01
2.493667869975977891e-01
9.425853975572343613e-01
8.350527097736193394e-01
1.111597801729444224e-01
4.709213912173401684e-01
7.294190589236076994e-01
3.749027084930460219e-01
1.118020939064541919e+00
2.234544567359044928e-02
8.783238758877690566e-01
9.049029727618529417e-01
8.210234586128505319e-01
6.875820594650527973e-01
5.477471327989426320e-02
4.324613530913386517e-01
8.877030182704146455e-01
6.964260145686768100e-01
7.106888350548327127e-01
9.449264852266942016e-01
1.701950030762039212e+00
6.585651681099045085e-01
3.189950619520346420e-01
5.972151579114889364e-01
9.047152522674452302e-02
6.962768363494609147e-01
1.164338158495830111e+00
1.642107292539815022e-01
1.582242577766738156e+00
6.041274760262393961e-01
2.075578398791142753e-01
8.404074000523240606e-01
1.140015109553568773e-01
4.942475325563699950e-01
2.706204222983614738e+00
1.475005584188240793e+00
5.111941544465089526e-01
4.079288203063073937e-01
4.373780848629058582e-01
6.446487460075219778e-01
8.501366618943910769e-01
1.067575340909021842e+00
7.659440202126623909e-01
4.436070239454611430e-01
1.438139346352649950e+00
8.273460846179808703e-01
9.867217839149274861e-01
1.019275088820134206e-01
3.671340392006522402e-01
6.448765625270694857e-01
1.073710713375639614e+00
9.068523428556384269e-01
8.726797135886309453e-01
4.995090679933164579e-01
2.402509780916191606e-01
1.117835997525220559e-01
3.101442683185584581e-01
5.654502590056346145e-01
6.542185662320669781e-01
1.345050346798867924e+00
1.510517355657552629e+00
9.384216239700282625e-01
1.002347517752016914e+00
4.075699808758025400e-01
6.796147450220835218e-01
7.024963544680639105e-01
8.409978106217490534e-01
1.257184186153676775e+00
3.154658234894213709e-01
3.454440878744297061e-01
1.191432652282867766e-01
2.349858568207671417e-01
3.357513739703960609e-01
7.319435817033222991e-01
2.334057501474073315e-01
6.780900319299252299e-01
8.257945869544105477e-01
3.921217632789877894e-01
6.626168276172668126e-01
3.498715409070630722e-01
8.703406057102520688e-01
1.342207414025651246e+00
1.697444217910528463e+00
1.376951746810550770e+00
8.238794493287125986e-01
7.679105342605139217e-01
4.379685928200360290e-01
2.525118014903355856e-01
9.505084187798920059e-01
2.856172379599121736e-01
7.542890155296922972e-01
8.200468728726031387e-01
5.788326519876846321e-01
7.397735908394130755e-01
5.941596264716735298e-01
2.621860142885193978e-01
8.916667352811997738e-01
1.341375726000661184e-01
4.767781785187834021e-01
1.384982582465908552e+00
5.131245791915226562e-01
5.632838603840262248e-01
7.831934435250891280e-01
2.437679375664642267e-01
6.589722528293520121e-01
7.677427236800923871e-02
4.115468012342012871e-01
7.657777220210205682e-01
6.745391852343025629e-01
2.723014043235872927e-01
3.172232089650232068e-01
4.798378411589512837e-01
1.683971958564711990e-01
6.307323350578575294e-01
1.469761029966806243e+00
9.533958339154262329e-02
5.039392749973660435e-02
1.178373148628801825e+00
9.430907156269853209e-01
1.014111297690343916e+00
8.306360765192259965e-01
4.731077407971585880e-02
2.440548649610354559e-01
1.012974872068161503e+00
5.970478577480705651e-01
4.780543922282179947e-01
6.020657437558154523e-01
4.816938882106583386e-01
4.564782196384193913e-01
3.487605443989940102e-01
7.749466245889283789e-01
1.401496499165451937e+00
5.727536659007925746e-01
8.515627919123880396e-01
2.913304303948534013e-01
1.622201899365155742e-01
4.687362409718702771e-01
7.244525145169198321e-01
6.632849242887097763e-01
2.906504596225903403e-01
9.509845120085824721e-02
8.315955073417675703e-01
5.545977278984506320e-01
4.165777800150005095e-01
9.774533578057233996e-01
5.493083662651534471e-01
4.464838487654977928e-01
1.215165416199903703e+00
2.169181124315630593e-01
7.769019669322952959e-01
6.091881059962971773e-02
2.126441016975353371e+00
2.526159115555511314e-01
1.473537874859519314e-01
8.187216424519914160e-01
4.237140886325777567e-01
7.298868645911062991e-01
2.667500354890592895e-01
1.109974217074423813e-01
1.173277065645794481e+00
2.215225026335259917e-01
1.165905585165976310e+00
4.363281058903367704e-01
5.368423466995539961e-01
1.035113700572710682e+00
2.261983335270608464e+00
3.587644707040478775e-01
9.284121062693256876e-01
4.379031447095746432e-01
1.600731006810795387e+00
2.946065239160308158e-01
1.484254260979648077e+00
1.704591304166547472e+00
1.297058936170269350e+00
1.380057126272459314e-02
9.504847409572001471e-01
5.069250367879730712e-01
1.090310948209279457e-01
1.065703699145911010e+00
7.343095693604350105e-01
1.764897110700596405e+00
1.184897905720035727e+00
1.273675179460544982e+00
5.868192645541191188e-02
2.927443816053554304e-01
9.623004328678000374e-02
5.111748911840517939e-01
9.662240689431368379e-01
5.568386579470474551e-01
5.649091353968013207e-01
3.016336286132092481e-01
4.688420726690061269e-01
3.168284922845753249e-01
7.243869739730198765e-01
6.888885779411506594e-01
6.891663601409251383e-01
2.705252633521134653e-01
1.263106934017409477e-01
4.984784866011393589e-01
2.324629997742417090e-02
1.508481559225766100e-01
1.222048667328802019e+00
1.956331106499769601e-01
6.976910839925350993e-01
8.704185024592943076e-01
9.128103312463142771e-01
8.736945142458217850e-01
4.033453201377261710e-01
2.439932604899505697e-01
3.572303942323742931e-01
1.442325988432940242e+00
4.764066126669331824e-01
9.924207661821217163e-01
1.799773024447575420e-01
5.663633965391376979e-01
8.753313577442817239e-01
9.663253291642701637e-01
8.557796033285446358e-01
1.643983947086717690e+00
2.281087334177049897e-01
4.806822389005843132e-01
7.368398821712482949e-01
5.095661403752747010e-01
5.465414445985609104e-01
7.705947684613927429e-01
1.218251964649549102e+00
1.223675263871516483e+00
8.344498817644133704e-01
3.993975692024986923e-01
1.410279643346263656e+00
1.211702476448569987e+00
6.923141898305260611e-01
1.976730480369229548e-01
1.039989696945301800e-01
4.098170226527336757e-01
6.480707559481533320e-01
6.531293861268203660e-01
5.062629218316329061e-01
3.829091481500644933e-01
1.308059097275298566e+00
8.898665027286473128e-01
5.781629776854806391e-01
8.470477853145158553e-01
1.120720288847407486e+00
6.456654212840327034e-01
7.482053156190141552e-01
7.290121047515858432e-01
5.375363158572245004e-01
5.781111665053370041e-01
1.749800951564191021e+00
8.594620319239928419e-01
3.413279139003809748e-01
1.384489948779008994e+00
8.490709912726444042e-01
2.317544894621654361e+00
3.401341403564002164e+00
4.052143210538679541e-01
5.127865495931723805e-01
5.156073491887458449e-01
4.345285568902680362e-01
2.266135957979957816e-01
6.486767755566996696e-01
6.539679723476257145e-01
1.205983356828843389e+00
9.474545454789404242e-02
2.778208539449645853e-01
1.121934025253053191e+00
1.023340997647518069e+00
3.627964644558033802e-01
7.456444311237232503e-01
4.220774109903634996e-01
1.138144160158447882e+00
7.481431295090426037e-01
1.840436861999203311e+00
2.726937939908953279e-01
4.719031177846707559e-01
5.423799680838887749e-01
7.123458118607949308e-01
1.461139959909031338e+00
7.593828919907193165e-02
6.742517550100788348e-01
3.005669087262590744e-01
3.308887772913414183e-01
2.553724603526059678e+00
7.833968340093583338e-01
7.746284932249516419e-01
3.908854269293158268e-01
1.491299366392315751e-01
7.719104398943767986e-01
5.516216428322011645e-01
6.678642445447819931e-01
1.507392020381497888e+00
9.292455802854928670e-01
3.730855302875242807e-01
4.554222351092982457e-01
3.221858314630451914e-01
2.234210210616704717e-01
6.005488587858296423e-01
1.242017664786793096e-01
8.893207207998257702e-02
3.808897790670812133e-01
8.070010828826440497e-01
8.343203205255201871e-01
9.519463984819016567e-01
5.514403944080272790e-01
9.302698078697471118e-01
5.118622846614211408e-01
1.669843922492957766e+00
6.180408587808894350e-01
1.667658042702030441e+00
2.784671556279623705e-01
8.634682105983640943e-01
4.467425092157110145e-01
1.386465751097187282e-01
8.598660786790979227e-01
3.010628269782113509e-01
7.898542141171733810e-01
6.401736764109530187e-01
8.641804061387049485e-01
7.903256702488173913e-01
9.417510923048498794e-01
1.280984576652490103e+00
6.700282735639954135e-01
1.089279837444906640e+00
7.381569870099189412e-01
8.397376508979017551e-01
8.396739140362744491e-01
1.099652228784078423e+00
9.424310999970302305e-01
7.284409123383083218e-01
5.553064181869847848e-01
5.892902920966870406e-01
5.464430395210096991e-01
9.778816097406213548e-02
1.241409935130027842e+00
1.193618104328530327e+00
8.522249201734952706e-01
4.202874405235778599e-01
5.843251178235551180e-01
2.089748975027091657e-02
4.496419514228725545e-01
1.102583897263448076e+00
2.046128596197387850e+00
5.594222828731432173e-01
6.067015028865097026e-01
3.366985892174329531e-01
1.719896402693943172e+00
1.081940499458150962e+00
6.560598999149696020e-01
5.651412831074520415e-01
9.199977161922315849e-01
7.735326810002939313e-01
6.295661996596142451e-01
6.094581493506603387e-01
4.826381843307511188e-01
9.444572142488619759e-01
5.121523255246344108e-01
5.598697165446161472e-01
1.420998129849168734e+00
7.129155803524611645e-01
2.454230635270897576e-01
6.851746469134131767e-02
6.321855770705816502e-01
5.186718256457708565e-01
7.929806871290073778e-01
6.811473319719730801e-01
6.736628427353156257e-01
1.149759825847928019e+00
1.034573564161341386e+00
1.241025569826051056e+00
1.474697938091338978e+00
6.471568494583084252e-01
8.411252036052512260e-01
6.614467311153406914e-01
1.225775171149814158e+00
1.917366670097687131e-01
8.453616673172511531e-01
1.110603304378552147e+00
8.474863849438362129e-01
3.796802492397245432e-01
2.929910479355259390e-01
7.829475352780214115e-01
2.109105237301555913e-01
5.787646038806192328e-01
1.011899379888181238e+00
2.271557410684745763e-03
5.022193521648109504e-01
1.019666603644282743e+00
1.018329001062076911e+00
5.239559291166476923e-02
1.378500027837668229e+00
8.680435946158474581e-01
9.450812211293059262e-01
5.958271449334040515e-01
1.144901413660570855e+00
1.467820587797677767e+00
7.437951005400376125e-01
9.775827316786311894e-01
1.494363395931907479e-01
2.427429034350729042e-01
1.188900138793803629e+00
1.228640433998136938e+00
1.340733443949241321e+00
1.557447550218480137e+00
9.765359478138008198e-01
2.804105718071323583e+00
1.139386195305577942e+00
1.118462904210615116e+00
3.714044741194680310e-01
4.744930824242740708e-01
9.715718756906385201e-01
5.100173886872753082e-01
2.260795804920097407e-01
4.254300314155186058e-01
6.612151013784847153e-01
9.470761357962542704e-01
1.322263918910973945e+00
4.873187185813406264e-01
2.955461744641884048e-01
1.650669533195887828e+00
9.844625358578612540e-01
7.123599873002002258e-01
1.458591477958688154e+00
6.730724103535452585e-01
4.118901006276029508e-01
6.546767645851301332e-01
4.387698863648172298e-01
3.214086363250153733e-01
8.585781230957053589e-01
6.124538980186069459e-01
1.265438840792776576e+00
1.715139791264140401e+00
9.218754486302055406e-01
1.132576060238502241e-01
6.933876382650925319e-01
1.389193047624464716e+00
4.065971540845230159e-01
7.324518150353718227e-01
1.113902781594309221e+00
2.630102649207780585e-01
1.108273181033128330e+00
4.794336523842043785e-01
5.493625583820062053e-01
7.985073047980797423e-01
8.399878504901460152e-01
5.351613096651947066e-01
9.673793765521746524e-01
2.664596255395900171e-01
3.513010129083068978e-01
1.159881464263093909e+00
5.686036126995401840e-01
8.781811477134413568e-01
4.640247046786594165e-01
8.596531828556851496e-01
1.166357134411044466e-01
3.876961118521344840e-01
8.643150290352829002e-01
1.808254721698729250e+00
9.455468979679942931e-01
5.925363905925499219e-01
3.820280242230177925e-01
8.618120945866760696e-01
2.145050455641271114e-01
1.130181697835719534e+00
4.040687183470965116e-01
8.233878785867847494e-01
1.440967283050673897e+00
1.494976813665858106e+00
1.763976084522738130e-01
1.104718424020776801e+00
3.323009661111036017e-01
4.486272081942712098e-01
8.692987957084111761e-01
8.348008273763614095e-01
8.943441435934150752e-01
1.157075551240893452e+00
5.519266617516129791e-01
6.669710508181390107e-01
1.460640578163233450e+00
5.166145670267543455e-01
7.130647000871672692e-01
8.011057715076405072e-01
1.097300761377156819e+00
1.459764317632927133e+00
1.139882329450268905e+00
8.941256727570157103e-01
5.395534818143085110e-01
1.056911390943036988e+00
1.166566910806422719e+00
4.287441807576155561e-01
6.908963077219766324e-01
5.010950529496274175e-01
8.863416066128889659e-01
1.337939649607297277e+00
9.038745704262298730e-01
1.356351582111730680e+00
6.298845882390272655e-01
3.056516095824508006e-01
9.587390738124518252e-01
3.938121566290867515e-01
1.902309453878403278e-01
2.528695504551928153e+00
5.001037048256323780e-01
3.985748720542089396e-01
7.975925104718485370e-01
1.894954969926413990e-01
6.639904363756194972e-01
6.108767020963311589e-01
1.117228602844706042e+00
6.294308312108509718e-02
6.653664460559639560e-01
9.002156877566616089e-01
1.548868644348440071e+00
3.184326097264802979e-01
6.178140099966628052e-01
8.905080941118077575e-01
5.789509004062609598e-01
2.591125656948056188e-01
6.506472831178948812e-01
3.402763282835670200e-01
3.090480320733933195e-01
3.312573521904875751e-01
1.023410653826056116e+00
8.228395934700208914e-01
5.010493045538944035e-01
2.725883152186698299e-01
6.905181461546907595e-01
1.466813807039556439e-01
8.339415349132248689e-01
1.577673123458595839e-01
8.386368597811878489e-01
6.079311236758199177e-01
2.256984119521854570e-01
1.188502659964554509e+00
2.000815759892668133e+00
5.235437962475201212e-01
1.128122609664662601e+00
2.714553569311940251e+00
1.451817809038711493e+00
8.020067472316118051e-01
1.096301355330363547e+00
6.987320166832271529e-01
1.695059406922720058e+00
6.925217741567054608e-01
1.052770846529531790e+00
9.614064891608563590e-01
1.782744350704767333e+00
1.687340908952554397e+00
2.061168338388887078e-01
1.596573395721412325e+00
5.908420166331050938e-01
6.123773579102362863e-01
6.411529864486433805e-01
3.016825381745398826e-01
7.453651772897466055e-01
1.175161492433002497e+00
3.458085733951691942e+00
5.336636846729344574e-01
4.126702614030567928e-01
3.281351586294827261e-01
6.708111235859707255e-01
4.487219126062405583e-01
8.155147377961418087e-01
1.483683189647455825e+00
6.434287504706508454e-01
1.144852841156919654e+00
8.938990259022571161e-01
4.684593210634211968e-01
3.539938704904502242e-01
3.519562416189387921e-01
4.197504774092127300e-01
7.645170980570502595e-01
2.849427570723788161e-01
5.608420803425964163e-01
1.143468887997738603e+00
1.122893294087017102e+00
3.699152370718038485e-01
8.237959474321895348e-01
1.066327247465088446e+00
2.861019664449410693e-01
1.156657454372669980e+00
1.219659339142046939e+00
9.557437434729868508e-01
7.723233545753630525e-01
8.045151365717985170e-01
2.852641625500599853e-01
7.773895536012246366e-01
2.857529338703798105e-01
5.470485431161858925e-01
6.239464880476690567e-01
9.545734609590618147e-01
2.784876213956254953e-01
4.721819420899642239e-01
3.893626317554472194e-01
1.882563827863255712e+00
2.379990199414664942e-01
1.183822895677656639e+00
2.967776602173209932e-01
1.128628281295033231e+00
7.392356614256279101e-01
5.560592271000921460e-01
2.807339151478851491e-01
8.342037277669215323e-01
3.874468933443583341e-01
8.466497166251851780e-01
3.549975909787556616e-01
4.342587364873164435e-01
3.156292005056732797e-01
6.298408292081786319e-01
8.647668263700369895e-01
4.872587076642467263e-01
1.034919292102839672e-01
1.411441410472203506e+00
1.405800049282135422e+00
6.327860235987978754e-01
7.163219144428591978e-01
3.412480848345078588e-01
1.557941915210140138e+00
3.036897703186333120e-01
2.531635822136761860e-01
2.947046496745160948e-01
4.126377294975825394e-01
3.314148119836254902e-01
2.361050485435398638e+00
9.478231246271695554e-02
3.508579575403996120e-01
4.711798980693048255e-01
1.681013666109860472e+00
9.893913981725375173e-01
1.137956935968659433e+00
9.691429290754511872e-01
1.296218127854391167e+00
3.595650035694995528e-01
7.181604415199641656e-01
7.969764857414649573e-01
3.263967185119616143e-01
1.214743920235459740e+00
1.227221713587604013e-01
6.481103537603341014e-01
2.969260243466051441e-01
6.043802640971982498e-01
4.571141939191031289e-01
4.301677096534530786e-01
1.027051894438757884e+00
9.862152393308093457e-01
2.400508824778060379e-01
7.542405774607342794e-02
8.046393345484584847e-01
1.195863352771580512e+00
1.345864248992266088e+00
1.399628716165215891e+00
7.348177022325919072e-01
5.714255983093220470e-01
1.005769872850762692e+00
5.816046574990303419e-01
3.321033264337397428e-01
3.905157782727005089e-01
1.003818176347654356e+00
2.300621813370419821e-01
1.506270403042212214e-01
2.714439897249723010e+00
8.660117105055975539e-01
1.313080498459795187e-01
1.634187493354950949e+00
3.051045422567423504e+00
6.199844937490451846e-01
6.260251314012371671e-01
1.095921902758648425e+00
4.228115359489575953e-01
2.069169389807496706e-01
7.140957702480482672e-02
7.307291140711086319e-02
8.049710176259664562e-01
8.085286589682509906e-01
8.170393217698200816e-01
2.872302248487412779e-01
7.525366376055817597e-01
4.109520100598731407e-01
5.431586226936603312e-01
4.807283002574341269e-01
1.018809847919968981e+00
6.728158566706921029e-01
5.835637514924434388e-01
7.255095682753097686e-01
3.109745063782791696e-01
2.260930727239010285e-01
9.604890718484108136e-01
6.284497279651661827e-01
8.364341715776485442e-01
3.137991059064821342e-01
3.248297057374815444e-01
1.097857388598172390e+00
7.047138349266452995e-01
1.108574090786393240e+00
7.533052546815373063e-01
6.423665583858721995e-01
6.267830009294329541e-01
9.680409607171203135e-02
2.897552007759160997e-01
4.223814246068811618e-01
3.317787078105823850e-01
2.756909974661366641e-02
1.028585738034258901e-01
6.235919595388509373e-01
4.331340715647969408e-01
3.644831124289539259e-01
1.439193701279500859e+00
5.858803701656429830e-01
4.963423747502553884e-01
1.218146809400135533e+00
1.137227918052321263e+00
3.043214515661740172e-01
1.306474401586886103e+00
1.057451503276144678e+00
1.637673553483100619e+00
6.960402515244428212e-01
1.368696008556320898e+00
9.065725945036205990e-01
3.551474573945605506e-01
1.044258861929753701e+00
8.623975180932667017e-01
1.283117419705909201e+00
9.500051283336036212e-01
1.548137538638203470e-01
2.831984567188325363e-01
6.418013839489578043e-01
9.596093723233883876e-01
5.413900538569001997e-01
2.203600686290895991e-02
2.127252289127051554e+00
2.441872321627632791e-01
2.713026213007010967e-01
1.839698377770565829e-01
1.269529078621698115e-01
3.323117410227519053e-01
2.945122181054418697e-01
5.529722870765402254e-01
8.306193256594548435e-01
2.547595510638407834e+00
2.521903581629081903e-01
9.233909866204234040e-01
5.323872834102213458e-01
1.910000847815813918e+00
1.256748321250628964e+00
8.764367104441135314e-01
8.378186286119643222e-01
1.717182716331011605e+00
5.688229550832045733e-01
5.257874998197846761e-01
3.281487485540613425e-01
3.615858097734672150e-01
5.036913997410348287e-01
2.181561469136247544e-01
6.292683230773996605e-01
5.014869013162803757e-01
4.154407036342344650e-01
4.115798532308206914e-01
1.773057149356848550e+00
1.773687256207547636e+00
1.330158451571511913e+00
3.840633011689844056e-01
5.211104050341840432e-01
1.947112777195901590e+00
7.958871688911471898e-01
8.459745537597185283e-01
5.316097731974362972e-01
1.096252252292908125e+00
5.893595766628580979e-01
6.674114842701750483e-01
6.771282408688701349e-01
1.206220498229201521e+00
9.738895351845698878e-01
1.584985887944866834e+00
1.265615218382674545e+00
1.399330201594755074e+00
1.263583456242772352e+00
1.154169991605072720e+00
1.116591526922331018e-01
6.183349127254169630e-01
1.135038999616176048e+00
1.108545407471827504e+00
6.952427092017694488e-01
1.251330017591465449e+00
1.098132336128961217e+00
7.495172673204679725e-01
6.472060194410661493e-01
1.722584546433963082e+00
6.184523203705678540e-01
5.910006014343465175e-01
4.143546848776837321e-01
7.875971492851124856e-01
6.902078705583701845e-01
9.545656738816453712e-01
9.585194408223267626e-01
4.512341367830504657e-01
8.471158395899561766e-01
9.636590830725860757e-01
2.065167624914697186e-01
5.541451963311536666e-01
2.772656058678764079e-01
9.966916403261545376e-01
1.498143858552922758e+00
5.315752983742602078e-01
1.007025045346293668e+00
4.207672478636237390e-01
8.645195219228890560e-02
6.902706615829035108e-02
5.295040138330167068e-01
1.158437315841310156e+00
1.040273261055008724e+00
4.983216413281526536e-01
3.505384718225560414e-01
5.685085385081999343e-01
6.721415743227365791e-01
1.579532796259045968e+00
7.132819364914307902e-01
5.444655960154564101e-01
1.306418539087380370e+00
1.894848314338575257e+00
5.109789388579363267e-01
6.454993284693634203e-01
1.195750108961647351e+00
3.440194529473341034e-01
6.251729987235307151e-01
1.155889840519818801e+00
2.773833711953128112e-01
3.933705761316763083e-01
5.890912034387330021e-01
6.350175705139098070e-02
3.739307220279066701e-01
5.115213971472848398e-01
2.697398233884652496e-01
1.402878056421028141e+00
6.354717489701383615e-01
2.927780193728083402e-01
6.132414616727928092e-01
1.345737992817523654e-01
3.106669666741329605e-01
3.722213214941459958e-01
6.739681481050974199e-02
3.404163279450977408e-01
1.561170463016151588e+00
3.665992125674717439e-01
1.997771351149457697e-01
1.156324366666458658e+00
1.373484987802551682e+00
6.171242122497029303e-01
9.941283589089559003e-01
1.444947615931974738e+00
3.921906881561342262e-01
3.351048096807627275e-01
4.524051418491394361e-01
7.227313529759225030e-01
1.104861204521314866e+00
1.483464830752618147e+00
1.303245602947588067e+00
1.259609880045788444e+00
4.971569668770514649e-01
2.547620966276640808e-01
5.004742557171774076e-01
1.243387708468340458e+00
1.846312056362434006e+00
1.067263611714723837e+00
1.127761559033551908e+00
3.605621242876407284e-01
1.132739913098415041e+00
1.571485424349293059e+00
1.785449004387148486e-01
2.166186151926558778e-01
8.809463958058910693e-01
8.953157048917069760e-01
2.477311679592909766e+00
5.284029323604574335e-01
7.900268165521749930e-01
8.996357236524183953e-01
3.016016594118179350e-01
8.353802938323814375e-01
6.818980046903611036e-01
1.226568828744748485e+00
2.781639202089248308e-01
5.856727323956228970e-01
4.664124596047302673e-01
1.018903729388939805e+00
8.567391081154270838e-01
4.732078691458160291e-01
1.609742726525892620e-01
5.567354938615014515e-01
4.205529910540029004e-01
2.592835811389351819e-01
7.978948587183758434e-01
7.982239475411923024e-01
2.663566888897058171e-01
9.245401849839195441e-01
8.483698574005716919e-01
8.093354812065287618e-01
3.256618880255824355e-01
1.891643057912445469e-01
8.768373383707001034e-01
3.457541634414706966e-01
1.720276779419354751e+00
5.897994779627502293e-01
2.641278078985312971e-01
7.027092668664357555e-01
3.823259602371937779e-03
1.912544160490260159e-01
4.065210535607036157e-01
1.976374001149842907e-01
1.040328398299197460e-01
1.428467287764367377e+00
8.091121725263555886e-01
2.525145707770257708e-01
5.507745457790421684e-01
5.036899843735960225e-01
1.810079889315341639e-01
3.829127793405744939e-01
6.632201123599152925e-01
6.442288496109502827e-01
1.074629981094170850e+00
6.979999802402363507e-01
4.001194962384425069e-01
7.563356135330153718e-01
5.440631663269466234e-01
3.655337265653510470e-01
3.930978818430001520e-01
7.745678829370898910e-01
7.378776161117882593e-01
6.939660051336468127e-01
9.233654122565405631e-01
8.100649502664108992e-01
4.001097167305449620e-01
5.073006325103315284e-01
4.588555713958393789e-01
5.011577286821908839e-01
2.395114690749085007e-01
9.279188373217734931e-01
4.688936224149423126e-01
1.545185793730795787e+00
8.826946938405714205e-01
2.672608885816920576e-01
1.443337352759005432e-01
6.830708803528221518e-01
7.783362307855650197e-01
1.793741496650674394e+00
1.054710968947918381e+00
1.167153996184740361e+00
1.384134693961839524e+00
5.531240637963550366e-01
2.645673813777338790e+00
1.894210626855347357e+00
5.214665772256850129e-01
6.687134289150136190e-01
5.489497486405450211e-01
5.001204626743789294e-01
6.442707641151071973e-01
1.003954391194154194e+00
5.341656783066129899e-01
6.104183886006314674e-01
1.569241556425155615e+00
6.514912468152905811e-01
5.157395140674900791e-01
7.968268343827926703e-01
3.579517971811506660e-01
6.468925757296645207e-01
3.405403327693787285e-01
4.432177321876333842e-01
6.651783867657340421e-01
4.769112062830420662e-01
2.149752601061224677e+00
4.270928389030674288e-01
4.380114977589906200e-01
1.011943102849613751e+00
6.752237208837389426e-01
8.879973463823241930e-01
4.698185606381520829e-01
2.424976210482126859e+00
2.330036216289541051e-01
6.453831788096590083e-01
9.496896499416326298e-01
3.951194258966051476e-01
6.094932282360699949e-01
1.251556913904030344e+00
2.794976119799482128e-01
4.839450089145914125e-01
2.411903594327403921e-01
6.659923474150384326e-01
3.448969248325906012e-01
4.992198012558980991e-01
2.693444543236961919e-01
4.268818928569128035e-01
5.528772102064842819e-01
1.851582794756776007e+00
2.470333971855373179e+00
1.379976331410854407e+00
3.041206318129110020e+00
7.940714789357316006e-01
7.617375952012898077e-01
1.624957892481260435e+00
8.281246757085010124e-01
4.310795947919802695e-01
4.419904184468708697e-01
3.436015103900862955e-01
2.494739060097365402e-01
4.183994216477328054e-01
6.432271943410016179e-01
8.757537092310371252e-01
5.698848682352312123e-01
1.069075836507536126e+00
2.559851170948276855e-01
6.609453046823664524e-01
2.437485403477015755e-01
4.581888332538576192e-01
1.183048932282873694e-01
5.816681853047631634e-01
5.181423570136770573e-01
4.044491533017816054e-01
4.078413779311367837e-01
4.959080707411053224e-01
1.822558950042769688e-01
9.172231613514554294e-01
9.387569188072121262e-01
5.088838691353995136e-01
8.696483090893498691e-01
1.745501375128141408e+00
3.522402875755065166e-01
1.521887949806171481e+00
1.274047954086788170e+00
4.418022102968554576e-01
6.947770807267212856e-01
3.575202882156762740e-01
1.960741753034929979e-01
2.114136938821749023e+00
4.366393400104300881e-01
9.333489664615959303e-01
1.008088760315892118e+00
6.360553848686101297e-01
1.034116845997012479e+00
1.081301248375913904e+00
8.855342216577472003e-01
1.960625389381812078e-01
4.116153363432021317e-01
2.370924627786440142e-01
5.200880871397305372e-01
1.106630998558737755e-01
1.592355541516722039e-01
5.471075544028956017e-01
1.289682953869280002e+00
4.944360732983208995e-01
6.017925238797457999e-01
4.919846445686474889e-01
2.704684055890764771e-01
3.146908934358439436e-01
2.076429890338649553e+00
1.250127734419377301e+00
1.492100984303181610e+00
7.559106670912922876e-01
1.150334823732767520e+00
7.760209994459188465e-01
4.624017080596338758e-01
4.534657581889033340e-01
1.312083897361679297e+00
3.806664698438907424e-01
1.491028824437346190e+00
9.102676121506180218e-01
4.104602615342544114e-01
4.207233550930593036e-01
2.348687388816503407e+00
4.440420440636677624e-01
4.267430293057498658e-01
1.007959087961844552e-01
4.897251022382863028e-01
3.515413085858797304e-01
8.474957999185778190e-01
9.700023381896067942e-01
8.410964811594079382e-01
7.748325102235979756e-02
7.418896610012692960e-01
1.773364157968000621e+00
3.902018580481784182e-01
9.630571717039708712e-01
2.054545871685092173e+00
2.387505688388208203e+00
1.084119436462110952e+00
4.642165636761473591e-02
1.158124418346669460e+00
9.059211534451383496e-01
8.371486793482660893e-01
9.243229975913207497e-01
4.079524128904132296e-01
2.087452151089048413e-01
5.232097853883694860e-01
3.354688314568934904e-01
4.976956573210455925e-01
2.697891459156104843e-01
4.615620384789824726e-01
8.506134788604957642e-01
3.333594735566018374e-01
2.388871848047471880e-01
3.451850989273903547e-01
8.240528708448524586e-01
1.042251071307221055e+00
1.810548320848156256e-01
4.513870127075435557e-01
1.270498735251195166e+00
8.162986795002924456e-01
1.044559175780835680e+00
4.976761107046933641e-01
2.925840982272477908e-01
3.495220682730714734e-01
5.618268414299358859e-01
1.401389114217230336e+00
9.360284765431459153e-01
7.058007784387758665e-01
1.292569748607528046e+00
9.297600378853528857e-01
9.413153443581301349e-01
1.582840934200881566e+00
1.908327402401373551e-01
1.178287290679508104e+00
1.243858484220950578e+00
4.882205770888288776e-01
1.004490846463695020e+00
1.178443569475493113e+00
3.848120509955961221e-01
6.567123707051268910e-01
5.560348855726375827e-01
8.191975096604121598e-01
1.333626209630059289e+00
5.325479340559906571e-01
2.560793032676262904e-01
8.100696293228101252e-01
9.070792611158711161e-01
4.548874007397284980e-01
1.797346763337231978e+00
7.264878283530576963e-01
1.086947196797817039e+00
3.281633627442257506e-01
3.806476880636165960e-01
8.122628004260029622e-01
2.057091998214238604e+00
6.008574859257460599e-01
1.877542897521645437e-01
2.329569903260547137e-01
7.462476715398630445e-01
3.265905052605588277e-01
1.313662235010212953e+00
2.308371502725406366e+00
1.830463917024230502e+00
3.669136682052645537e-01
1.143803723078405804e-01
2.869287497575344625e-01
5.831222160851803338e-01
3.181357323733796649e-01
6.056977547089232861e-01
6.482127413197700250e-01
4.509943408743630200e-01
6.445713836611603742e-02
5.443935735108257346e-01
1.002182156037064509e+00
2.597540022328109766e-01
1.277588923525783793e+00
1.223711308708416379e+00
2.350979615741994433e+00
1.089989214423697783e+00
2.190199815962351748e-01
4.652466721452011011e-01
5.682060784761885364e-01
6.578945494075082445e-01
1.247470162281060890e+00
1.417017959504390801e+00
1.187951792384725369e+00
3.238813896768678036e-01
3.677887325699989995e-01
1.753598080847818874e+00
1.202686867147165550e+00
4.183270119612377824e-01
4.700016079296061022e-01
1.112772325315876998e+00
3.979738071046147185e-01
8.503533881625483515e-01
5.840733481379947190e-01
5.061215133423445645e-01
4.709849434653703981e-01
9.048162921894786770e-01
4.915983654822230764e-01
5.141103442805587953e-01
6.380993671902647213e-01
2.182566374348028637e-01
1.214451366212496941e+00
5.262975907625180305e-01
3.180789607896774562e-01
5.531428520976480190e-01
4.315093911517134950e-01
4.488163804007230806e-01
5.978272040698349166e-01
1.395559118108945507e-01
6.779067052721902131e-01
2.117212240625314101e-01
6.617252800125993373e-01
1.185662274164617003e+00
9.081228421638773973e-01
6.571771996385495918e-01
8.666644192070730446e-01
1.533116390065471513e-01
1.489080769668437609e+00
1.361465917931474756e+00
1.690445569193317121e+00
6.842411830664689720e-01
6.857729261949458976e-01
9.425385986816675610e-01
9.987503522247029863e-01
1.893111462515146559e-01
1.041333254929156515e+00
1.328574621850098225e+00
1.238915031130949806e+00
8.941140684125131743e-01
6.793442473869657494e-01
1.800125830292188811e-01
8.934396049114015081e-01
2.171543415121305109e+00
5.245592021381720871e-01
2.690071542814360228e+00
2.100416751721148501e+00
9.285112178047416620e-01
5.580583574325722607e-01
7.941101321628980525e-01
7.950554046910064399e-01
8.521782257646175474e-01
3.899694429892598402e-01
7.698830213242739973e-01
1.906443523097901993e+00
5.469255049163385118e-01
2.536026200518493590e-01
8.789743832168808169e-01
9.695799432076668278e-01
8.972329475493735496e-01
1.429932421936206177e+00
2.132083859220635702e+00
9.024133739799828913e-01
2.776190371415925284e-01
4.013555451415424247e-01
1.457520789620383450e+00
3.742714096871732621e-01
3.535274319899373574e-01
3.116091165524982332e-01
1.143438040527986033e+00
8.848595394481519882e-01
8.239975356713159504e-01
7.319033565352840442e-01
2.408307352326496176e+00
7.156763147181908202e-01
2.023162781419328926e+00
2.985905362314622113e+00
2.729996566288054316e-01
8.832405547839166093e-01
6.064999349683544150e-01
1.865615097145461476e+00
2.163870617028429977e-01
1.599641047421504481e-01
1.184246330446431517e-01
5.931300751432733165e-01
7.179374852044061450e-01
3.870614741745772025e-01
8.890522962512028560e-01
9.618406088038069512e-01
6.369403305760316103e-01
5.884853168104090329e-03
7.433673189666206715e-01
1.244834946372984197e+00
3.474904032281081467e-01
3.035765777667940868e-01
2.158452979794040494e-01
4.192656582735138637e-01
3.433689723571115571e-01
4.022836365487267862e-01
1.079440747918627430e-01
7.879405212653711743e-01
6.640605606087833790e-01
1.382659814174763691e+00
3.568703213598282686e-01
1.486358330850622744e+00
4.105396072833549792e-01
3.347320625876815670e-01
2.306216666722683550e-01
7.958246735094142155e-01
8.135621525246401475e-01
4.437972534683868320e-01
3.014852824686214405e-01
7.453118462287259272e-01
4.255003137099754307e-01
1.459271826775864478e-01
5.042299749473745374e-01
1.468863992276682184e-01
8.995246178045285257e-01
5.898583105891386236e-01
4.003969777170272581e-01
6.418875839486306578e-01
3.479083191443254619e-01
5.544589490152960209e-01
5.412035757446888029e-01
7.227796209504292468e-01
3.583878570577765932e-01
6.874057253165576364e-01
8.857868574442939735e-01
3.237541393749255869e-01
9.956905823170737468e-01
1.114609816678677978e+00
5.552177174387445957e-01
1.033121678845551061e+00
1.729154904193513920e+00
1.132125865528673447e+00
6.051963261069902567e-01
1.282585553030579195e+00
5.857496205688752372e-02
2.629754928858833440e-01
5.077881684643288374e-01
4.308864048627321364e-02
4.586268492456616608e-01
1.408441393120462681e+00
1.044551376706595702e+00
2.874926148338890486e-01
7.573057995141632137e-01
3.760112061551178497e-01
5.172593004811159023e-01
1.565182606863991577e+00
9.448745313200160312e-02
9.089717076819604502e-01
2.015731234137240480e-01
1.120733644543770779e+00
1.220975952985606572e+00
5.040879545402999762e-01
4.871102520821424808e-01
1.998657949325064742e-01
3.061215190190524904e-01
5.823152830038466066e-01
1.805199500905058096e-01
9.313805439794259344e-02
7.068906447117841996e-01
1.324333676044233021e+00
5.239426480776953055e-01
1.152777090139201155e+00
1.194112713875066373e-01
9.829805709682779558e-01
1.303210870472496508e+00
9.338342260378733606e-01
9.740403141220115302e-01
5.926829572047582761e-01
1.041237214820878609e+00
2.459915770449852823e-01
5.598772050300457881e-01
3.494593081764752474e-01
8.129345927859121801e-01
6.951912850863708471e-01
5.027549676744117457e-01
2.238178583396361054e-01
2.223082689665217271e-01
4.013930622401756243e-01
2.428938204623269370e-01
2.377772277412939783e-01
1.300743369137941974e+00
1.203207656564698080e+00
3.993768713366668277e-01
1.034906154111547405e+00
1.106503613569245204e+00
1.053025814811579419e+00
1.097848779904699867e+00
9.116828887825177974e-01
5.292710054015055121e-01
1.060893418278658906e+00
7.360879549607499683e-01
4.895903845154009892e-01
3.458491758769388080e-01
2.414364999324077055e-01
3.019244259785578421e-01
1.249374735296498340e+00
8.159163718053658032e-01
1.201727451717029993e+00
7.529124377009515090e-01
1.843456958566359882e-01
7.210083812257811475e-02
5.544685848894486124e-01
7.004137170207276331e-01
7.443051452654962930e-01
6.418399474470816157e-01
1.050629927237293204e+00
1.246957279150069375e-01
1.362880650041748742e+00
8.023057271484733688e-01
1.132222748570952398e+00
1.074631087126250772e+00
4.878628862764353147e-01
4.389261365465339515e-01
3.309195609921726233e-01
1.089860888016358054e+00
4.307554742196786912e-01
1.158664119266531678e+00
6.093932550273505749e-02
3.846559915720786926e-01
1.927753762773183055e-01
1.992958387020005162e-01
7.666148009278327471e-03
7.445035538522543073e-01
3.671548468066335724e-01
1.131251959808913687e+00
3.594449468908237355e-01
3.454366800785102498e-01
1.278824310573535961e+00
3.483563824581437096e-01
1.403616951066162688e+00
6.243868942374356523e-01
1.187011468981359563e+00
1.026060382615457067e+00
6.676430631065874977e-01
3.926565411475831380e-01
1.061866714976856738e-02
2.121606252342260746e+00
9.104355654956697297e-01
1.640727362600921113e-01
2.406028306821355323e-01
3.227726842044322669e-02
5.601795992544816860e-01
3.680997120637702347e-01
6.314572340537895068e-01
1.003472583852690614e-01
8.860696636921997493e-01
7.579779506471597816e-01
6.058118670385459481e-01
1.080482150372349848e+00
1.499489543750145149e-01
9.962362181210033807e-01
1.984183550904649040e+00
1.745561749401544072e+00
7.929426462868237602e-01
4.621234374810893608e-01
3.312987799829394397e-01
2.345132661394029316e-01
4.781524291531832199e-02
1.029903044786098398e+00
4.495007202889474418e-01
1.347164364814660009e-01
6.967558402736937495e-01
6.539260443943386569e-01
5.129360657811657953e-01
9.954314692335185510e-01
4.855739560277387290e-01
8.832941492798200844e-01
2.682595436707250758e-01
4.143073102278268527e-01
2.459847225736711274e-01
8.702348403787479869e-01
1.964713316287661105e+00
5.240049096391685701e-01
1.290482276697302311e+00
1.090133199853588197e-01
1.570196150097221910e+00
3.380643075465474823e-01
4.856268888443891485e-01
1.134976444114690619e-01
5.731590969207188691e-01
1.362507636302684677e+00
9.748921027221921776e-01
3.661355385771636883e-01
4.896044522521170728e-01
3.387603189299860929e-01
3.720457820221119150e-01
7.423332105868447606e-01
7.500149140856501306e-01
3.389042232971422930e+00
3.902509227699140770e-01
1.489236360950431548e+00
5.938119170809392777e-01
3.003262216969026510e-01
1.007143647107791695e+00
1.518415774376608685e+00
1.566042442951842251e+00
1.734382576982354207e+00
9.465926027434015122e-01
5.852968426554990833e-01
7.941191391402921962e-01
3.998605849670502921e-01
4.301783380932542311e-01
3.577473204151713770e-01
3.593920845494424365e-01
8.414118802800833741e-02
3.797406890632637477e-01
5.828624358428617924e-01
1.784091596354537290e-01
1.691635824384238318e-01
6.085087579552822534e-01
2.080230325127793711e-01
3.384355155406060800e-01
3.563010005438740357e-01
7.547697507986539378e-01
6.930641264269156165e-01
6.545666090291943906e-01
2.873551168663122546e+00
4.928871822632089894e-01
9.239522396936090676e-01
6.217122523645650656e-01
1.949708760876729674e-01
1.215629464341609234e+00
3.491732736864573972e-01
2.078536185390638391e-01
6.988034215361939028e-01
8.294724011350709247e-01
2.006129300452948183e-01
4.386843226027734022e-01
6.438813233861044594e-02
2.920510488009809835e-01
2.265692060572786382e+00
4.847528356835613672e-01
1.549974020408555253e+00
1.272829389410476297e+00
5.110653608741693166e-01
8.953290262841719915e-01
4.438740799670026771e-01
9.220403157060489893e-03
1.128377237910384689e+00
1.011196647585687058e+00
3.109715049169777812e-01
1.056665487086630328e+00
5.008589137765800947e-02
2.335158154334559644e+00
9.821036449070071894e-01
1.024363587867517938e-01
1.128151450400610045e+00
5.694116455063190640e-01
3.938183159785055842e-01
4.349135891479867233e-01
5.017854232333993636e-01
7.348847111513233665e-01
4.321132739989925753e-01
1.118597392328655404e+00
5.610792427615758360e-01
4.507010818074724257e-01
2.286471374874437523e-01
8.761073487806152471e-01
6.839449515550489744e-01
6.937996224593668826e-01
1.319517113531074148e+00
7.614191189432353291e-01
8.497010094832323224e-02
1.269879640011938871e-01
1.349929319328674326e+00
7.940544361575168075e-01
6.051451609243180263e-02
1.118461381292896739e+00
1.013003110851859345e+00
4.562596452579948947e-01
6.754406647996242796e-01
1.437795158351007629e-01
4.564608773858161994e-01
1.113132968285475421e-01
4.191511142175971538e-01
1.208651705066689175e+00
5.343699000069952465e-01
6.202934585865611528e-01
9.320229659701634306e-01
8.851158746927481058e-01
7.852590447137629548e-01
2.141927170384398948e+00
5.442477109617154252e-01
7.933464971678803046e-01
6.264226835280111150e-01
2.219184053299070314e-01
1.684952134730870188e-01
8.625826371656517555e-01
1.047554590409188302e+00
3.674812690161866624e-01
1.059579272950190942e+00
3.762902420901466649e-01
9.612584454756740726e-01
7.289310939577956505e-01
8.348955156403979894e-01
1.276255884258792106e+00
5.411200782089480299e-01
3.412793166480694862e-01
7.079589871971527781e-01
2.949497248931710613e-01
7.602134005334350020e-01
1.334501378772014468e-01
9.517073833236580072e-01
1.026276735340841739e+00
4.392714082600556735e-01
1.000079721892185747e+00
6.907782505907009707e-01
1.809958963784141783e-01
7.948078578811165196e-01
7.093931856654047685e-01
1.608154734367301497e+00
1.078793404641864795e+00
5.952125940420802674e-01
6.415666980723630508e-02
7.805209530687085007e-01
8.717172920241664236e-02
3.150165247880308272e-01
1.019009167753057055e+00
1.339941190473801447e+00
1.008885310924932943e+00
3.070855014030718366e-01
4.762628901328224695e-01
3.209367584443514887e-01
2.679653761625010455e-01
1.256911844155332414e+00
9.357427272841147836e-01
4.768179184812738058e-01
1.058948516616191604e+00
3.771626018427496341e-01
6.332854626479191840e-01
5.862653116559041200e-01
7.540230056050503116e-01
1.214159817990189572e+00
2.890845944544325197e-01
7.306096137720992090e-01
1.339362729999886981e-01
6.018633480802232372e-01
5.420827305602007318e-01
2.453163375514365654e-02
5.098183365533620615e-01
8.250713992027279842e-01
3.104600659162780607e-01
1.340327780253268430e-01
4.471700101221455781e-01
1.473055633059244141e+00
4.266287463136030911e-01
1.205220146772954193e+00
3.365354540776704928e-01
2.211571950786457574e-02
1.750847692120866883e+00
7.175050984259013775e-01
8.001280933377573623e-01
9.774591462556768695e-01
1.439390465859667456e+00
1.006630929589450885e+00
1.766223287028632738e+00
8.835695836520652824e-01
1.602221853378781757e+00
1.830681710914566773e-01
2.050178728759370461e+00
1.965305637084712398e+00
1.154049927737202108e-01
2.572266257984527016e+00
4.229107993577500002e-01
3.306760086420914568e-01
2.444161912333265296e-01
1.552524771910148427e-01
8.694729018226988737e-01
6.002816780553119624e-01
3.518782509837282690e-01
3.574093517411547349e-01
6.600496848727150923e-01
7.487861789367346033e-01
1.083890005743442658e-01
8.692562313456821954e-01
1.329119338791364013e+00
6.544562760678865887e-01
4.033197348328168563e-01
9.302086635046212804e-01
7.330849333761385589e-02
1.205348201397669905e-01
3.631304455501322970e-01
2.171884026721559557e+00
7.519890794496353337e-01
2.623743473535630200e-01
6.085229385636742316e-01
1.252925905985709853e+00
3.447051069894134234e-01
5.983732314644946149e-01
1.659357533292097064e-01
5.514503153869397822e-01
8.511885574524433729e-01
5.593523816703068752e-01
6.335954273609097909e-01
7.488436392771505856e-01
2.177604448034023144e-01
1.297860747028838135e+00
4.223949574854263256e-01
2.173897739473200919e-01
1.437704142420400677e-01
9.104347428627890260e-02
4.625559934922092720e-01
4.385680282752070780e-01
8.737942714087058027e-01
6.179006068373535943e-01
2.892077074769062173e-01
6.398131286588220057e-01
1.461135361552217404e-01
2.889115104137551793e-01
1.301958528157768080e-01
1.194116010948643058e+00
1.041622048563855679e-01
4.688791337683076432e-01
1.182652711121809919e+00
9.910540842459331090e-01
5.273906091851703337e-01
8.297437745422125976e-01
4.448503725960353816e-01
3.389855848234344382e-01
9.910851787470920105e-01
7.168321716684170619e-01
3.315675391656641713e-01
7.251133797612808740e-01
5.172040070351803243e-01
2.629574173856087382e-01
9.472268299016142201e-01
4.308271688829301560e-01
1.062142702770734637e+00
7.748397895288867687e-01
3.079802277761788387e-01
1.286163705375418020e+00
1.535018483144205970e+00
1.267688326696578827e+00
1.869106699872268296e+00
1.703661518877469083e+00
1.513065027894009207e+00
6.163930916933730852e-01
3.146408360373756929e-01
2.029827606244893057e-01
2.490974635730758724e+00
8.724999065851986035e-01
1.372093985033675523e+00
1.617377563656000827e+00
1.060667488190229157e+00
6.003997208021747412e-01
2.734666854313622664e-01
1.063953924278445040e+00
7.231134181319524012e-01
6.502546418319705701e-01
1.162040267473102961e+00
2.318882439571750831e-01
7.935601573382695673e-01
8.741166703145188954e-01
3.749560508493881561e-01
1.561368098096103663e-01
3.323397208496731703e-01
1.779752267293583101e-01
8.606806436587207676e-01
7.357759435234171308e-01
7.675946889894789127e-01
1.863355595683874988e+00
7.934945259098671322e-01
3.909699511232772595e-01
4.136604529520920281e-01
1.518206662214222957e+00
7.733888031662690121e-01
7.933030660472325524e-01
1.456954948974773956e+00
1.072168511153982706e+00
1.791201406453261369e-01
5.556275380920699947e-01
1.077664037221667037e+00
3.623999293667642951e-01
1.053263957688896690e+00
5.681311385870289055e-01
6.505961972412206418e-01
7.564464738044321956e-01
1.423395386744405133e+00
2.987569895828975919e-01
2.787794443091186070e-01
4.410791022521075577e-01
1.429753591641464150e-01
7.086517379726461341e-01
2.850993182166582374e-01
1.624475655990125778e-01
9.350371697407504623e-01
8.559392785033046458e-01
8.815577285767394189e-01
6.301579199729949732e-01
8.648725272320790802e-01
1.187064644298502225e+00
3.825877048434413452e-01
5.568200412271492317e-01
7.025640286135140800e-01
3.965471125042782097e-01
9.819805288817927691e-01
2.899430511965639390e-01
1.017486437344089945e+00
1.495227793978713138e-01
2.332443671297482479e-01
8.596735616802617663e-01
1.521698875872278534e-01
8.550508343684968260e-01
7.556773115493133075e-02
6.260883940088864952e-01
2.564663752334109592e+00
1.015497584579138302e+00
8.879559794580123011e-01
1.010565960145095032e-01
5.954881897327393148e-01
7.969265013605046910e-01
1.043524574646987002e+00
1.051873963806606138e+00
1.073357238390796775e+00
1.008028454206437274e+00
1.260929371535223442e+00
1.105469480467301091e+00
8.446553748581567267e-02
1.173364004004876504e+00
1.421261907089830023e+00
1.056610839024989978e+00
9.719518944915102043e-01
1.435312540913087131e+00
4.749188004039604505e-01
9.180722361746446181e-01
8.450345009846944588e-01
7.454718345085770137e-01
1.448709206816047201e+00
7.402161543772856067e-01
2.881210688944807474e-01
3.343656030010841440e-01
7.980710931750045756e-01
4.346657405072770763e-01
5.682972786721829372e-01
2.107146786650445358e-01
6.461138253347120664e-01
6.467619507916102517e-01
1.546640110311566785e-01
9.521266338632577986e-01
3.654736613601293760e-01
9.219071524111753790e-01
1.071550492250884723e+00
2.306996911026248653e-01
1.011832795994212830e+00
4.441366332072680390e-01
4.878041083421041368e-01
1.376935199413727329e+00
3.020246399000820481e-01
6.885049801256546420e-01
2.781507500524711407e-01
4.314393469798323277e-01
1.533380047893330822e+00
4.979322910189962204e-02
8.977630800827470781e-01
5.376871233292611629e-01
2.097330211299098524e-01
7.081635675410542508e-01
1.543628257671952018e-02
6.639079578995518149e-01
6.221599805745201550e-01
3.618355392265538706e-01
6.474353202464768753e-01
3.482751448648239156e-01
2.721963651295632447e-01
2.928938810588762598e-01
7.607262628222725143e-01
8.930996907650303740e-01
5.929486250170910022e-01
8.460675928175526161e-01
1.553732660588499792e+00
7.194812838975033209e-01
9.911986501865827082e-01
5.960678124590349514e-01
1.394738461271536889e-01
1.260800539245299667e+00
1.541203887348653323e+00
5.396263497923232677e-01
2.807622327664582862e-01
4.814674449052810251e-02
8.383436224202019948e-01
6.072176423658586231e-01
5.245068173818275836e-01
4.703341080732467150e-01
2.462622526507941834e-01
4.216734035083425369e-01
7.249725103083840549e-01
8.394868782584247180e-01
4.919047715902974405e-01
1.209440779230513519e+00
9.527326283506072357e-01
3.790858860890073956e-01
7.778815982226172654e-01
9.152456602689893472e-01
8.196035573246864825e-01
2.860554802179501865e-01
1.161420517819133913e+00
6.130233436162276783e-01
7.877032346940492091e-02
5.159923043415897137e-01
2.800730151138116075e-01
1.641468247341078268e-01
5.370390064630621296e-01
8.410076580128676982e-01
1.770078507829161873e+00
1.118052574727473436e+00
2.938246693082793501e-02
6.555177284145411454e-01
6.329626600690740901e-01
3.086998385778232934e-01
9.696207017286487262e-02
6.192044972255521529e-01
1.738185721094756220e+00
1.829863170683885043e+00
1.058811888547875224e+00
1.288139259090603561e+00
7.133406108779847266e-01
3.503345083243836200e+00
6.204061239791240912e-01
1.365704136829798632e+00
2.405991283958809068e-01
3.540088964540732408e-01
9.812624225449567694e-01
1.214346085528586805e+00
1.896765893916497747e-01
2.754354919260305623e-01
4.001102000170171924e-01
5.572181928630095538e-01
1.651598292039921367e-01
4.217975626972619851e-01
1.290801689162762500e+00
1.454688891541427442e-01
4.106317626868559723e-01
1.919884135032244032e-01
2.909774582015963729e-01
2.673713629398469793e-01
8.763180501234385522e-01
2.275341443453861648e-02
7.968944583489072642e-01
1.534938854843625355e+00
6.946704225027643398e-01
7.715650108487609460e-01
6.768518159908615273e-01
4.434506319720756262e-01
2.367045886394798959e+00
8.727196763908151578e-01
6.681481395058788131e-01
1.176812548163368444e+00
2.033327831057774038e-01
2.156727925783633315e-01
4.915078746476515548e-01
1.155031336211050697e+00
1.079937939925774470e+00
4.503188811503295308e-01
8.304409033022600584e-01
5.908518044649195833e-01
2.873299918642939210e-01
5.618707406145579952e-01
3.006087925953150330e-01
1.131210457309979489e+00
5.964999593444726411e-01
3.687741483614346838e-01
8.493142186590963982e-01
5.675696229295880135e-01
7.840902411871932820e-01
1.099037123313284958e+00
5.823790680365713568e-01
9.716512985456471352e-01
6.294198521528002743e-01
1.077335734935235489e+00
4.454528647103896954e-01
3.656355981464365357e-01
9.030803698750473618e-01
1.280544213338476123e+00
1.143406256366422902e+00
1.159827077375568338e+00
9.432788838615295823e-01
4.222779165666514234e-01
3.305735883714989165e-01
6.055198244537257635e-01
5.128618025780434797e-01
4.758199704887409176e-01
8.800487880252133577e-01
8.169065299290687587e-01
1.129571283659629666e+00
1.050255579974548464e-01
7.225418783015798985e-01
9.078523743702262561e-01
1.119286808692052437e+00
9.244291850368623331e-01
1.263063026688062473e+00
6.255217958491056107e-01
7.807786200324784431e-01
2.879858632699854315e-01
1.064198316277214645e-01
8.101896501435882358e-01
1.594464315024960999e-01
7.214789210645965456e-01
2.535551462300538184e-01
1.156796773092416020e+00
1.407460959155930391e+00
3.445944392722620764e-01
1.458594547655741369e+00
8.717190361774347362e-01
8.384687263498730170e-01
5.272670158729272361e-01
2.596618977005026377e-02
4.890748780130118600e-01
5.895531563531920816e-02
4.003325220339994384e-01
1.110089723615488300e+00
5.839869338076759675e-01
1.184211153360619884e+00
1.354389018290669044e+00
1.572857391390234394e-01
1.356424573347634999e+00
6.348033723638323300e-01
7.794760779560483410e-01
4.628511092046052600e-01
3.473239572917861673e-01
5.799033971310390001e-01
2.899751938578352117e-01
1.020631332602012664e+00
1.357386391996044717e+00
5.248644095849815949e-01
5.990576341016548012e-01
2.461174239922395493e-02
6.173862119106806601e-01
5.936481339277059899e-01
2.111070078826852436e-01
9.330587636149574315e-01
1.963792695367784669e+00
2.010491078097676354e+00
3.266995699851163448e-01
3.862638388423854652e-01
9.323451029217224573e-01
1.205480251498394079e-01
8.389010926495221732e-01
4.140652404285520838e-01
2.074816741896372274e-01
7.400895358406003322e-01
7.937352984446792714e-01
5.894491337448071189e-01
1.012758864009495330e+00
6.111844266170833873e-01
7.593994804740354931e-01
6.262570915573490993e-01
5.744120507656380603e-01
1.391631148069410129e+00
1.100688514474942981e+00
1.576301081687130415e-02
1.128019721867565162e+00
3.684887932445266023e-01
7.190769740369761243e-01
7.493083838821498199e-01
5.126486449658755884e-01
1.315727015247558196e+00
3.591995045318105984e-01
7.128630982980019848e-01
8.169768608042642377e-01
7.441541365957683452e-01
8.236915903681756301e-01
7.798224710444427998e-01
3.735403205232457058e-01
5.111338489980454813e-01
1.168228465379346881e+00
1.572561276994417501e+00
1.537652417402601612e+00
2.213229546167048978e-02
1.480902282483410604e+00
6.770430645236505951e-01
1.414472639352578609e+00
5.538545415637007308e-01
2.462972303747269498e-01
6.206349374005830644e-01
5.889745013801994666e-01
7.531327324375300947e-01
5.484944992432818633e-01
1.541973973520706309e+00
1.325867569749462183e+00
1.829018544510309721e-02
1.352263899795296820e-01
4.157154047956198584e-01
6.287834361502698810e-01
7.079693467300864906e-01
4.429270819332623566e-01
3.184957683705748055e-01
2.885981896893275445e-01
7.769689269074767646e-01
2.798342407453330849e-01
8.381874079685024403e-01
9.195392198195817546e-01
3.590686759120904070e-01
3.315925093097424337e-01
1.051407466303762694e+00
1.878464042653294586e+00
1.224640028180867257e-01
1.109514780471227535e+00
2.259615332825659906e-01
4.948010629078289924e-01
1.192693983680017000e+00
8.163612872560613853e-01
2.345151498278628399e-01
8.695709434189407006e-01
9.616520254052970396e-01
9.045225068822452252e-01
9.320454272049879529e-01
8.721035635316201073e-01
4.358367596948457545e-01
5.927914844615352896e-01
9.246865834115730598e-02
1.317201874665635541e+00
9.882453532777052407e-01
9.389418128104656258e-01
4.161871369803318843e-01
9.608377128679217449e-01
9.256662297252381544e-01
1.049928532135769421e+00
5.798486538123212020e-01
6.736664736620214811e-01
5.201024037136519063e-01
7.212382367684980755e-01
1.519554977496551107e+00
2.426777470387040114e-01
5.003152910827709521e-01
1.982320450889772656e-01
3.275727571789808779e-01
5.511770638893512819e-01
9.568490947214240983e-01
8.551345054598002982e-01
1.245784320798784206e+00
1.686158710140065908e+00
5.591386568709536542e-01
8.823700907129771176e-01
3.840957234882074744e-01
1.736754134174244013e-01
6.393722362945591930e-01
4.712348912671123768e-01
1.956357212462262463e-01
7.453368252477906575e-01
5.703661885651831742e-01
3.435842796522214360e-01
6.228139449604495059e-01
1.567231720109683257e+00
8.827807758324450749e-01
7.381763371982870137e-01
6.501014395712846339e-01
2.513907284947096143e-01
3.255938278379937878e-01
1.111648894767063966e+00
1.002665777105586908e+00
1.158100416206651495e+00
2.166330684610379365e+00
5.217630779952482367e-01
5.406849834368852858e-02
4.085015059062711562e-01
6.841615389291815230e-01
1.201311255106801923e+00
1.547857230088967473e+00
5.376803592671391963e-01
7.465647063932984162e-01
4.665466006023261114e-01
2.173739094230419111e-01
1.469263009938900577e+00
1.975070289725383343e+00
3.890870603183699261e-01
2.019098516008429878e-01
4.178662447173920880e-01
1.385930511963386902e+00
7.342032596049737903e-01
5.159806131711803800e-01
3.303736833176615928e-01
5.658097124665441013e-01
5.759918699834046946e-02
3.624235175003299170e-01
6.004294233749438714e-01
2.095194464047149818e-01
1.956814203698415688e-01
2.956195792046539816e-01
1.697016719479881530e+00
3.520735699458943824e+00
2.679962891211509657e+00
1.209738153800613114e+00
2.829263183404825188e+00
3.493309069395547639e-01
4.172528113186043108e-01
1.022915362132903738e-01
3.321811603296696558e-01
5.431638889450266516e-01
7.660935500587034985e-01
7.311714587084303663e-01
3.213050257290212541e-01
8.301253413753394428e-01
1.149804624139882492e+00
3.984268613307005991e-01
3.871419017180322691e-02
2.427052668753525433e-01
5.508655637595164523e-01
5.753521008817971127e-01
3.674309031288340854e-01
6.948520245980429610e-01
1.022148630919458290e+00
1.143780513860547465e+00
1.249578410794312200e+00
1.069118301243957347e+00
1.683543416685980842e-01
2.555920283944354665e+00
6.084646926090134800e-01
7.860396363231701988e-01
3.869817329417934437e-01
4.411488694903568653e-01
8.874236295544136732e-01
1.195939496849052208e+00
1.409294384529004907e+00
4.756714418276165590e-01
1.105268876739672557e+00
5.304909745696305690e-01
1.524544756910202414e+00
2.810045701083405817e-02
1.095155134041881029e+00
9.389121255146546385e-01
1.037535893034178480e+00
1.482241070110051018e+00
8.538746384968649572e-01
4.422913938997658501e-01
1.083238918337895651e+00
8.900953529583621737e-01
4.751441334123021609e-01
7.526082664198487926e-01
6.921180115813525546e-01
3.779975640414593441e-01
7.432782081827127296e-01
8.762948323297585773e-01
2.373739857703945355e-01
7.672377031671794301e-01
4.898491658713534647e-01
3.788331682343652057e-02
3.870170208917872445e-01
8.262622592397000920e-01
5.719826916805897943e-01
4.698226676747030983e-01
1.479586621913637323e+00
1.049232629493774827e+00
1.088346699688127028e+00
1.250624547354076466e+00
1.187094829113087835e+00
8.440094163798771421e-01
1.072854929148009395e-01
8.578728423976823558e-01
3.091834655182607028e-01
6.591601396313814254e-01
6.389325496300550800e-01
1.847296886197045129e+00
9.040317209960333500e-01
1.264711043394181278e+00
5.179818846324892867e-01
6.439742481316924616e-01
4.251004237628801530e-01
9.209023295445581958e-01
3.626022638148005406e-01
1.537630971721625217e+00
2.350231524727893095e+00
1.818091564783880454e+00
4.890089074922612244e-01
2.803316210485847226e-01
5.059309126247489852e-01
1.068576083582656100e+00
1.027736741764925910e+00
8.920411000732245688e-01
1.303223550798779939e+00
6.854094451681858047e-01
1.869877384397492515e+00
2.561822949784621217e-01
2.656089734170621885e-01
7.891092411387409244e-01
9.384496965352389086e-01
6.969157950670781254e-01
2.612924447643301673e-01
1.388466333117568396e+00
1.685519307237430819e+00
7.261662360483757128e-01
4.031478210434242260e-01
6.859008163437632088e-01
5.372432928449100142e-01
6.708253985363096250e-01
1.390953334633953542e+00
3.793632464255852210e-01
8.043990582529929600e-01
4.969935168875473930e-01
1.150635991464297403e+00
1.104146156344341767e+00
7.495884760302137240e-01
1.910830287266668814e-01
7.536563843084946868e-01
1.104071817750153839e+00
4.035058206147330573e-01
7.477996394362765864e-01
1.262318840008819887e+00
7.434566628420432588e-01
7.068148165416536788e-01
3.654204603625835768e-01
1.169010517378804126e+00
6.659514865187302624e-01
6.068749487847009405e-01
2.020195762667217565e+00
3.416883627534709200e-01
1.126132078489658461e+00
7.001890047299373920e-01
1.027667034025560922e+00
1.032420643135581795e+00
3.604708057469506732e-01
8.103285562287507737e-01
9.833591457889388765e-02
6.088835248405283229e-01
1.072072904112936875e+00
2.166978306357782436e-01
9.200371002902094641e-01
9.858162262497154327e-01
4.241608233205406142e-01
6.688050947505558286e-01
4.527656040231824996e-01
7.411712610164829240e-02
6.986446854512344817e-01
5.509023932771811571e-01
5.820437615626538053e-01
1.003464851466289387e+00
5.309223454193347930e-02
7.279274877478666417e-01
5.114982612302750864e-01
5.263593314077509300e-01
5.979606801939461036e-01
8.844148201844074242e-01
1.470835362075345876e-01
2.735422204830120219e-01
6.208563447040740257e-01
4.219276741177948042e-01
6.595192429316196758e-01
4.099123274263677952e-01
2.724992684060748016e-01
6.656467043384550752e-01
6.688836956397525846e-01
3.839449111430419670e-01
1.626899586641280399e-02
1.506061253722155602e+00
7.226468195660592508e-01
1.394967879308396164e+00
1.340372555575121361e+00
4.219618155716646779e-01
1.119889192609160755e+00
7.376941018958443896e-01
9.829406294054247040e-01
1.066583070198306782e+00
4.419165669783430839e-01
4.552989929169402039e-01
1.485648740835405324e+00
7.836129034479956401e-02
3.107981315076353002e-01
8.357437786574470895e-01
7.253639161310297956e-01
1.159996807709713140e+00
6.104238748049022334e-01
3.002637706962869579e-01
2.305592966029353097e-01
2.524193000419570621e-01
3.466050566758527296e-01
1.556837003294621324e-01
3.794418308109049898e-01
4.101093551785367497e-01
7.493108488315105564e-01
1.381850496946661622e+00
4.607971716744830859e-01
8.806800705256637718e-01
7.938367435242417169e-01
9.340197148731624877e-01
4.798421198624273215e-02
3.665264265135767530e-01
1.898333819246538490e-01
7.410570304125134733e-01
5.095487999876437968e-01
1.198396983870176902e+00
1.702717505708062906e-01
7.844827711242950974e-01
9.046314448439708722e-02
1.118111473094090869e+00
1.199856134847555600e+00
2.038899598365807864e-01
6.625375852089834261e-01
3.577001410415906468e-01
1.440018958246486180e-01
7.830932817587569206e-01
3.747494021393587005e-01
5.305247102093333389e-01
4.884421495926839496e-01
3.702119993919362195e-01
8.478099991455717577e-01
1.158058410350372824e+00
1.245810839387647834e-01
3.749264136875938846e-01
1.463954110300712319e+00
9.704835629746367820e-01
8.615205568140922310e-01
1.693573814535734412e+00
3.391386740834814728e-01
7.528791808539132546e-01
6.837360815193057606e-01
5.787220143694165042e-01
7.606032640900257658e-01
4.830101623963096169e-01
6.614974942691873583e-01
7.230124351592071008e-01
4.503162691880337465e-01
1.259988922931345900e+00
1.170339357765839972e-01
2.698074489646021257e-01
9.411689148269134497e-01
8.686183375458944589e-01
7.767614049341723392e-01
9.745838068906654827e-01
1.441751151127428077e-01
5.340595973395032559e-01
1.541455191607286723e+00
2.844967954382445763e-01
1.503171289667274424e+00
5.550591970909884987e-01
1.942322678168429406e-01
7.039967410866010411e-01
9.610067907840095236e-01
5.021661176492298040e-01
7.123207717202557632e-01
6.095900129439658643e-01
5.088690391164741866e-01
1.100884122226100104e+00
5.463370614846033702e-01
3.271338416467541310e-01
2.892974694354477072e-01
1.329716185521708560e+00
1.320364771138768267e+00
1.841416411128858011e+00
5.413091151495933451e-01
7.385787114497778250e-01
2.654704750777271416e-01
1.438611485336481199e-01
4.214209932923587698e-01
1.822345291913656518e-01
1.276806207359296064e+00
9.800364798890582874e-01
9.291167906243620600e-02
1.796483811821914411e+00
8.499504235673072117e-01
7.750131749367340506e-01
6.814370085902013985e-01
8.506657634818540759e-01
4.206774508349976904e-01
5.450292926280134731e-01
5.424006547921321753e-01
5.224394196375565791e-01
1.315368141980377770e+00
2.560644742586046241e-01
1.216560730214497621e+00
4.425089171898225482e-01
6.410521460213460809e-01
6.637755017001866209e-01
4.497857858460158620e-01
8.878046886037389562e-01
6.279199243050429535e-01
3.276598186670908186e-01
6.566877129929148404e-01
1.874230635965760394e-01
2.230743692802196421e+00
2.689970434764186735e-01
3.393827634790442804e-01
3.297934300205075941e-01
7.141905747017508466e-01
2.645632745430030464e-01
6.791215133526219416e-01
4.481303474783348562e-01
4.997967165442018106e-02
6.266418447246177026e-01
5.752776965661703379e-01
2.848336484122156453e-01
5.059282340200342842e-01
1.867328422018086576e+00
5.540735636093978567e-01
2.048490606109543588e+00
1.420727336875379665e+00
1.363141855209226150e-01
1.335042326563232740e-01
1.047653179424769654e+00
6.700841512898170205e-01
1.571951145484789647e+00
5.575004592247545521e-01
2.982109070335657863e-01
2.096479480751167468e-01
1.352505706641660366e+00
3.456896176320605196e-01
5.250077352204949310e-01
6.999556420434304149e-01
1.514092880321048717e+00
8.973538919490908414e-03
3.512297374841308328e-01
3.700356043649050131e-01
4.080425790897801441e-01
2.219924758575211599e-01
2.415083919922113020e-01
5.545967648564499308e-01
3.633889500307072584e-01
6.605176465995694635e-01
7.411423531530489939e-01
8.030310371844114892e-01
7.250873973771165826e-01
6.096132955502238104e-01
4.458308069856194988e-01
3.801892733457921114e-01
1.272047747260554473e+00
7.590077021627433806e-01
1.024213168029399101e+00
5.522679525838718462e-01
7.381743755155041331e-01
1.196845110127115586e+00
1.098290457150168820e+00
1.928952776772351330e-01
2.042705351037307770e-01
1.078010290307213070e+00
1.185918956430944693e+00
4.770738377289738402e-02
5.191393950239335808e-01
6.266836762715571885e-01
4.118091936113099649e-01
1.036873604594859694e-01
1.018399080578915372e+00
1.115258048307980587e+00
4.186003159876282020e-01
8.812854736773794162e-01
4.147423996655926759e-01
1.544243141877498504e-01
4.448587193306803300e-01
7.110107681757346088e-01
3.260692015158003776e-01
2.198887919611979824e-01
4.292724289854510378e-01
4.988472455036680464e-01
3.627205636448224135e-01
4.001035123600724108e-01
7.447061792012835690e-01
4.629997295985516237e-01
3.606979469572462182e-01
6.860629249411284158e-01
9.432835770562549849e-01
3.233728789840984441e-01
6.757986090723534511e-01
4.999143101203449846e-01
6.978437508128019218e-01
4.501965468652699975e-01
8.627478222214063353e-01
1.340622945652288012e+00
7.733076396304014999e-01
2.911032264126715841e-02
3.848771742112454541e-01
5.000961947330185842e-01
1.408516099172077762e+00
2.016415194684079426e-01
1.094598177497627889e+00
1.348349262259973758e+00
1.291594705191355441e+00
6.119017266336526095e-01
1.446276997886789539e+00
4.478169930814118183e-01
1.504643888514272110e+00
5.939913366458134947e-01
1.067016566466103322e+00
6.581986125672539822e-01
1.434954735965140449e+00
7.384415704224204235e-01
1.604217069549632169e-01
2.396241101117076167e-01
8.395346963932107665e-01
8.221719376238371124e-01
7.965792415624233236e-01
8.262146705434838534e-01
2.007625864598732601e+00
4.171694956349555894e-01
1.802630506620099160e+00
1.504507071749314084e+00
2.669374763266397221e-01
2.924336287657433253e+00
4.501559067147746784e-01
1.663093753779077422e-01
1.043173358690570041e+00
3.108765114113739014e-01
4.152208037624612880e-01
4.256461860547139375e-01
2.327090092235568064e-01
5.928927557136738358e-01
1.546605897295378451e+00
9.399986432389255686e-01
1.170879042703120376e+00
3.746818446291810822e-01
7.647463635026024997e-01
5.823178358993936765e-01
1.244112049743572479e+00
2.902673116549134846e-01
1.327718931584906281e+00
3.265804488334151379e-01
4.513788480290265026e-01
6.612788499537257669e-01
6.164130252028809931e-01
8.846705781300688853e-01
8.187563162619466706e-01
8.230904650749270024e-01
3.479061773157744453e-01
2.410793230457501934e+00
5.355001303031438065e-01
9.257675025485982978e-01
4.333014762070239723e-01
3.858870884600063000e-01
7.103613456468123033e-01
8.184540032070277693e-01
1.797698103938942527e-01
1.366719059184907437e+00
1.026624825677489472e+00
5.592683669607534380e-01
6.466372691038240195e-01
1.039992675083500906e+00
3.109374966434537146e-01
9.806320460755303670e-02
3.681621329898794870e-01
7.449453580137970210e-01
1.852445012728438201e+00
1.449438589667166433e+00
1.089452855581496848e+00
1.645335265540920577e+00
9.973777251317736958e-01
1.015650186579323710e+00
2.168472824064489490e+00
1.347461185499259306e+00
8.431825544795535921e-01
6.839530569414182803e-01
4.981708001897915405e-01
1.130098445519497785e+00
8.475765239629441394e-01
4.841487852962057109e-02
2.191096711910109907e-01
1.686504416316673971e-01
1.889262782656197376e-02
1.094278186820886400e+00
6.522658020821944236e-01
4.974919382974761217e-01
9.567008481713161760e-01
3.719678425103461472e-01
9.909184516412455901e-01
1.514272587036310957e+00
8.016437391842216043e-01
5.478706763447496186e-01
4.072452081443669325e-01
4.094601513996786735e-01
8.038539810680690456e-01
3.696472099705123138e-01
4.368189548797968280e-01
2.754894238800569828e-01
5.346846287096008732e-01
8.871735200355099771e-01
9.127733316212144343e-01
3.374485520924751514e-01
5.402741669373066769e-01
6.447533184491928138e-01
3.870377810282866760e-01
5.479790758879274915e-01
1.034679803664863451e+00
5.146487152626215700e-01
5.396772840297864304e-01
9.438250720461719423e-01
1.304997688626444274e+00
9.488368702632842266e-01
5.289920815057042036e-01
9.393417943985156171e-01
3.060647570795357542e+00
8.515640072266548177e-01
3.872383627332475209e-01
1.369396081257345132e+00
4.624330151241259901e-01
9.197013313046943361e-01
1.067674831348422559e+00
1.252427955886599387e+00
5.457154380241185931e-01
1.020524957287857193e+00
5.465293482640829481e-01
7.003986474856614963e-01
5.549201907564343950e-01
4.941993052054318714e-01
4.520913677876259307e-01
1.353735793648766839e+00
1.981579090742107419e-01
9.335925134421529936e-01
9.491142655589293042e-01
7.908043829785729173e-01
6.998902700755582629e-01
3.989976743366712708e-01
6.942797752604229489e-01
1.645209498242443003e+00
2.688155322493818167e-01
2.552073387030475704e+00
1.602078866510562305e-01
2.187449435842100387e-01
8.460957875651925475e-01
2.497493402602296853e-01
1.249560176750203810e+00
9.667995227589608609e-01
1.200568805080832746e+00
9.079080541875401700e-01
1.879047369124076328e+00
1.237429184235093044e-01
5.666346430274150636e-01
3.490091146251201870e-01
1.408753457105055285e-01
3.290816362994272715e-01
4.630313330072801103e-01
1.483804358623511399e-01
9.374476191878589049e-01
1.294817686590250982e+00
5.217131077081782475e-01
5.630704529971610750e-01
6.295407563742804191e-01
4.347596823645720754e-01
6.768955690797689995e-01
1.549881259512014831e+00
8.060773700811006970e-01
8.533414566092315523e-01
1.019123344734437220e+00
2.786432270092412122e-02
6.065454961537642964e-01
5.035216124467002397e-01
8.073997242743696789e-01
1.390464145820569541e+00
1.049653515400168491e+00
7.649135856520722365e-01
7.719902726602914100e-01
5.190591471890598774e-01
7.487392340584017036e-01
6.815263893939480511e-01
6.802570419001707780e-01
1.320844116068281782e+00
1.138171514079126423e+00
6.082106643008508007e-01
2.518256009994178424e+00
5.121295975389389410e-01
2.397034773309965505e+00
5.197812128416775534e-01
2.412744012311644759e-01
8.251478828414701150e-01
8.425775411584974783e-01
3.775890105258934981e-01
1.873741936639831962e-01
5.253648427244861363e-01
7.802811760500727445e-01
9.863675986993150069e-01
5.558443569078980184e-01
6.848196984932174436e-01
9.929697105960096915e-01
4.477314290947728703e-01
6.496948038425716110e-01
4.826368316114520995e-01
1.507958467455158269e+00
6.585417480997811657e-01
8.373455860258184336e-01
9.198190676813032818e-01
4.481825672158820106e-01
9.880156903169931004e-01
6.012752273167419892e-01
4.867217321801840524e-01
6.101494232896337300e-01
8.095954842202641721e-01
1.699183196051236910e+00
2.723128798938312389e+00
7.241966570951701154e-01
9.572230122965971200e-01
1.975288949881845446e-01
5.985868033405771227e-01
1.129810482732487964e+00
2.435018920355020711e-01
6.955783056669976316e-01
1.023630183084127010e+00
6.560350845800267949e-01
8.631353922227281705e-01
5.332146982495530319e-01
6.368555952678268683e-01
6.657909805297316241e-01
9.525055789313596755e-01
1.117340492312720812e+00
9.433150850826687028e-01
1.344602672248096598e+00
7.847496197958979680e-01
1.482227461544497249e+00
8.049799388683320789e-02
6.004020767924481694e-01
1.072958163584925906e+00
2.392079682047826006e-01
1.375163867533959472e+00
9.647790860523214329e-01
1.359156116667960434e+00
2.647293967488104638e-01
1.194412616675325500e+00
4.015876902293683548e-01
1.089129897470306085e+00
7.424094426221965470e-01
1.260549030764071432e+00
1.029699506006559240e+00
9.216640128093727125e-01
1.263963201099726152e+00
1.542026914901212020e+00
3.865313823780663349e-01
5.224279914110351308e-01
6.062531965182836879e-01
5.740685879716106443e-01
3.130213388015350429e-01
6.510852568204987811e-01
6.701083404024706924e-01
7.575791534725636600e-01
1.237844958773832493e+00
8.572120285360853575e-01
7.736027557811097077e-01
9.210499976073831530e-01
1.597604593370122839e+00
6.864546816022176756e-01
8.645399437096555895e-01
5.244986936934473709e-01
6.253592667581430176e-01
2.710797938010750530e-01
2.851783751299232228e-01
1.274355203237380607e+00
4.919846789062062298e-01
7.242413559396653211e-01
2.610541571221482116e+00
1.121204598848431599e+00
1.239823526899803463e+00
9.471637606678647847e-01
5.915745294576612023e-01
2.175931434536169939e-01
6.820779947775338359e-01
7.787046338814026525e-01
4.796299502950969462e-02
8.136105122487512498e-01
2.871459904728174806e+00
2.191096717650166337e+00
5.499114944861606125e-01
8.294899775461757052e-01
9.113761753447348068e-01
8.071432401903197995e-01
3.585736161210296147e-01
3.090593401988481204e-01
1.205464589098841133e+00
2.337557079752536349e-01
1.884485094213773859e+00
5.112737897560570843e-01
4.242111092474037393e-01
9.418465399485317358e-01
5.157079528084780318e-01
5.929433820658349674e-01
1.159808818810281306e+00
1.694408328541669784e+00
5.063504464282431172e-01
4.310169472693672899e-01
1.999241692047914465e-01
9.456745497389504873e-01
1.205509734883468465e+00
8.305541435757434199e-01
8.152554083009192487e-01
4.332984750653644523e-01
7.917553660278561223e-01
4.265831442239309546e-01
3.492240717614861767e-01
7.985111418737759204e-01
6.682081864292155338e-01
9.192496574939920118e-01
9.845495302760658429e-01
7.545762553842992881e-01
1.049204534766072783e+00
7.274429906457231532e-01
4.872358869955547567e-01
1.918212278156786965e+00
1.152536550699901241e+00
1.882517142526872078e+00
8.626785510447637639e-02
1.056368246404387312e+00
2.586909955626668367e-01
8.863448319632883932e-01
4.644209619134612721e-01
6.288277462911763260e-01
7.600690131073887246e-01
6.486499338948672477e-01
1.125812996977756608e+00
8.980497617149443279e-01
1.863568360656372214e+00
1.508337535819189945e+00
1.026981276249140596e+00
2.184780516077243773e-01
2.243248310438204496e-01
5.693306884283497737e-01
9.260485618647951167e-01
1.196134358482156407e-01
2.534583555903838215e-01
1.263722149840522668e+00
1.655175891690963408e-01
4.944859510914916823e-01
1.014431744937632995e+00
8.526830161636871352e-01
5.505571817103228627e-01
8.237746939860912665e-01
9.668007602921445676e-01
1.690487895685859110e+00
1.280456921526237357e+00
6.642740977121873724e-01
6.422158273187792421e-01
4.418892628555324276e-01
2.201220398624434693e-01
2.145709987177260913e+00
8.609693123638768875e-02
1.879336781418351754e-01
7.923078693717825471e-01
1.416428126976853719e+00
1.052818135304601332e+00
1.641775024945651973e+00
2.226739769855385909e+00
1.013127928793427612e+00
3.465007699082293668e-01
5.572637627608794109e-01
7.393824128587904720e-01
3.261144116560119044e-01
4.213835861205283972e-01
5.750402770470650626e-01
1.254372975872693197e-01
7.988975360904875256e-01
2.579785619143194486e-01
1.192880935014048571e+00
9.471204401303978671e-01
1.181877084881919560e+00
9.920720346029308079e-01
8.052477751831892405e-01
6.014838005050191505e-01
7.236267465119651243e-01
9.007407464480746695e-01
8.198198803176222071e-01
2.670504352146823579e-01
1.271969422373927738e+00
2.137077791408081406e+00
9.225253730587642531e-01
6.390723273798993853e-01
7.483859959374432602e-01
7.600811878235593788e-01
3.142864625251529098e-01
1.330499244603095266e-01
7.517298314962911343e-01
8.967197934091799549e-01
8.403868896052737458e-01
4.317925393012804758e-01
8.969616839002073627e-01
2.358225364290339687e+00
1.393475742354310265e+00
1.607852419222803420e+00
7.493484244655237436e-01
5.475527525081452795e-01
5.396369445237989559e-01
3.036407865754326973e-01
1.391565376504807938e+00
2.038713836409314695e+00
1.597002385834563887e-01
6.633965137795732048e-01
1.671656106669841435e+00
1.470600786963051965e+00
1.280762735239154182e+00
1.265904022311533428e+00
2.994639566718101942e-01
7.718970980789362502e-01
4.038597590564541040e-01
4.779874763266289683e-01
8.141963717483615692e-01
5.819095933057836234e-01
4.963834489909286773e-01
3.448033524421491025e-01
1.200004139761182920e+00
9.511668067572124352e-01
9.528738232575189038e-01
1.213290207012070798e+00
9.797775308613618783e-01
3.209244239316607072e-01
1.565209575728601088e+00
9.015473729619781773e-01
1.596280523098964954e+00
1.488129543089636186e+00
8.726694893712397816e-01
4.003301571080592480e-01
5.735409590543634195e-01
1.065760621208572623e+00
9.979419142324539305e-01
5.590782286137990775e-01
1.124014332783884740e+00
6.592826669816943541e-01
6.816284291662468853e-01
4.155178054217014139e-01
5.160757615449432789e-01
2.696988550394057715e-01
9.397981000941411089e-01
8.015871337498572391e-01
4.216281109177980602e-01
2.614043538827240942e-01
1.026366166693911453e+00
2.291754448875763309e-02
2.685740279501324171e-02
4.258625447788513263e-01
5.007967305534640756e-01
8.816964208701844052e-01
2.711805790411218053e-01
5.504040257167173156e-01
9.057535404122213363e-01
1.197256524808662792e-01
2.157371376989850376e+00
1.049583341634022338e+00
6.767440617790505542e-01
2.216569251624214143e-01
5.618486254723515927e-01
1.014257333336394229e+00
3.416701942505921963e-01
8.767214530568318009e-01
6.992018837823180677e-01
3.952108298904770667e-01
5.424572936056147876e-01
5.535235210929662086e-01
9.200920227351665481e-01
3.753000209403410392e-01
1.328242152552301159e+00
5.809538904182504071e-01
7.342416410073221433e-01
2.359065562613705813e-01
6.250436425848340249e-01
7.136229372964567608e-01
5.487785042028163751e-01
2.359166280839101182e-01
3.483928405743054735e-01
1.320726355801767671e+00
1.303687406465320109e+00
9.486257347615046909e-01
7.957430276997833341e-01
6.926464061873792710e-01
5.867801893015746062e-01
9.036209995282169505e-01
7.814811598094071332e-01
3.092435552528932652e-01
8.856855841104336324e-01
2.107961220847326123e-01
6.110064431894288717e-01
7.272693713440759877e-01
8.340572057866392219e-01
8.800970985410458969e-01
2.115021201480340451e+00
6.447407627604659908e-01
1.167942745979165586e+00
6.518189851652476108e-01
1.401305917352173580e+00
1.477331397596757911e+00
1.569698580522876252e+00
2.201261229310809142e-01
3.684321174341443350e-01
2.037563826846604254e-01
1.237626624806752007e+00
1.330878321083076798e+00
3.984646239300005388e-01
1.844235952286621127e-01
8.776145680963859386e-01
4.784441446706467205e-01
2.557159797556579628e-01
7.574466397924642935e-01
4.144563176394276405e-01
5.123676984497883558e-01
9.049504795200555840e-01
6.526380530724960050e-01
5.263809632862028742e-01
4.920524491379696941e-01
1.159814901955946942e+00
1.830966838850901501e-01
1.804192917410845753e+00
1.179580267899963175e+00
8.267114472590869623e-01
5.397989935927067773e-01
6.443597076891216524e-01
6.544763886656345120e-01
1.158009812307895237e-01
4.598231904622014921e-01
9.584360905219344584e-01
8.382413535994791554e-01
6.304719131650422526e-01
1.171674747716145326e+00
9.399570047691275798e-01
1.120697839115952554e+00
1.456187743243968713e+00
4.266077123641818791e-01
2.678044518001369001e-01
3.662791884975641898e-01
1.544034525663448565e-01
4.036462929870366367e-01
9.203246295390211662e-01
2.634142544725884272e-01
1.415060720220763513e-01
1.297340112576922388e+00
2.422942763448708570e-01
6.396689856246823291e-01
5.633180552946547293e-01
3.978104944146270694e-01
7.379859700363123887e-01
1.354396866487829476e-01
2.161961914367923621e-01
7.170468925674051697e-01
5.272294999165537677e-01
3.603636367716733790e-01
9.712059221424832467e-01
4.322316244333074264e-01
9.353877190927440965e-01
9.835984502289750742e-01
8.640477184957406909e-01
1.735655270596990762e-01
1.385887668857795685e+00
2.336610491976159221e+00
6.673641453069134588e-02
1.688690109523941718e+00
3.390628482206816674e+00
1.237162315297628545e+00
6.113522253828563846e-01
1.151190205374218012e+00
1.785317348924074343e+00
9.209597983184378833e-01
1.571571498114791465e+00
4.753834060261185046e-01
1.762687434553515398e-01
2.148696384110563018e-01
9.001004726309413950e-01
2.473639018966009850e-01
5.454586213406256157e-01
1.950701016032261759e+00
1.302448270435008659e+00
5.530380344343268639e-01
7.732382460294366933e-01
6.933959941502525481e-01
5.123667251292560731e-01
6.091397027393844477e-01
2.462936752348932057e+00
4.163313315605974285e-01
1.768634736582115341e+00
3.853935998785666395e-01
6.198537451190128111e-01
8.098045242414542155e-01
4.592618678778353503e-01
1.113785949594324975e+00
1.530386600512890993e+00
7.408166603147462448e-01
3.775436179104959544e-01
1.194251758879713465e+00
5.684156397838394659e-01
7.012468181427830016e-01
4.162616664040183490e-01
9.948494466067659969e-01
3.750941775444628923e-01
2.169993510906486622e-01
5.317161663328167087e-01
5.371165111249532886e-01
6.846841380196577731e-01
2.348634920332599157e-02
9.466859201653342604e-01
3.025038786028483861e-01
2.996696284549262290e-01
2.686607383553471506e-01
9.574377559617511801e-01
4.469824573650588717e-01
6.271619984292450267e-01
5.569580594776779581e-01
1.288730043725409669e+00
2.371904917315064587e+00
4.258693106036801068e-01
3.242819494996596053e-01
6.678430487924024161e-01
1.034413906928568272e+00
1.183218142382013449e-01
3.656984196201513160e-01
9.338789374801447218e-01
1.581646538073027353e+00
9.503224372547853793e-01
6.621366906648354922e-01
1.363122660976153311e+00
1.061643651691685619e+00
4.318019689002483008e-01
8.096612038887830431e-01
4.055149133455180355e-01
5.206231723219105767e-01
8.735592964643853486e-01
2.253659662450422652e-01
6.305038100953370694e-01
7.098301545943183077e-01
1.120847360216285615e+00
1.230545185333951907e-01
1.732210851727261858e+00
3.847299986884056833e-01
4.161750651856930827e-01
8.260205846639043781e-01
4.582517134393807035e-01
1.260045352386651052e+00
1.462794674531398442e+00
8.196429947844038333e-01
5.201050140924744491e-01
6.106898378032081798e-01
7.062827210145976586e-01
1.618654438736645274e+00
1.371984879908860977e+00
2.326242224833189876e-01
4.288256950297108516e-01
1.062863767988016406e+00
1.904155737045027497e+00
1.320602224559141114e+00
9.517023016313965744e-01
1.053739155766353575e+00
5.110020875786275285e-01
1.233379787862932897e+00
2.756539045683037426e-01
8.829183044803532443e-01
8.615418955872053974e-01
