1.768391803346038293e-01
2.373279993465925997e-01
2.099620950439347877e-01
4.101156649501190299e-01
2.510596158277940693e-01
2.596174665810979665e-01
1.311548762003651378e-02
1.365350749686542742e-01
3.670050106029653092e-01
4.487204216345245800e-01
1.189204313467711049e-01
3.143392843230589651e-01
2.707198747533727246e-01
2.655491812643629435e-01
1.786217691578393940e-01
1.649005668990433382e-01
9.755782558171788299e-02
9.200437564941738033e-02
3.840727038801369231e-01
2.795150680199295357e-01
2.185347778829608290e-01
1.667865624727305762e-01
1.601909438204662250e-01
5.515184951640181854e-01
2.609680380936414412e-01
4.653457133972540571e-01
5.856048276463711455e-02
1.884508398576819344e-01
1.116584072949118461e-01
1.252530506491923712e-01
3.583591685919807479e-01
5.892054302908113911e-02
3.082304773682203458e-01
2.713536524308881037e-01
3.931671433965161500e-01
6.249465132451191562e-02
4.382069947940175209e-02
1.223694047709668609e-01
2.682114265591407087e-01
3.310647943502128543e-01
2.310165594950912837e-01
1.233389636900627945e-01
1.524728052297557868e-01
2.335501733313873063e-01
3.173348315855171187e-01
1.641213481865443913e-01
1.082861035670267258e-01
3.574134121171653189e-01
1.765695778295974239e-01
1.551660945235159572e-01
1.721541503305799303e-01
2.516764492812774145e-01
1.336594674589625942e-01
5.604931253578779998e-02
2.497442262101974286e-01
1.741839981175229979e-01
5.271824093315603532e-01
1.095853180766184765e-01
1.797113410904612740e-01
9.941649568975556572e-02
6.834477334948309279e-02
1.769955983924119125e-01
1.291287169289694059e-01
4.669728970776299559e-01
6.044158243624152965e-02
6.795080662846615382e-01
3.902212910501355880e-01
2.494733224527452276e-01
1.812403276282497921e-01
6.599157635699166857e-02
2.833726341287656769e-01
1.557698090674290436e-01
1.812912552380800124e-01
8.130958497497389192e-01
8.695869611937551147e-02
1.628961049702407626e-01
1.142589487313973029e-01
9.210496578923388356e-02
1.709075519486252803e-01
1.734959047725786463e-01
1.813919252728211917e-01
2.156582308534342185e-01
2.499228156489113617e-01
2.500183364113131024e-01
2.201941535829638197e-01
7.304062024459972990e-02
1.021893526087259974e-01
2.064468437964736280e-01
7.082686675949451116e-01
1.504605303403329930e-01
2.323051514163878006e-01
7.235449534202617605e-02
1.211268054384869730e-01
1.349872693894511033e-01
1.367338968986293868e-01
1.146776163684971456e-01
1.852403922468794650e-01
2.771934813723236357e-01
2.257547179013449923e-01
3.096047666761204131e-01
3.144007233667854041e-03
1.570445013161783920e-01
4.196918055890448418e-01
1.515195961047846318e-01
2.062481746786640757e-01
1.077371475507052645e-01
2.809597771401161070e-01
3.731121237402962865e-01
2.752384354824410351e-01
1.049235170491941427e-01
2.954632692159122609e-01
1.548863932027356727e-01
2.642148275954055436e-01
9.941514928449329824e-02
4.764938270210336002e-01
1.440505248809844374e-01
1.589178236818916401e-01
1.552190278701736648e-01
1.837008172479200063e-01
2.252061669272040489e-01
7.547646072883011648e-02
3.068839633979766890e-01
3.251825616393010376e-01
3.213757904685302785e-02
1.423193845237093746e-01
1.243483261033800774e-01
2.057973710765566566e-01
2.119076835819397042e-01
5.118005855449507535e-02
1.829315077704982972e-01
1.678516609965256257e-01
1.103335357485395046e-01
2.174597105975407674e-01
1.246178334123132919e-01
2.145587988906769994e-01
7.872421726209876125e-01
3.357581479221488086e-01
2.507693975560363886e-01
1.756570672792983068e-01
4.079945931955614863e-02
1.619340490784604292e-01
7.586563346546046360e-02
1.954081457179364656e-01
5.897356437638763549e-02
1.999250285198701516e-01
8.634158084610335515e-02
1.177263630160505781e-01
1.395846838132014933e-01
4.063424212030843918e-01
7.867754320102779420e-02
8.009990236918908268e-02
1.767974936621773130e-01
1.102305326321331713e-01
3.020827331782406922e-01
1.554905127137286569e-01
2.699307366872241154e-01
2.002227865118288153e-01
1.697389705200078869e-01
1.942374484277284430e-01
7.744324560379960143e-02
2.798112044200040116e-01
2.351000202585946941e-01
7.954796585328914593e-02
1.252961056733233047e-01
2.689280170729827502e-01
1.465179951901333377e-01
4.080480934102977963e-01
1.859351577192069893e-01
1.246179265783155521e-01
9.936286608567544698e-02
2.593581913899965508e-01
2.719840865236917704e-01
1.842934785521584407e-01
1.591820451338831488e-01
3.941005789500598433e-01
2.186362604212552796e-01
1.230783319939950937e-01
8.829818787800366442e-01
4.064169061184056408e-01
1.496426905620869829e-01
2.819700567479176967e-01
2.117759124034782892e-01
1.856581893908531011e-01
2.680937322765402087e-01
1.333215088211064103e-01
2.018065698555785714e-01
2.553713156557089192e-01
8.232270318316557700e-02
1.117018450152967579e-01
1.590410083869350510e-01
2.440724822330219423e-01
4.751863262531770549e-02
1.821135449276639617e-01
4.558253288139468840e-01
8.469023776792646008e-02
1.639135157985295299e-01
9.076530932403618912e-02
6.838254902518896561e-01
1.772481098569311520e-01
4.938668791524227220e-01
1.349079703611589798e-01
1.492163206560654376e-01
3.542271738991586427e-01
1.736380016049711983e-01
3.793305136468025918e-01
4.814029445110379335e-01
8.345184364686171474e-02
5.882175992898473760e-02
1.680850764126308738e-01
1.919205030641189247e-01
1.546845731345041497e-01
9.208156687980158239e-02
1.077415755183411122e-01
1.167401528941714242e-02
4.075121062617297757e-02
1.604919925689785587e-01
1.634791160147585631e-01
1.118333371319022579e-01
1.002609470315786594e-01
1.038198350143849646e-01
2.612308740732908752e-01
1.674378301125820923e-01
1.728695633077655669e-01
1.367888072057704962e-01
2.767102057384497327e-01
2.222838455848739625e-01
6.637170183426713277e-02
2.504809532335314781e-01
2.341268731470462772e-01
3.500700213259248517e-01
1.109335705783760367e-01
1.855693905997793935e-01
1.261741031152866788e-01
2.892147052779052152e-01
1.841241253230767316e-01
2.920936775821945663e-01
9.768998573596439361e-02
2.620243836381792590e-01
1.652347934028220167e-01
3.892106082867700656e-01
2.051761356530754088e-01
1.645168415504825732e-01
2.385018526786560622e-01
2.774839991972021802e-01
1.376298739161694040e-01
2.498399589600120152e-01
1.066134980753147554e-01
1.703591164209595499e-01
1.200007509961670549e-01
4.756118520306574365e-02
8.519309240164586738e-02
3.648582114052199565e-01
2.694919174928999683e-01
2.340622019963319866e-01
2.986176272212219193e-02
1.541043557678634934e-01
9.917842140631429049e-02
3.512213426794874027e-01
2.293624665978176713e-01
4.342371161026849502e-01
2.348791828187874187e-01
1.344249950619728906e-01
1.474617961768168728e-01
1.909795821425680495e-01
1.111317634542079019e-01
4.586543548379002910e-01
1.714800311385856479e-01
3.276483529695427555e-01
2.025399831255147165e-01
1.880235318772121300e-01
1.164582242752741470e+00
1.742896772588163057e-01
1.907677571502265357e-01
1.938299037468654284e-01
2.940299360472767645e-02
3.175100179330595518e-01
2.721114311616593118e-01
7.926609306599613491e-02
2.377409973062641346e-01
2.190132090695302569e-01
1.786904959855113995e-01
1.037054948902261936e-01
1.777230140117996571e-01
4.334933805878029567e-01
4.776075941225076393e-01
6.384077020252935109e-01
3.988894525700767413e-01
2.600207863792282081e-01
1.639750371230106474e-01
4.059346049195840522e-01
5.523830149101120052e-02
2.136990351099991581e-01
8.023316221091117417e-02
2.405121156847505048e-01
2.325292745232088731e-01
3.107388508445869668e-01
4.810275820931044638e-02
1.560451449961816339e-01
3.060291598960607762e-01
2.150393923629704829e-01
3.848833443298043111e-01
2.014252301054149374e-01
1.933270842053065597e-01
1.709254217418280652e-01
2.234209771725903793e-01
5.572553336801818608e-02
2.058734430979329288e-01
3.136656626871334175e-01
2.608200005245733255e-01
1.996832601733894708e-01
1.878014546008245633e-01
2.118863020989652513e-01
8.849622658529815444e-02
1.223868046261856607e-01
1.609955662326780779e-01
1.701903933603822194e-01
5.453324641383809901e-01
2.125801340495490355e-01
2.903910505430502553e-01
2.014961597433617413e-01
6.124231805959715613e-01
4.763149973474277155e-01
4.681372867381516367e-01
1.880259814007596841e-01
2.212259598451011278e-01
3.412141943019763035e-01
1.254867902418274617e-01
7.101492964534014685e-02
2.043104013893349558e-01
2.092722585425562942e-01
4.653264815942971810e-01
1.587171895617852380e-01
3.370908147889785100e-01
2.972386317670869249e-01
3.013890310831942032e-01
3.222845391349211663e-01
1.823594721547415476e-01
2.472408726030858039e-01
1.567354010039612722e-01
3.738084424403753103e-01
1.357848961891765516e-01
8.278284653065474952e-02
8.239892476048979453e-02
4.035642999208417514e-01
2.887346318960917202e-01
4.308042456070931281e-01
2.038949243851012894e-01
9.978814970923999272e-02
3.594916592845183168e-01
2.674859676897983207e-01
9.215932253214201286e-02
2.972640417562622539e-01
6.054164370698149611e-01
1.153293690245875136e-01
1.074141276885777346e-01
2.380618075947324996e-01
2.292500226564630761e-01
3.336578468963706245e-01
1.818897749987085366e-01
1.574593905169154873e-01
1.018107465648735027e-01
1.956968506443908240e-01
4.587141316339722330e-01
5.748997133388649150e-01
3.310337828376023750e-01
4.946080632301818603e-01
2.448849593446751627e-01
9.435586742927390413e-02
3.860466063921966229e-01
9.261648559322119278e-02
3.983116892357765892e-01
2.745187002556511713e-01
6.453521299506626008e-02
3.604597693956289040e-01
1.983151252355280503e-01
2.094853234301099487e-01
1.401855416885814387e-01
2.418804937922419962e-01
2.554693581785022483e-01
2.439825282888047897e-01
2.723368114874156753e-01
4.301104949900906860e-01
1.269093100077884062e-01
3.805565378784973585e-01
3.215741823501591656e-01
3.171487959815552649e-01
2.793816031475119255e-01
1.395999981785670807e-01
1.638600116362243508e-01
1.947986970160286158e-01
3.413480304120826148e-01
4.057804601530181632e-01
3.505765512894718494e-01
2.496569073817356821e-01
1.443643561296907851e-01
1.403565728515128730e-01
1.912513363929519983e-01
3.639290201896573929e-01
3.116233756332413285e-01
4.959184522677022033e-01
3.900574341874493700e-01
1.017100553343048830e+00
3.656547572335782648e-01
1.995285500189426242e-01
1.877849767262435021e-01
2.562884968967552024e-01
1.692880885458540041e-01
1.949665472600409510e-01
2.781098743722966726e-01
2.596315275237489062e-01
2.023915556976910446e-01
3.556468278217259082e-01
4.200687166625887703e-01
2.284699742865143046e-01
3.551208754625113095e-01
2.263420816195771956e-01
2.545840796528818784e-01
4.683581841372913002e-01
2.165443056466137828e-01
2.929586889947842221e-01
2.199972501787052226e-01
2.222820397001957493e-01
2.236176062626252514e-01
4.059327138541402036e-01
4.597604426598961846e-01
2.974983329412604904e-01
3.794795274135208119e-01
2.226415756719148376e-01
1.523721896907629936e-01
3.524063879579792946e-01
1.867300311980318595e-01
2.638835095019837484e-01
2.136778991930817773e-01
5.349850813939504013e-01
2.228316737262216463e-01
1.263657495833424571e-01
8.538807564132248062e-01
1.506868970478959791e-01
1.844971602414692269e-01
9.135510136029059702e-02
2.446794638680201417e-01
1.082167073059763451e+00
2.015802815115827207e-01
3.019150676843689388e-02
9.627086758159283941e-02
1.779817450878643070e+00
3.017032404516359900e-01
2.526937248966126814e-01
2.830386802108783018e-01
4.736049665530571162e-01
1.645206142956721074e-01
1.564092662611464291e-01
2.563192016194132394e-01
3.142566942655822815e-01
2.284503053661334493e-01
3.024434917932263822e-01
4.556935547205801518e-01
2.475602550441266814e-01
3.465998539172035486e-01
2.679192282676137182e-01
3.604105337956576283e-01
3.883522600974583239e-01
2.777543037032764173e-01
1.892177327164308864e-01
3.924036707434852556e-01
4.399495567545274599e-01
1.539118067796232392e-01
7.027735334686421864e-02
3.197123646599783764e-01
2.793534788821382953e-01
1.818554328292204814e-01
1.358213827193873457e-01
2.946273272536119592e-01
2.248302562940861227e-01
2.133676178848429028e-01
3.465058838448731304e-01
2.642652848071510019e-01
2.972376247659588300e-01
2.939293585575969980e-01
8.951821713735194641e-02
1.776480345911317926e-01
1.090435828504541793e-01
7.293639691941691261e-01
3.723209734647343061e-01
1.369648491186082895e-01
1.892304200616122256e-01
1.694131856783711032e-01
3.306768689462896482e+00
3.031652267964748404e-01
3.404740142096189248e-01
1.392648573804063927e-01
3.127277289764404666e-01
2.786167156930183797e-01
2.574733278412841830e-01
2.312366098649739909e-01
5.278324325190659749e-01
2.818882636392525676e-01
1.628102274006993089e-01
1.232067398033989680e-01
5.734237436739220151e-02
1.707992935136707080e-01
3.298427285218209493e-01
3.210517743994542594e-01
3.811720196793189075e-01
2.189251552112004839e-01
2.046697601512802722e-01
2.744606056995638754e-01
2.226710917461638684e-01
1.438760066096990420e-01
2.263996286161819582e-01
1.746256147853960938e-01
6.558905933059000493e-01
3.415808039271104324e-01
5.415183155450222774e-01
1.117623095488071427e-01
1.796699631996152569e-01
3.237541555701609064e-01
3.873276467223959463e-01
2.449248989494148820e-01
8.757963017290899821e-02
1.791157812801393578e-01
2.280948533474308759e-01
2.798155892360870700e-01
4.364564714987802518e-01
7.384959118772463915e-01
1.714146158318088087e-01
6.152376483504137239e-01
1.259792456563754159e-01
2.707003947031297875e-01
1.613614495254032943e-01
3.948609785216940504e-01
1.136717371710396079e-01
2.618276807649152493e-01
2.336110317931384128e-01
2.247272355495839036e-01
1.723518877129787963e-01
2.047871804862874678e-01
1.690308282193409839e-01
1.103971513910219360e-02
1.704622782819538718e-01
3.338551349411137958e-01
2.520871817233358847e-01
7.669760181805274080e-02
1.943723796926283831e-01
2.176297365992841404e-01
2.411321035850313432e-01
1.676497047429451881e-01
3.584944334080064077e-01
2.515759033668914513e-01
2.671818586573077026e-01
2.376719448068029539e-01
2.434045590678472204e-01
1.637875759134184983e-01
2.828281478432633986e-02
5.337773373457369713e-02
1.991905067827314524e-01
9.115965640643742818e-01
1.359739837839223364e-01
4.893321265047004820e-01
2.417223017581425770e-01
2.841103675507550830e-01
1.303642829577024709e-01
2.810869593996843663e-01
1.367371853985117902e-01
2.039353024632292177e-01
2.665828698510449568e-01
3.216188910309886739e-01
3.288872532409750638e-01
1.238365883417035379e-01
7.895722296390500494e-02
1.796815646073722794e-01
1.673097026765549278e-01
4.974377367938487282e-01
3.327568843043397506e-01
7.545299518342448719e-01
2.020890492159220786e-01
2.499473134985810141e-01
1.955369104170678607e-01
2.767234601172565700e-01
2.993277849029348237e-01
1.511614024390392497e-01
2.115342961554192991e-01
3.192702851397055119e-01
2.455795083003292356e-01
3.657997291482930624e-01
1.651580323851952192e-01
1.725178115037258597e-01
2.934079632962821038e-01
5.473506438534674334e-01
3.160886122736085158e-01
6.409366212142485475e-01
4.909856977030250813e-01
1.242396915297378085e-01
5.384013308755103422e-01
1.574791265839488030e-01
7.269234835033440249e-03
3.375720396919110189e-01
1.673575105605306090e-01
4.819798960159988321e-01
2.255924118144856938e-01
1.806480343748813888e-01
1.654579239162069504e-01
2.228738494184424046e-01
4.454832478228110126e-01
4.862768200623981407e-01
2.163095744587839042e-01
2.348801757736756479e-01
2.573194524683171669e-01
1.608347447493664595e-01
6.769579254281926639e-01
6.682800557879875480e-02
2.278148252433890020e-01
1.569897263975906787e-01
3.272648473881495934e-01
2.503754099087593943e-01
1.271704764927918951e-01
2.354884158860171550e-01
2.962373140119664572e-02
3.649790668611250788e-01
1.488141156728326475e-01
3.844644847891776074e-01
6.994980999020115053e-01
2.111390745297586080e-01
3.372245211137728793e-01
1.052269415221890325e-01
7.091715421999664204e-02
3.096581416661806641e-01
3.314457573143902436e-01
1.270662409961956507e-01
4.760842613129153689e-01
4.057596519611554320e-01
1.074732743714541111e-01
3.216873645530676229e-01
8.864591570918728403e-02
5.720670771240626840e-01
2.231671273992816007e-01
4.884256566920661125e-02
4.264789611733354469e-01
2.211915210193299008e-01
1.148688497168205980e-01
2.552116050891064525e-01
9.288548331901766431e-02
1.832647577337238320e-01
1.415483205085848184e-01
9.915843976328077014e-01
7.707278551976537440e-02
1.716432620821247701e-01
9.721528368017452737e-02
5.578010113143816451e-01
4.173721133029196229e-01
5.895842016120483170e-02
1.167690682076137632e-01
3.434239957163184309e-01
5.715198842996808276e-02
1.476838336434498633e-01
2.439927097771382725e-01
1.291558525534712842e-01
5.111328615681906551e-02
1.113890649265957933e+00
7.332400783558504775e-01
1.621021772110566861e-01
1.816050422648101681e-01
2.469344956228020915e-01
3.672418382369436740e-01
6.273901826285868677e-02
2.956404721400057167e-01
8.800372197496809656e-01
2.741491059304542177e-01
3.457820667791652314e-01
9.249038384606206309e-02
1.781971334612834912e-01
2.123095100409114200e-01
7.543351453375100879e-02
4.154271680594632254e-01
1.459173524361730978e-01
1.507522457949858896e-01
3.899410932664533758e-01
7.639348551745658855e-02
7.698784768960960367e-02
1.087232735896523639e-01
1.573339521712812383e-01
4.188353835502912625e-01
1.058578197339674204e-01
1.512478144602334151e-01
1.988811809203883396e-01
1.679599524476615979e-01
3.252507708952157017e-01
3.148459961301544041e-01
2.805599630416079626e-01
2.550713482025973033e-01
4.095080149635322297e-01
1.595573602374581179e-01
4.569093648936406460e-01
7.732458131732282691e-01
2.125860089878296444e-01
1.846319539576331270e-01
2.910570100177761188e-01
3.050410898263358206e-01
1.527780532872744512e-01
2.054961938170955793e-01
2.051060294723265898e-01
1.749050845974886303e-01
2.008035186637164571e-01
1.922496635930327491e-01
1.640262223536009811e-01
3.626425375624349190e-01
3.003032943937473109e-01
2.170637496822264978e-01
1.704311736179264791e-01
6.052614123195511064e-01
3.092889355014084019e-01
2.676043851890239078e-01
8.801373619171638518e-01
1.940368677998420277e-01
2.120335896071871840e-01
1.517169197830082472e-01
1.496044133174883328e-01
1.565876580615562508e-01
2.195489907096583870e-01
1.912977513768608084e-01
6.327946321262832574e-02
2.336877982776746354e-01
5.887782404940173908e-01
1.926512150508923049e-01
4.377299506941318974e-01
4.739009380014116979e-01
1.881838404299335521e-01
3.823397491585221464e-01
1.991496056665688630e-01
1.905071488463212226e-01
2.880688460912763094e-01
3.171673812748427856e-01
1.998401224540220511e-01
4.591584574511408112e-01
1.840999908973386945e-01
5.965025845837707702e-02
2.150116905377182086e-01
1.411775960437260669e-01
4.572488550543702956e-01
4.016798960055434908e-01
1.297821124099229617e-01
1.510712775907040728e-01
2.510921845311865352e-01
9.935539118395708691e-02
2.692984021004797834e-01
1.340465512499388612e-01
1.464059222035807573e-01
1.887168218442916157e-01
2.329487705398539665e-01
2.022064092770223809e-01
5.215675967406305930e-02
2.472480648283559290e-01
2.319570510960639598e-01
1.451561838972586782e-01
3.627235080918967403e-01
2.587132468051393519e-01
6.110042819170562189e-02
3.884492111509860734e-01
2.391610192221224340e-01
2.644511807379413271e-01
7.701236143808409818e-02
3.978520103862318580e-01
4.957760095035871339e-01
3.541078805528768414e-01
9.700085117104326193e-02
2.781784648210340327e-01
1.522656993030014894e-01
3.462793316634080742e-01
3.230562397790785467e-01
6.490089108750368707e-02
1.927187123367405941e-01
3.932464922433456800e-01
9.882790041875834375e-02
2.948874578328293805e-01
2.149525443521968504e-01
2.370542474083867368e-01
2.802268769260065073e-01
1.420056458355362927e-01
2.260183937126287734e-01
3.159879576288432412e-01
2.405952809163909578e-01
4.298406274306693087e-01
2.796841490788212758e-01
2.742883064629564327e-01
1.639160936758538856e-01
3.116438662806897408e-01
1.294632315972017444e-01
3.524607315945388342e-01
3.563624171974634769e-01
1.573857817313051854e-01
1.657579451218289257e-01
3.836570523866135729e-01
2.552931239621812898e-01
3.614978618009070388e-01
2.199794000613113365e-01
6.682758843010090655e-02
2.594210794946016363e-01
3.636331013787257316e-01
1.995520434094854301e-01
1.496140633530978481e-01
3.026527234420399726e-01
2.447512016491945330e-01
1.084944221954781407e-01
3.235330247762150946e-01
3.666654057257685007e-01
1.415702398751805258e-01
2.326339923552677713e-01
1.470700657146180312e-01
3.800341867937054863e-01
5.860440735810897028e-02
3.074043413253443324e-01
9.045094599404632230e-02
5.223739474467253840e-01
5.530611369940857669e-02
1.080187832306850337e-01
3.441552807190829677e-01
1.500831595127073426e-01
1.826492218067303774e-01
2.642424897208333068e-01
3.794341028806150762e-01
1.301591212980323375e-01
3.158667419956912581e-01
3.530279817795874964e-01
1.603915092788535113e-01
1.356903998534267908e-01
3.556059259329040767e-01
2.632908362693904269e-01
1.160299167300052614e-01
2.927369285473065963e-01
4.296563769869644056e-01
9.486039398519061083e-02
1.987764236579184218e-01
6.455227820679487749e-02
1.984001141734518525e-01
4.528950381562241723e-01
9.257136873521983056e-02
3.208041632587319558e-01
1.112447713237390556e-01
9.853904438439685387e-02
1.435529830729829759e-01
3.576586293565633956e-01
3.833929494381268510e-01
2.140703687231501340e-01
1.573727321487349007e-01
2.301353874050729997e-01
1.778340480013134439e-01
1.463918651649453728e-01
1.421285644326726882e-01
2.499377138443090451e-01
4.113147955431328273e-01
2.112670702176194237e-01
3.169239090503603307e-01
2.886872901641261424e-01
9.696624252898701501e-02
6.491028781641440260e-01
1.936724533474763754e-01
2.437552515817953125e-01
1.840409595074278537e-01
2.292756092763536813e-01
1.180090451759988751e-01
3.306763904987132796e-01
2.814795126894799049e-01
5.424903481700128483e-01
1.451801324488914413e-01
3.467627903715237436e-01
1.172972909448000423e-01
2.574838397548478985e-01
6.154525868590099424e-01
2.096607376864301764e-01
1.301449309981022595e-01
3.028637931990424415e-01
1.572448682990379432e-01
1.969378679480215388e-01
2.413263034916784677e-01
3.482293306545238831e-01
1.088741880186719913e-01
9.602419262880199091e-02
2.909351104800840249e-01
4.847165800217413945e-01
9.928371114753010984e-02
1.906367721739795906e-01
7.126168389768067213e-02
9.084322143970299801e-02
1.896566811368024241e-01
4.353897581549213136e-01
1.161477855004217213e-01
3.230539976859976292e-01
2.793841397807682037e-01
9.508491375239498666e-02
2.228294894924507663e-01
1.438887027507199101e-01
1.020055828674241855e-01
6.866681835407235646e-01
2.101236946154796670e-01
2.223549024613972191e-01
5.054224315151863989e-01
6.333451753149521579e-02
3.700832111258139934e-01
1.229039689488861387e-01
2.684153843483236268e-01
2.286711314083447466e-01
2.340023428275549711e-01
8.912934863692800747e-02
1.216315102441704876e-01
1.886266335556817941e-01
3.846021117658526278e-01
3.493018920929313875e-02
1.588296904323022174e-01
2.063922095275989299e-01
1.487065370531814035e-01
1.916837459565372825e-01
1.572170912943602616e-01
2.640883744633393260e-01
2.309377422382864753e-01
2.352346465200536585e-01
1.851548883162854597e-01
1.349751879220434381e-01
1.017459601369386651e-01
2.785788822634862605e-01
2.870447376654248206e-01
6.676793741083894562e-02
1.838932872259132767e-01
3.537011118559278966e-01
3.723870504405648596e-01
2.271117352882976725e-01
2.693678281154791021e-01
1.582697463427212570e-01
2.917890830136959934e-01
2.629677837641333227e-01
1.760909792062869128e-01
1.727976095648607602e-01
1.210751086140954141e-01
2.599459712760249230e-01
1.809841440649056499e-01
3.671818528705370621e-01
3.039470999856065392e-01
1.279891408164570976e-01
2.790599154114398184e-01
3.106955003983241648e-01
2.564812406233969999e-01
3.325882541417285454e-01
1.653250072314360331e-01
2.130337567696495849e-01
1.682387208906265808e-01
2.299972052236611830e-01
3.871662931539829322e-01
1.567318744941141317e-01
1.860072113368599622e-01
4.214733363172323832e-01
2.524520515051134062e-01
3.417999939412815213e-01
1.983607472191954435e-01
2.938978615542979789e-01
3.171530120302092914e-01
2.035791023505838515e-01
3.653455397668300964e-01
2.136473873799913659e-01
2.392748208328881743e-01
3.140738929897886056e-01
1.287057851049622781e-01
6.364980713257073486e-02
2.283298141922070756e-01
1.372045596245616839e-01
1.576987874587245098e-01
1.746686620917520805e-01
1.703982091315774383e-01
7.481194403629075340e-02
1.046207721595665274e-01
