3.323046371185487957e-01
6.264577607118622105e-01
2.374542923188651400e-01
3.348154518141701619e-01
4.558458895093399355e-02
9.578038790932288937e-02
6.923597852101839312e-01
3.932962039711638269e-01
1.503634792904252060e-01
4.257536317112630697e-01
3.821030927693065404e-01
4.069055960425057017e-01
2.537287356407921246e-01
1.507186382014505943e+00
3.755265689622973579e-01
7.772221537902721522e-01
1.479476796423526141e-01
3.369124745876820315e-01
1.512092770677026243e-01
4.990062854954654403e-01
6.367521526779515439e-02
1.144224357112701151e-01
3.553180062728839572e-01
1.395335711791024502e-01
1.971862538362001427e-01
5.300010749547827693e-01
7.645081275847877000e-01
3.281641787856964254e-01
4.558728944033615949e-01
3.026522073384579903e-01
2.773401994901557588e-01
5.324570236738788154e-01
7.514920575549630666e-01
4.260133779835886814e-01
5.816356264041254720e-01
4.186473024418431721e-01
1.141768693646599386e+00
1.810552074029337100e-01
1.479673240200906625e-01
2.229973816098470285e-01
2.108402231403404548e-01
6.215634490465855588e-01
5.896653628095015476e-01
2.171857163179729822e-01
4.959545967392641752e-01
3.779234567799256705e-01
1.854987770980316419e-01
1.770057184248197357e+00
5.975484657264836796e-01
4.558318433280494908e-01
4.346058681824258585e-01
4.058358352618338660e-01
6.336344752113092227e-01
5.600225360704077504e-01
6.589208225361565807e-01
3.776200546266517688e-01
6.932093358411219874e-01
3.783296483583319381e-01
4.180940721988175568e-01
3.649971723605298646e-01
1.079160237606606954e+00
5.078343179422358800e-01
1.198400830593348232e+00
2.929225797561689215e-01
1.293752649642123942e-01
2.070287972154586376e-01
4.014634210074800036e-01
4.220133056729770127e-01
6.929100122311705467e-01
1.591435771366894292e+00
5.584600103380077396e-01
6.601981394903646549e-01
4.618656423381569121e-01
4.018258856752941477e-01
1.022222976491329538e+00
6.989619754293506515e-02
4.636232602325823238e-01
1.758107914099476254e-01
3.098967543981976935e-01
7.988565735605677176e-01
9.830374262526855311e-01
3.863502484536256443e-01
4.016396458238077893e-01
4.426680718571898709e-01
3.164310474740789636e-01
2.590180274643758551e-01
4.060972848448267392e-02
3.597581710721803883e-01
9.296001870051380234e-01
7.710312931289817762e-01
2.589201069709340941e-01
3.169981580193826365e-01
4.639427690452702646e-01
2.169392655600897446e-01
4.425070951566449917e-01
9.133644344738794940e-01
3.797106195305736676e-01
2.447953858513852998e-01
2.691652976163000921e-01
8.097191425963039535e-01
4.705030399546860642e-01
1.300686501870691458e-01
4.056252503262955944e-01
4.227107006756101182e-01
3.769036671083492718e-01
4.618096271582175505e-01
2.716754467215305446e-01
1.094815659177395650e+00
2.838041053787945245e-01
4.010794863887056083e-01
4.811689744129926116e-01
2.471969170567492602e-01
3.988333900932619080e-01
3.476567359776956967e-01
2.580916095751880079e-01
4.877074631052091269e-01
5.035880956629076310e-01
3.602507651925284105e-01
5.090873257735739621e-01
5.505358076460963312e-01
6.913688157099489029e-01
1.031767492764381622e+00
4.607077921119264730e-01
1.770994148279368685e-01
2.145531024929593911e-01
3.151636950724205355e-01
8.173757132733056041e-01
6.784750869840836529e-01
8.435373473061659189e-01
3.269891524206247069e-01
2.754416801076982613e-01
4.410770664115835626e-01
2.964513075260793440e-01
2.745960657555520101e-01
4.141690506326153320e-01
5.649158668939949779e-01
4.635032641266831344e-01
6.514040355935983850e-01
6.543100152032318428e-01
5.952331420554369812e-01
5.739412670446089049e-01
1.662915663107987108e+00
4.383318453548513682e-01
3.330194856985500551e-01
2.923046174367529559e-01
3.651150048672326398e-01
2.373811999511298287e-01
4.332842545009675805e-01
6.411064862128934561e-01
2.128693990324292407e-01
5.649095062809512680e-01
3.185492903906191331e-01
6.552392502428496801e-01
2.914926746533391677e-01
2.851811321366170549e-01
2.782013027851531484e-01
7.791536855564490383e-01
4.996078313692953188e-01
2.820872116688044606e-01
3.777096661863448834e-01
2.336585896305476695e-01
1.592712924730781410e+00
8.031788901887458865e-01
3.538844658646736474e-01
3.867198151246449833e-01
4.112858826246505450e-01
5.127021861732341534e-01
2.225369241408677035e-01
5.135001651067504502e-01
3.921794347332255848e-01
5.145956999049288161e-01
1.966128445130178870e-01
1.010664414342918732e-01
6.947808124611345448e-01
9.848910236789353012e-02
4.424674876474103402e-01
4.367900426263274793e-01
2.982835061849890002e-01
1.261046875480982710e+00
3.998303355965801553e-01
7.547303740441109188e-01
1.154973121316159729e-01
7.157350639074877563e-01
5.009955002658805778e-01
1.648628827444542366e-01
1.062612128982931975e-01
4.535434619675476897e-01
1.025205020436743691e-01
3.027228414759564057e-01
7.390784961192038427e-01
3.100819273247935604e-01
4.329082075333628432e-01
5.635348788849288137e-01
1.542557700686696676e-01
6.297759792987893679e-01
4.853389949035651907e-01
3.424562410165747917e-01
5.967250629147637930e-01
3.424506921179647501e-01
6.201015088297686662e-01
1.071320097209135236e+00
6.301920328700747476e-01
3.952740386747971568e-01
6.264995086176418093e-01
2.514307003074299773e-01
5.607186787989534293e-01
6.164549826116084708e-01
2.188240470075435429e-01
4.950207967389502750e-01
5.234616211525249252e-01
2.416993389244989632e-01
9.471059360559336282e-01
2.473818486356256230e-01
2.170912802365033423e-01
6.039294233170244830e-01
7.223798025493057828e-01
4.714974453230801887e-01
6.402339593693769926e-01
9.531437208046887877e-01
7.129134764931153168e-01
1.687475981178749584e-01
2.388282625548903970e-01
3.439519542639733474e-01
1.180238408342743905e-01
1.474943565319225547e-01
7.104831692903161855e-01
3.768021806486883674e-01
8.107234277551129964e-02
3.552453197677621910e-01
6.999260226349369729e-01
5.105189875585508519e-01
3.749946766460319769e-01
9.183429397806636141e-01
5.119884878419291852e-01
2.186807033825956537e-01
6.289919639014488473e-01
2.373777003626367510e-01
2.687656631357716597e-01
6.328565807542670951e-01
4.358212480298053748e-01
2.731971701681261688e-01
1.169399554143987080e-01
1.364839719175232891e-01
3.966363825495458628e-01
1.005538967678980267e-01
2.394146256636509873e-01
5.680102796160466649e-01
3.842669972211138485e-01
6.236410584460393425e-01
8.564965236017215711e-01
2.828577870305292175e-01
4.199917446208198402e-01
4.703600016303608466e-01
3.532203208097186575e-01
4.857425976543863211e-01
4.184305781754039666e-01
3.226853529811511967e-01
1.456571667949282112e-01
8.031327850892339137e-01
2.497506982852656376e-01
2.620944912312803132e-01
2.299086919689009301e-01
4.840608289227369548e-02
4.850047095002185116e-01
1.687405407290094583e+00
6.382360532616428994e-01
9.673436443218250691e-01
3.262079640328259811e-01
3.553296525599901612e-01
1.874908162097616293e-01
5.284662522004004437e-01
4.603990281379438665e-01
3.866046236422749915e-01
6.052296271376107484e-01
2.175826921156517046e-01
1.851213047650872578e-01
5.166436985428890516e-01
4.419325553850394495e-01
3.882870559632410346e-01
1.036521662552870870e-01
1.280674804064218242e-01
5.505638082460976301e-01
1.262734826292204182e-01
1.100723342328976118e-01
2.731148094367225054e-01
6.586938039588349225e-01
6.095136018539332179e-01
6.222306480170347598e-01
1.182139407878286114e-01
3.820445495087415044e-01
5.232632896507927178e-01
7.678939169382836827e-01
8.792265285215745685e-01
7.180730121109343278e-01
1.047660636664729861e+00
6.969013370548702291e-01
3.614402423510384432e-01
8.863577701148905863e-01
1.702150008146467164e-01
4.350431517327782438e-01
7.651052975514260890e-01
3.390388488038872383e-01
6.583887521603711823e-01
3.873443929338310499e-01
7.401111579184794786e-01
1.831244999848135324e-01
7.236946831658570556e-01
9.651532906823316882e-01
3.221032776169505674e-01
3.436741281262327696e-01
1.593841690872164207e-01
3.560449550839218102e-01
4.679685093284072783e-01
5.552162413659251783e-01
5.492899522887547681e-01
1.037011074337492317e-01
2.005304567773829594e-01
3.884423254184349306e-01
1.823101229394945011e-01
1.134971753483014378e+00
5.001130680417127383e-01
4.481095898082257389e-01
3.137952021496179800e-01
1.763083191760037305e-01
6.894061846763263057e-01
2.969518414421710162e-01
3.302724878540044817e-01
4.554255836661754708e-01
4.339099154731598240e-01
2.146060642289673304e+00
1.266991410585722067e+00
3.691973728658884402e-01
1.761515026251255223e-01
2.724088039703877473e-01
1.349446293473604286e-01
8.923201608457086431e-01
5.379960918138400050e-01
5.799501547130259116e-01
5.836487271249618525e-01
3.438933643928719919e-01
5.027246096378152895e-01
1.203400312790323667e+00
5.335255691631949349e-01
6.062902080270939909e-01
4.657918121949234380e-01
3.208933227236834829e-01
3.256141726758461363e-01
6.126109209274939182e-01
1.362241017008667954e-01
1.180999457627609078e-01
3.181377096245640579e-01
2.080169335006886444e-01
5.296066170633144665e-01
2.828542532828479672e-01
2.461320436371898512e-01
6.204660643046859825e-01
3.055018317189072130e-01
1.326021194646089807e+00
6.502458093871810174e-01
9.103154958056944301e-02
4.849634518204135741e-02
3.124416062064743205e-01
6.240009956383282264e-01
3.289576120168214990e-01
1.268939241818317076e-01
4.876702738034963125e-01
1.478625767878616881e-01
1.453601029084335972e-01
6.327765824132757233e-01
3.195489218921068186e-01
4.657063729812184749e-01
4.875073265940327999e-02
2.854936790095797816e-01
3.112559490283619557e-01
5.242759990012595406e-01
6.383632571778019571e-01
4.959840305856350606e-01
4.466557153408886038e-01
2.690151461114809184e-01
3.893738880133512659e-01
9.277481562930058878e-01
2.900235482844322199e-01
8.692035427752216326e-02
3.777990540690654431e-01
5.720997098195212960e-01
4.916778599076769285e-01
2.051172926907942617e-01
3.970051771216900893e-01
1.816819766183832008e-01
5.287954164588025696e-01
3.936163218175957046e-01
3.609334820578110614e-01
5.340447282189207945e-01
4.235141345275730829e-01
1.957001397551383637e-01
2.089148968751985969e-01
4.412537608429347724e-01
3.945733448529485932e-01
1.930055581067671722e-01
4.336679807786276708e-01
1.168984393873649524e-01
5.352314469681145326e-01
1.177192511970719835e+00
2.802430695810111949e-01
4.071007994775250327e-01
3.941730071678989367e-01
9.406262431050258499e-01
1.529262567190895206e-01
1.560486722466300491e-01
4.078920406077869432e-01
6.348420931230543962e-01
1.531014133140447542e-01
2.134820750083923913e-01
2.619262498442047615e-01
9.988107448135240540e-01
3.505788343226929338e-01
3.953489040098121521e-01
5.329224554905001021e-01
4.608618684997475290e-01
2.016543364031003482e-01
7.764544612573667237e-01
2.815552283749106488e-01
1.187969924697704488e-01
6.070985099153448639e-01
6.418005688235138839e-01
6.974454522130608680e-01
7.751148345012441876e-01
7.699463618920719954e-01
1.634198254539417083e-01
4.490498029473547481e-01
2.844111045566521390e-01
5.165343502679816678e-01
7.230362443358152591e-01
1.770342199391814475e-01
3.866631238659346548e-01
7.040153165646420019e-01
2.079819948710938393e-01
5.636189803053537339e-02
3.844083277746616067e-01
7.567122225751949927e-01
6.151176382989277380e-01
8.618251238459425645e-01
1.293146563348641365e-01
2.741351513134914208e-01
2.892977731727879864e-01
3.498581073486460857e-01
3.813237752524514246e-01
1.471141920564248973e-01
3.932958892005213869e-01
8.478174275113112834e-01
1.027618352506596555e-01
5.924351375742578085e-01
4.204793749030221739e-01
4.683174018623088575e-01
1.069712010432301463e+00
5.547107944936984225e-01
3.575813909668499324e-01
1.689121264562170599e-01
8.517092730702876535e-01
1.712027000922704545e-01
1.238640613098035970e-01
5.895689774574635056e-01
4.334586723724806467e-01
8.584480805517007429e-01
1.163042657390590123e-01
1.067252005459329717e-01
5.364412375910426745e-01
4.699903813122165985e-01
6.855455055425372368e-01
4.886711660584740491e-01
3.998898057690267738e-01
6.558026184867411512e-01
5.992722910477591425e-01
1.743528021049913779e-01
2.407966480884863314e-01
2.883457648272553797e-01
6.640276463764113180e-01
5.676388508575015424e-01
1.116481498471737055e+00
1.303478458639604431e+00
6.874735714846783585e-01
6.487645778466943902e-01
3.211577519448214346e-01
4.960843930831156379e-01
3.235343457084404739e-01
3.822768944129373847e-01
4.565051776718042076e-01
9.241740322835555188e-02
2.187803975292598180e-01
4.303383941785389744e-01
5.420202115363154105e-01
5.898452953707749025e-01
1.024803680746051215e+00
4.837544021504257552e-01
1.506495390003365631e-01
1.081258637573949827e-01
1.202950747847847390e+00
4.671520122936060337e-01
2.296970251837487237e-02
5.645785178865058151e-01
1.142166740395296129e-02
4.620355660566902722e-01
1.044763439849022424e-01
6.577548669592450103e-01
1.926163776732748578e-01
3.985225500141292843e-01
4.701526549300922286e-01
3.799750475786701220e-01
3.055047440061033903e-01
3.851893724481119108e-01
5.617633379433759622e-01
3.529802764805486937e-01
2.321774961694817729e-01
6.104795111532628216e-01
3.610080435384824260e-01
4.996858038714331873e-01
2.396370452949405372e-01
1.616225423241146042e-01
1.747396501482826048e-01
2.789065400657825822e-01
1.564681138869147004e-01
2.655728389463231087e-01
1.593130615628975399e-01
5.983218095470134168e-01
3.426216111681081311e-01
4.186697209475512826e-01
3.056440013053862703e-01
5.510872746282423629e-01
2.896899676010082358e-01
6.086299046350208686e-01
2.398749588895926765e-01
2.152064265234504281e-01
3.663446570261651991e-01
3.216144904084915490e-01
7.351470873964696118e-01
4.815283779989499302e-01
5.489238972539882688e-01
5.525900612445173721e-01
8.334078089332613848e-01
4.599210219688099066e-01
2.634952060000317897e-01
2.718920710041829447e-01
6.014592344469218421e-01
3.099629500664110027e-01
4.323117673235795100e-01
5.160165686419545539e-01
3.686489681634108062e-01
1.797440746333250350e-01
5.134935733489381926e-01
1.026836143046236494e+00
7.797921002908674293e-01
2.612886186317194825e-01
1.237056811601167927e-01
6.966187605907767644e-01
3.537851675549100738e-01
1.566204219351002291e-01
3.912490087217947443e-01
4.644145962479682144e-01
2.630747370799579876e-01
9.455244893522166683e-01
3.893067335912513971e-01
4.232738525840493704e-01
6.840416873849239354e-02
1.760845507725946890e-01
5.518639312330468893e-01
2.138546961929268242e-01
4.695370582369771117e-01
2.106247506458687191e-01
5.987562701898306861e-01
5.376265540107658669e-01
4.453518734730080864e-01
9.851020934174929966e-01
4.141562242794098458e-01
2.382744353183009756e-01
2.379773609149006264e-01
2.679004884423435984e-01
3.769043829583790806e-01
1.033105570038522075e-01
2.918600606438994660e-01
7.724054724488433887e-01
4.701155190045726573e-01
3.103159638597849934e-01
5.458701124089149204e-01
5.286699992535016657e-01
4.223209428998720427e-01
5.005270956008852634e-01
1.365706536169379037e-01
4.689053403911420115e-01
1.058056228700577694e+00
1.664798303903387011e-01
7.424514011775671385e-01
7.319184679032809671e-01
4.289422173285162287e-01
4.929407424311931796e-01
3.271606844587968688e-01
3.052901290597345718e-01
3.729406624434223883e-01
4.194032699886686699e-01
4.209164867447909297e-01
5.087349832571642638e-01
2.990348382731599641e-01
8.057130818960919205e-01
3.298249386455202048e-01
9.111003483374402467e-01
1.235847292146285969e-01
2.663655079224623856e-01
5.204658543062726794e-01
4.702049059937404296e-01
2.102742450163443133e-01
3.610240435571415163e-01
7.032377466679072819e-01
4.545934482001344756e-01
2.199154875885978577e-01
3.398089319395853347e-01
5.376169866333455616e-01
1.189043750109701897e-01
4.174653139476500741e-01
3.945006849220821232e-01
4.911390875627778541e-01
3.935560948621577015e-01
4.869994092370860117e-01
2.763440584230761332e-01
1.279131365362649875e-01
6.490601553650271471e-02
5.070218197908370195e-02
4.751196529056165296e-01
1.307689612467959062e-01
2.580324387484798088e-01
6.643762172111321584e-01
4.963649185615099935e-01
4.385856107342122057e-01
6.166561453295457129e-01
2.764011728864401163e-01
5.386441597788830388e-02
4.360814629994132496e-01
4.931391503938121756e-01
4.428586894530730511e-01
2.835659149372021792e-01
9.046098553568255873e-01
4.166325559238250320e-01
2.390251017728428351e-01
1.849422624555031036e-01
5.969409741768760824e-01
2.854553500821210288e-01
2.352708734628179699e-01
2.114616165733468334e-01
7.953741469170362566e-02
6.126248363127240193e-01
3.609155427834896401e-01
3.367730497640378240e-01
2.508721017340186377e-01
3.984892696389462363e-02
6.207494254568820535e-01
6.441212462151770790e-01
7.191183376254050019e-01
1.052827636297897218e-01
6.378165978634193767e-01
6.437868158094027793e-01
2.951137057801411778e-01
1.942894969155724849e-01
7.718870973458552553e-01
2.722726434562547926e-01
3.556193641440515418e-01
5.417766848135746605e-02
2.957573892249029113e-01
7.746763537891065976e-02
5.567429954172212758e-01
1.574458126155349191e+00
5.637592559906431378e-01
1.817666040459059995e-01
9.294635122420548401e-02
3.748123117415249617e-01
1.659605895905862938e-01
1.777928912439189491e-01
3.085996681584683432e-01
1.500343283502858227e-01
8.785041308497132384e-01
3.034350194030517867e-01
5.858550502296417939e-01
4.722216449553927053e-01
4.521984942389109530e-01
4.370230930032530936e-01
2.104718620012522579e-01
3.757329589080574128e-01
5.541970996241367686e-01
2.289906283170183576e-01
3.932337242611705919e-01
5.876031573398579066e-01
8.246004781618839763e-01
3.300528528058028210e-01
3.808477084686407443e-01
9.361080410100013349e-01
9.430163065681737011e-01
3.879911193606309650e-01
3.946035344385987464e-01
3.136037217124299503e-01
5.927592534801678914e-01
2.126090476341918889e-01
2.834105392854648353e-01
4.962602159081119790e-01
1.028213729875533944e-01
3.541553942141802414e-01
5.125353221601975928e-01
4.113285113069183874e-01
3.514239821346860082e-01
5.919272984386175773e-01
6.424524039032319944e-01
6.968400932822327309e-01
7.743446722370303514e-02
2.404000146326129572e-01
3.870009939738982552e-01
1.893856529994749627e-01
7.123238357856472025e-02
1.961658347559465110e-01
2.210097815350198225e-01
5.602346441923902187e-01
7.518654353810962920e-01
4.235586833794351969e-01
2.340980135647613980e-01
1.941760601459718572e-01
5.079600500015510889e-01
2.048997894417219634e-01
4.362214062378644286e-01
4.315018802404380072e-01
4.361267908405459526e-01
4.032340750007047392e-01
1.302012668274466767e-01
5.454390990619485402e-01
3.663209681559719266e-01
4.773578543378551031e-01
4.394405701171924528e-01
3.223818696248670901e-01
1.895057919663220292e-01
5.767912321119976760e-01
7.001656023948216179e-01
4.115188871997957909e-01
7.414919637814836387e-03
4.009440146433492780e-01
2.727140553237157317e-01
4.409114244317828835e-01
9.398842707217593961e-01
4.165243762740178379e-01
2.557532768230538767e-01
6.540378123956295253e-01
9.613911516020103021e-02
4.440066788754202798e-01
6.170659374319700241e-01
2.007257211995874535e-01
5.641575547592010409e-01
1.303277760200656221e+00
4.937924346668852160e-01
3.018082882770727893e-01
6.687172846546416416e-01
1.745362614095181120e-01
6.366740152646347406e-01
1.602452574432571553e-01
1.083919727804425193e-01
5.999402943574068114e-01
9.743902872638436907e-01
1.387869486893200444e+00
2.987099900624193283e-01
3.840920534144918741e-01
4.716094825729028051e-01
2.481328736564876736e-01
3.917558784600155830e-01
4.924360293030419777e-01
4.081527622600598093e-01
5.222493230455914626e-01
4.952590355781237852e-01
2.915772830759535972e-01
4.034184072965033008e-01
3.626691388717718234e-01
1.951091097333085972e-02
5.914005868860925386e-01
5.118588873899884151e-01
2.405215759145076793e-01
2.175875237873969026e-01
6.016558323129308494e-01
2.506037555654453963e-01
7.677723536423382011e-01
7.498453424925866084e-01
2.751341603852269779e-01
5.117920543319042226e-01
9.053575037194332431e-01
7.476899265484185930e-01
2.424828290129648067e-01
2.385051945240206361e-01
8.485454220975300332e-01
1.913857375644547887e-01
2.785000803784858370e-01
1.796675395963034105e-01
4.509596236562070648e-01
4.611599614372470235e-01
4.674617671587604772e-01
9.033656112946613082e-01
1.528338634123342643e-01
3.564685214347618203e-01
3.524775692229477064e-01
1.026540271010105004e-01
6.354524257890235006e-01
5.568280527297756466e-01
3.845588077835648821e-02
2.547428483544159072e-01
4.431936593740024577e-01
4.149130514683738169e-01
3.168158981998523971e-01
2.605714029692430267e-01
6.833813071332615063e-01
5.748525745532965248e-01
3.402938033572918131e-01
8.190346556094330044e-01
4.055987609378816083e-01
3.160463474756056157e-01
2.665785430784837207e-01
5.501039323623627686e-01
3.355365444128843300e-01
2.034933126566166872e-01
9.610010684358785138e-01
4.860207510597807645e-01
5.278576119011353374e-01
1.774917868110080788e-01
2.115066275821130271e-01
5.823989232532768984e-02
5.554104098816712437e-02
4.771799345672709247e-01
1.545682665780740983e-01
6.926696339669069502e-01
7.999040759370860121e-01
8.644278387978795997e-02
8.141054999800491077e-01
2.512513184027356239e-01
4.204950166928214661e-01
3.508203599028407726e-01
4.275292611749821892e-01
1.200442216243364640e-01
3.449759962985699535e-01
3.926155790332510609e-01
3.125947785215221070e-02
5.351087184188165757e-01
2.692040962399042670e-01
5.348365654264518598e-01
2.369870215971394134e-01
8.268368172161174590e-01
6.703866622120603358e-01
3.055366238093876752e-01
2.193381578578153523e-01
3.253236066987186259e-01
4.992388206530021244e-01
3.248889147476603512e-01
6.566645693631959491e-01
3.385921779167054280e-01
3.136196898200452887e-01
5.464927334389506619e-01
2.283273227566703645e-01
3.369476141173057826e-01
2.702912799251822040e-01
5.781255186867518825e-01
8.791913067385179748e-01
1.389315234200757754e+00
5.050727318765606544e-01
7.621756263396363140e-01
6.381304694773604069e-01
3.013586824451670587e-01
5.891077092270030624e-01
5.183659363772504802e-01
9.950482084401324201e-02
4.591641897183963983e-01
2.137050639568920107e-01
1.030930548838421501e+00
3.337337665175394430e-01
1.144679671309903890e+00
5.425545767897117511e-01
1.467509973529959710e+00
9.274124729618488105e-02
1.902187358079985957e+00
2.728861145010582079e-01
4.239156797426852363e-01
2.064877634764813730e-01
4.268621680825278597e-01
5.200752188715226376e-01
4.724296730331755678e-01
1.062085243859127948e+00
1.406284628487116661e-01
3.675757987464405852e-01
1.995559426413344717e-01
2.819810325804559814e-01
9.481983182663544785e-01
3.767475717236903332e-01
1.010941059795716912e+00
1.214768020794586789e+00
4.259409078306030660e-01
5.029758994256100513e-01
1.279927483325147275e-01
1.061506235772117640e-01
7.911481269581823739e-01
2.025327091218609987e-01
5.030588445548894727e-01
3.055700779139476353e-01
4.527824409218940138e-01
3.110339722985757116e-01
3.695907099633479742e-01
2.268412982916646337e-01
2.482408022694895244e-01
6.622937399333624076e-02
6.238639827728138521e-01
1.607660620448199129e-01
2.441845404017835564e-01
5.590836494176009142e-01
2.088807513120683468e-01
6.325344806650172735e-01
6.041494496758565980e-01
1.344470787379981047e-01
4.177016768758665122e-01
3.921941277667216896e-01
4.472735735854718175e-01
7.553029624471513381e-01
4.146478273345001186e-01
4.267675299380881415e-01
7.195814872826694630e-01
1.213938680749607979e+00
3.356502321522257803e-01
4.040924818032650689e-01
1.150944501444173040e+00
2.948740537299479048e-01
6.239487848003466564e-01
4.798849592657287166e-01
2.235089030299230173e-01
3.721384112079887396e-01
5.010335204995911562e-01
4.313510948606041340e-01
4.758607118098143185e-01
5.212681112047835574e-01
5.445548457820892363e-01
3.592050431003066535e-01
3.653143138159250514e-01
2.405490181399654315e-01
5.130116971256510894e-01
4.712528827967626399e-01
3.293738744489291825e-01
6.077091176766287184e-01
3.840923546659770760e-01
3.544726038726047634e-01
3.067849005040342303e-01
1.857224305001904940e-01
6.016794008908953328e-01
1.260111950972072625e-01
1.987991297399973323e-01
5.286456707360044360e-01
3.293612069234376216e-01
5.470218087604127311e-01
4.876685632038261220e-01
1.795984467687936847e+00
1.862938192423352068e-01
6.012448110157021519e-01
1.073518859420979771e-01
3.536929668227432599e-01
4.984417741139283708e-01
2.367742549045790956e-01
2.614956688565723275e-01
1.331797634823545240e-01
3.264738197977015699e-01
3.465892377982184858e-01
5.993617228192895663e-01
6.761690083534520335e-02
3.810902721680637373e-01
3.475688363609022447e-01
3.614497340400227299e-01
1.786956810372617721e-01
4.059859284091055232e-01
2.046933814924777884e-01
1.298027456530069512e-01
8.250367238321303365e-01
4.817825935212158295e-02
1.019886366141610878e+00
5.611868588825863480e-01
4.720886551364313344e-01
5.092215993160694731e-01
3.213535679526428601e-01
4.280837660607232920e-01
2.496390060829791202e-01
3.898439054966053030e-01
2.791094081614193811e-01
7.585458629761095972e-01
3.011831792012638620e-01
6.140947425747450561e-01
6.330242443322298129e-01
5.166456780715961150e-01
2.627692234502695956e-01
3.238077495741469719e-02
4.748501831304926535e-01
4.436390964167279960e-01
1.566449250935255666e-01
3.179034238070305718e-01
4.923584853057489386e-01
2.020855482709673356e-01
2.914370289914190448e-01
6.283816581184635819e-01
8.414994755550677663e-01
4.322160486505564059e-01
8.338675969252756781e-01
3.387687336333840976e-02
1.700392415612352881e-01
8.044744924820989018e-01
1.368431913009789946e-01
1.760366759056235242e-01
3.697324242610850464e-01
5.628985223264691973e-01
3.027490830437291613e-01
5.378048200360152631e-01
3.731516242421677454e-01
6.449936455866487339e-01
2.446946403270657822e-01
9.981602075180963374e-02
2.622587809385862334e-01
4.209573457617055703e-01
3.289596768578000319e-01
4.558963351907533434e-01
5.894329366044714913e-01
6.425660154174139826e-01
5.046916478061096445e-01
5.252620586297643834e-01
6.341172159934999053e-01
8.062359612650567275e-02
1.467761441135612410e-01
2.606883636826231587e-01
7.025755022428736840e-01
2.350485801457034563e-01
7.429636300813052818e-01
5.778843580915316025e-01
3.275262254417585228e-01
4.032677696778452225e-01
6.033002513971280623e-01
1.674428286114525155e-01
2.501706737488976762e-01
1.566229233498192264e-01
7.785607065409431982e-02
7.126165679869084224e-01
4.083364511850877676e-01
2.747890387808948343e-01
6.474904523935633982e-01
3.539541652734836674e-01
2.946989791707020356e-01
3.190401007129441413e-01
2.251683420150733250e-01
3.475616064042355569e-01
2.723093147921923918e-01
5.623418636236086066e-01
2.902331400277366469e-01
4.158421363057250297e-01
1.085223877470219644e+00
2.111682192735929720e-01
3.693216070754064551e-01
8.122834131900904531e-01
6.601415147154767737e-01
6.398384235042984258e-01
2.927729760642633905e-01
6.444018867853616717e-02
5.042708764933179211e-01
2.357856137766066729e-01
5.497750389384905567e-01
5.597304996157109747e-01
7.643253989422177375e-01
2.173827690120874734e-01
1.143156019823963476e-01
5.410051432680862415e-01
1.640780634392605963e-01
4.716877599133281196e-01
2.055659985670106882e-01
1.997223848439384497e-01
2.165347264252770465e-01
3.018211384762741201e-01
3.111404330897124537e-01
1.774438724650782284e-01
2.864537316421192359e-01
2.354107830811447422e-01
6.710127241421101063e-01
2.984271859677362637e-01
7.576897292111681170e-02
3.626751802122802348e-01
2.897842551209907080e-01
6.740016625230950131e-01
3.969297014099625320e-01
3.648506691192421325e-01
4.935660826897177444e-01
2.410237140216378859e-01
3.154626804494620185e-01
1.540007987189842276e-01
4.213146521742091588e-01
1.128165465527136285e-01
7.154408456922835002e-01
8.283829274137023413e-01
5.261792570394209223e-01
6.988630527684424054e-01
6.546103039530116741e-01
1.388502251661246190e+00
1.087908409682617622e-01
6.394296821019261889e-01
1.054423798425082742e-01
1.150616776068181385e-01
2.923466878884544706e-01
1.168678330866980142e-01
1.438411187063922958e-01
4.996060729171807879e-01
8.216568025096759875e-01
2.235497500565308132e-02
3.359194247404564404e-01
5.007727043982787007e-01
3.433802148917124986e-01
4.596103292797020234e-01
3.148557926434339960e-01
6.088467375037348583e-01
4.747146311819425146e-01
3.330552482064106923e-01
7.617737965881231643e-01
2.809775723095604416e-01
2.921012344249779846e-01
7.931028225000514853e-01
6.631864754235990977e-01
1.009190005160108539e-01
1.609900693955519158e+00
1.070090203736233203e+00
3.618980651420887762e-01
5.301619790204575855e-01
2.851281362469370584e-01
4.251652163440768351e-01
1.591878685937131097e-02
4.881710267410021009e-01
5.985373749693146950e-01
1.130273527651920740e-01
8.005894063333085509e-01
8.848913270653561147e-01
2.262316342996799623e-01
1.976074246168979531e-01
4.195578504136483478e-01
7.801602427264364703e-01
3.860790420411042700e-01
2.312922298163382073e-01
7.933605341624245799e-01
3.699606089806980469e-01
5.175214071227817181e-01
5.643888379081398732e-01
9.441297659113471186e-01
2.561644606750038689e-01
4.426860078759780603e-01
6.905318212742922457e-01
6.417266269327877026e-01
1.043795995324062975e+00
4.588807513088706824e-01
2.096236673700296871e-01
3.040577931523037458e-01
7.100773897078308527e-01
5.865086870840545696e-01
4.068829872295803840e-01
4.658345209325607805e-01
2.389740665987176438e-01
3.947416950556441040e-01
2.619777362616538818e-01
3.895168219105057394e-01
3.811278708902179346e-01
1.791705643098802647e-01
1.751762072691538663e-01
4.592722842012917361e-01
5.696727918121706757e-01
1.458704999024850180e-01
5.893180726346386455e-01
3.038435051786148589e-01
4.155849656534959524e-01
5.203925489430829554e-01
4.583969334061574474e-01
5.600735667016194519e-01
2.904098827140316752e-01
1.549510828478398994e-01
2.904768908468145505e-01
1.965445582387972123e-01
1.023322433853845581e+00
6.774160350245768125e-01
1.342563980567638149e+00
8.269821959848339121e-01
1.138937787785585298e+00
4.580557731336328819e-01
1.251902062054250364e-01
7.785862594079333565e-01
2.210432801198826958e-01
1.923777453593771558e-01
1.195546605591327749e-01
3.831983410116769351e-01
6.413082468217571330e-01
1.135472450583625004e-01
4.876921287949865236e-01
4.311892076849369593e-01
4.072681874295246418e-01
1.111611166627896469e-01
5.830880526938141406e-01
3.175819244184890922e-01
8.245336441947040962e-01
7.308586700384127610e-01
3.226443025979172652e-01
7.425813651281845673e-02
4.349160091613623602e-01
3.946982598836788481e-01
2.589791068948645858e-01
3.593045031102077846e-01
3.415782405880063988e-01
1.951914950848152308e-01
3.834408060304008159e-01
3.400026769329038134e-01
2.092127487121565321e-01
7.086610190147345500e-01
1.561141425510743641e-01
3.718532797098565434e-01
1.072956271529439176e+00
6.398144067103910260e-01
2.361577618533518830e-01
5.026695682493447226e-01
2.427755187913947788e-01
5.965503434786635362e-01
6.995104335017583441e-01
4.051213802883024129e-01
3.899387856676450603e-01
1.945488466825824880e-01
4.511939357743999235e-01
5.945199386673593045e-01
3.181561984751499761e-01
8.744086115550333549e-01
3.673383266973508920e-01
8.174077674974850050e-01
4.168005295506529984e-01
5.811047345816122700e-01
3.259819387915116051e-01
3.594319732442916582e-01
9.870121096733114330e-01
5.335371033368269122e-01
3.354325450275621456e-01
7.760824168328884776e-01
6.536310345500351282e-01
4.544168225068599964e-01
5.914607454838657352e-01
8.074371318928935670e-01
8.816496506091642260e-01
3.268156065699786006e-01
6.205563552944892702e-01
1.725522379680023977e-01
4.309706836062066615e-01
1.242563578861745510e+00
2.303977218836817109e-01
6.290460568002745889e-01
6.007795111299411017e-01
2.254888520982447075e-01
2.869306799702026622e-01
5.773013519312474306e-01
5.177636725974132936e-01
4.824388423328966891e-01
6.194681443132894483e-01
1.356799872315474165e+00
8.583753768702131470e-01
6.942222573245404593e-02
3.392491078103032076e-01
7.310394965079538565e-01
3.777539198469919701e-01
2.021285796132427370e-01
7.762775782873813091e-01
8.538096207492839040e-01
2.272264796006864263e-01
2.258630419402050671e-01
2.935389006040159399e-01
6.911632261917796116e-01
4.058875190628621898e-01
4.692133920581066375e-01
2.201285654274765247e-01
4.802945639902468367e-01
6.770724993493970612e-01
5.964975332535028540e-01
4.564516004987178022e-01
3.311374332093647843e-01
4.543359800914428814e-01
4.297009880684830030e-01
2.843165338441938639e-01
5.108030746446224901e-01
3.725765148967750684e-01
5.772131640937762098e-01
5.637835239882080796e-01
3.866140957782858156e-01
4.326309647036444272e-01
3.333926257644074798e-01
7.081948903019966712e-01
3.804153621893840986e-01
7.194957348819901455e-01
3.772188511259170762e-01
1.330665338410382537e-01
9.739749486027899916e-01
8.112469878607371232e-01
7.367132929816566644e-01
6.399182266544429787e-01
2.180497354727073123e-01
8.193483965470919062e-01
6.989754930829696900e-01
4.643458066451865429e-01
7.174509908952519943e-01
6.422014389810825064e-01
1.275944104850177618e+00
1.220271344024145943e+00
1.922183331458279243e-01
8.152611237649863840e-01
3.240393468574276903e-01
5.349603080183928938e-01
6.085423561149307936e-01
2.295882803931564853e-01
9.317144797425235270e-01
7.439385886261661307e-01
5.865716532334107614e-01
4.011939001057472920e-01
1.093116903417272301e+00
3.818264240373437368e-01
7.943084352719623764e-01
7.597464385547878507e-01
1.151985588944636346e-01
3.123545936667611600e-01
7.558991661528813299e-01
5.286931881519794096e-01
4.054387477359100433e-01
6.005636663239711792e-01
1.117487039586111397e+00
8.246368917808524213e-01
4.675926697023896073e-01
1.079485054169030622e+00
2.531001964076993183e-01
3.541472212694165012e-01
3.253054020427281756e-01
5.852241151217686399e-01
2.994813023589094625e-01
1.623316491960774266e-01
1.044735499546133872e-01
3.405519706961941395e-01
1.731999765473133668e-01
2.678613715062809209e-01
3.066488662722814951e-01
3.928437449344203136e-01
1.756183990043710674e-01
5.613617497312696214e-01
3.752264483637953174e-01
9.093280877485475366e-02
3.041478824934480407e-01
6.231658130416785069e-01
2.243338433721920322e-01
4.159138743907477842e-01
5.677877692496833273e-01
5.060174645581821951e-01
2.902658137410279449e-01
8.488320306617446187e-01
1.598147431817025788e-01
2.202785152207684949e-01
2.114488151336393895e-01
2.176068079037392911e-01
3.919443621377497466e-01
3.460649925281347183e-01
4.227438795744770106e-01
9.574222331318406054e-01
7.350583079533865583e-01
5.355220213433199428e-01
3.018384331104432272e-01
4.247326678601622829e-01
6.335349733180150045e-01
2.177847725118875755e-01
2.802829663243744385e-01
1.728626800568797972e-01
7.893880068985702492e-01
6.166258064368470571e-01
1.095824164554851432e+00
4.918077371822097144e-01
3.436345272020198127e-01
5.855565868730264745e-01
3.950166798909966470e-01
5.616405235169733556e-01
2.726895336499276512e-01
1.402088074367354165e-01
7.200737711038681654e-01
3.868636633148495596e-01
2.394797159157509847e-01
5.761510688928738189e-01
3.927595672156522499e-01
2.273991020853429745e-01
4.779588644344094361e-01
2.586567696252477511e-01
1.177228848027871144e-01
1.161253824910156995e-01
4.676930659312346084e-01
6.467209168227627814e-01
2.465382805290606549e-01
6.707068827678664968e-01
3.632676590954203033e-01
1.737640101763111844e-01
6.420142883880676221e-01
2.031216748416997397e-01
7.177511506517340045e-01
1.350873966850956620e+00
6.627250005066829264e-01
3.355497108281292884e-01
6.812166009215493423e-01
4.472633982540961117e-01
7.573408828526073666e-01
2.744047269151619894e-01
2.241092791265044404e-01
1.274972830504682297e-01
6.104221497575318400e-01
5.075582944916130490e-01
1.048293190091478921e+00
8.089469645115536789e-01
1.523215151641661991e-01
1.045231403183048080e+00
3.656832279040297951e-01
3.534973950897399853e-01
5.477380291858100492e-01
3.432961835119701099e-01
3.508958510275221321e-01
3.343201921827750889e-01
3.171459338757371405e-01
5.451427669056095882e-01
2.933766248328950055e-01
3.402421754540367882e-01
7.547806638095450049e-01
3.327252899940992825e-01
3.972505509492983422e-01
2.971244210801773922e-01
7.515474771458697800e-01
9.921117602386455570e-01
2.545821497940805034e-01
5.458745482892786161e-01
6.046192883384288175e-01
4.822241925288829889e-01
1.740509903575068740e-01
1.264778158863373581e-01
6.915665007510263251e-01
7.372900442881222816e-01
3.950182337087886908e-01
2.069475166783897313e-01
2.905731983210284031e-01
4.064974165255643701e-01
9.246877635368505599e-01
4.252148452979652715e-01
3.586025873673972519e-01
2.003898377548410936e-01
7.359110246261134636e-01
2.135144455593733503e-01
9.408504783589773934e-01
2.706201006252591523e-01
2.923547082410998255e-01
4.008223676772515454e-01
3.296038235347866219e-01
5.488901346859759167e-01
4.330963564705468949e-01
5.784530363211329851e-01
4.571074195850582944e-01
4.841106264839540874e-01
6.729600622183903313e-01
3.695990616072932222e-01
5.638446742450080595e-01
4.179569060224361809e-01
5.154933875919361919e-01
1.095425896311353897e+00
3.707033039018935994e-01
1.559732895351304549e-01
1.889909776447860901e-01
5.810169290257073405e-01
4.619552551610942581e-01
2.045698921992531727e-01
1.867944363794427354e-01
1.761351159022862545e-01
7.209577521781808107e-01
4.127019759104318397e-01
2.695483608658557836e-02
1.320586831321936550e-01
1.682215974324595686e-01
2.001222796300478890e-01
2.651974853220335007e-02
3.754998190084162801e-01
3.750634327944769031e-01
5.616225838210038290e-01
5.841972575270880652e-01
6.334895293529266835e-01
6.698276378945295928e-01
1.507792252004597211e+00
6.020370586409677927e-01
6.368359963818053249e-01
2.797601019357301988e-01
4.038992863352737772e-01
2.316693965456264326e-01
6.237009011112533141e-01
1.801028135277775166e-01
1.548275128608854190e-01
6.671934728987295449e-01
2.708877633724627310e-01
1.323106417268531641e-02
4.566521786280510198e-01
2.163283792889552914e-01
1.430744307691427797e-01
1.494277230328448780e-01
2.451823555494889728e-01
2.761733078499492011e-01
2.163583129689435891e-01
7.151968305899261136e-01
3.968814442117444274e-01
1.072428376084886281e+00
1.799373870486151938e+00
5.230710857727638441e-01
5.676283193216525857e-01
1.266520045613163670e-01
3.635842417089418244e-01
2.729455032200859832e-01
5.644875587538484840e-01
5.611547558181652351e-02
3.591241145062938345e-01
4.578583018412675232e-01
6.015883360778360167e-01
3.129499320383399841e-01
3.450819943223980557e-01
1.915205651249609897e-01
2.823135110009564741e-01
1.782736257387627921e-01
4.009149526985447132e-01
5.407680827320844319e-01
5.026118904345090455e-01
5.131813464351484555e-01
1.251041576874694916e-01
7.726239473244005396e-01
2.228342884776003174e+00
4.421908733348293707e-01
4.048814139408337121e-01
5.886732527231314238e-01
5.641437925814231091e-01
1.792539809046106158e-01
4.716902177777102523e-01
5.121116640153112742e-01
6.497156140339781505e-01
1.435226907587597411e+00
1.389141005017593966e-01
2.738740738765577110e-01
2.641871600854522328e-01
4.415524479403850622e-01
2.836732190177987736e-03
9.398025502978182288e-01
5.584625155634307392e-01
1.151831549074620931e+00
1.009438438354626877e+00
5.238557154717981001e-01
3.938782668493348016e-01
8.229162910276978105e-01
3.112525908123072726e-01
3.938423319981339543e-01
5.933183495137801522e-01
6.641008481521439855e-01
2.756798398960237373e-01
5.588866484791743527e-01
4.809356194884289448e-01
2.138770482979328313e-01
6.559232447268905641e-01
3.562904356214754986e-01
4.563482123369886900e-01
6.434298498651537246e-01
5.464857202501891553e-01
2.642878438148140718e-01
5.951093221654528698e-01
4.418947798896034618e-01
1.312892880032318743e+00
2.279403991140197816e-01
2.617409392921013489e-01
3.446037342997149231e-03
2.888525841689978391e-01
1.498330845572227454e-01
5.333502267542821196e-01
1.171041113323200600e+00
2.997023483785927755e-01
3.334782802231451848e-01
2.879677987082548962e-01
5.460961071345827866e-01
4.279267946855007665e-01
2.177930457711519108e-01
2.957097424329648283e-01
1.659167158603492565e-01
3.875827366654603368e-01
2.368874917736661090e-01
3.280403009161639294e-01
4.656666136799004763e-01
1.604801969920300886e-01
4.167253662963477101e-01
3.235307917100456732e-01
3.300522708969270136e-01
4.363884267818224916e-01
2.432946020182865099e-01
6.396098980966584691e-01
5.615651775850517557e-01
4.047707174853902856e-01
4.613330823147994697e-01
4.654056663513665981e-01
3.994812930130456352e-01
4.851945244694543802e-01
3.549110595331188556e-01
3.374589378132355488e-01
3.854241686380261989e-01
3.887884768656681977e-01
5.372812107418539762e-01
1.288312103985785884e-01
6.435220094830222948e-01
3.783915591217548169e-01
6.241164217035398698e-01
4.542935728951126295e-01
3.301826243600146649e-01
3.014002436501873050e-01
5.425761892799264574e-01
8.177331506277671913e-01
4.613089668215918926e-01
4.753128161120027673e-01
5.061612163810302878e-01
2.175229697255439965e-01
1.932683619204923486e-01
1.421203799821028735e+00
6.834777627627621754e-01
4.211881133088166140e-01
8.946356280929330662e-01
4.483159000356360946e-01
3.517091533785106083e-01
9.038264819186109245e-02
8.007262331106005382e-01
4.068204317037004691e-01
2.659735912924166001e-01
2.777273017505414443e-01
3.093897586979278969e-01
3.767130930837797043e-01
1.450597317879379344e-01
1.850434633345673374e-01
4.411391078474731220e-01
5.235193695692664795e-01
5.634699235689744068e-01
5.553655166681250588e-01
3.545870124966655212e-01
5.822094804504033272e-01
1.755965306433035777e-01
4.104938864220831207e-01
4.215001310964541226e-01
2.335112812532823545e-01
7.616672807183233473e-01
1.729897567182100415e-01
2.210478254546830723e-01
3.032494089326767672e-01
2.876106023084100682e-01
5.696763634025716616e-01
1.629225561472694983e-01
4.454928005462577278e-01
3.219772181791420440e-01
3.840233622093571775e-01
8.481356894293176074e-01
4.161803692583847525e-01
9.377476173829076833e-01
3.802767762474761337e-01
3.393212035207378019e-01
3.031709807937826850e-01
1.531594077238368767e-01
6.831291698015170555e-01
5.881770746995071963e-01
4.403961762909466282e-01
5.282287246318118079e-01
4.883560032748702207e-01
4.081879366379193574e-01
1.111954547920418923e+00
4.413221371501110935e-01
9.975906558198804897e-01
3.153609028969068251e-01
6.486672520482107407e-01
4.705790380329499256e-01
1.513537280623342141e-01
4.655921707161713718e-01
4.054887682772015944e-01
3.470813689780216649e-01
2.392464844521070833e-01
2.078186963322675718e-01
4.247863947476093194e-01
4.553833332815727664e-01
3.559206747972294693e-02
9.327643582967177771e-01
3.141913581388856014e-01
5.361401009649251481e-01
4.343536149415871406e-01
1.882841067301863347e-01
1.760718710575163992e-01
2.405597459183555220e-01
9.529675754464417281e-01
5.529108564052526154e-01
4.335610680389085925e-01
3.276811621527335738e-01
4.176471413053238213e-01
4.629124635482572137e-01
2.949135437542846350e-01
4.491796173572460971e-01
6.043501961378672238e-01
9.175470781604807557e-01
2.188970099293229832e-01
3.334825140496654461e-01
1.641722311694320702e+00
2.426881603910686080e-01
5.251776060982668026e-01
4.198008058254339425e-01
6.139054310962749339e-01
6.856015521806224644e-01
4.795221217106195866e-01
4.584179358002820615e-01
1.129320543383118686e-01
2.490724610831050456e-01
2.932226571481174049e-01
2.783752293040713810e-01
5.530048934145044559e-02
5.519915477285618488e-01
5.960861799697920738e-01
6.300901328019993253e-01
3.067131414133335565e-01
4.362734540388108484e-01
5.641720650558801342e-01
6.511282366640435137e-01
4.609235754365578752e-01
8.998886215262250632e-01
1.712197430800546982e+00
6.194402770996167984e-01
5.317822948957512397e-01
6.963962957300553480e-01
6.183562228913388470e-01
2.784142498700482582e-01
4.057597409944678768e-01
5.188451052060822910e-01
2.058551122835609037e-01
4.959209306191086908e-01
1.492626256175800581e+00
1.563683641649997513e+00
2.061081081262998160e-01
2.146598737195903883e-01
4.214212591863579216e-01
6.057536971083107291e-01
8.929166948634086332e-01
2.143077661799643319e-01
7.336724213275969131e-01
3.512801581713309029e-01
4.883252334195202771e-01
9.038329993984201005e-02
2.282632245717612640e-01
7.911236290830201412e-01
2.176825746151374030e-01
6.999374825417033208e-02
4.093698239540589645e-01
2.324263064506706111e-01
3.915228719483460629e-01
1.213960333097290484e-01
3.465502531682245202e-01
5.888793987911820071e-01
2.373017778346088180e-01
5.545727185696225359e-01
4.306423856976898668e-01
3.322933422101509437e-01
9.265287555696687383e-01
3.854104361278475332e-01
4.458364728359545670e-01
3.938738627812771176e-01
3.139352586518178723e-01
3.346818885777927410e-01
1.665680955961893750e-01
2.762427923462865698e-01
3.469541182237037558e-01
6.657148576169326093e-01
5.721201356885696754e-01
4.526142251744579709e-02
4.124150544486928638e-01
3.545174787096002089e-01
5.862266329847746205e-01
3.514223626248206833e-01
7.145656738060330859e-01
4.055919525017415150e-01
3.537409034256111529e-01
1.525362260714329121e-01
5.508708527209426054e-01
2.740565770774729959e-01
4.591679868817420407e-01
1.858023005969064168e-01
8.287281805628392561e-01
3.213988460245819079e-01
1.853216871449116177e+00
4.616423666078344201e-01
6.850942916434855645e-01
3.277640680326352474e-01
5.534467410887118355e-01
2.473236039775857653e-01
3.112904662630749386e-01
6.615690791320469888e-01
4.925327251424276853e-01
1.246576458723442249e+00
3.563738748437212944e-01
2.990968365257808403e-01
3.142546649549718962e-01
4.393056059813997827e-01
3.070245143720341519e-01
2.628535598435443599e-01
2.946288423232438225e-01
3.424348372681544628e-02
3.394647235258408946e-01
1.000703734193359340e+00
1.194785420404153031e-01
3.883419828465165535e-01
3.551649225971701407e-01
4.968241296960919096e-01
4.502564831762220221e-01
9.661332797690461160e-02
3.261183859005696850e-01
1.500847439568607777e-01
5.029395425519690432e-01
2.266690951122711795e-01
3.183306918077239422e-01
3.956297924331552140e-01
5.032274066336313023e-01
4.598935422219257996e-01
3.577320276811486455e-01
4.158794675025128118e-01
7.206646316238233263e-01
3.867687441501060919e-01
1.890157450838456654e-01
7.992880358988460054e-01
4.083668660535255124e-01
3.936780785400066374e-01
2.354857451281691383e-01
3.300539340356375417e-01
5.299808181771350490e-01
7.442233002119611474e-01
2.814021809324738221e-01
1.650990144817504335e-01
1.191947353586522845e-01
2.031342108136008351e-01
4.000445702544506710e-01
3.991942497719878080e-01
4.346308300442966455e-01
4.207726861847049249e-01
1.357059213341120230e-01
2.552134906118651569e-01
6.422060320276552492e-01
5.736870576734829363e-01
2.374347802469623514e-01
6.770531398719409344e-01
5.503599290573425451e-01
5.065843603855274546e-01
4.318448532454048361e-01
4.890855908542881547e-01
3.861480559832943249e-01
3.068617149297296343e-01
5.955954416178801253e-02
7.572529939276506639e-01
7.233416240666413755e-01
9.332725058485236147e-01
6.194337803947596033e-01
1.169825472894416851e+00
1.733187386936508867e+00
1.343032766144251489e-01
2.774071199520140030e-01
2.053337118490634883e-01
1.053939880642248861e+00
2.666021364814177286e-01
1.331757974049903037e-01
4.844338620155049790e-01
1.107138057106318074e+00
6.880087201677207442e-01
1.876892871523136719e-01
2.229772883936766703e-01
1.390909225103148794e-01
2.760180193250754144e-01
5.847876827546601985e-01
3.974355142559408693e-01
1.418193665175274953e-01
4.198787123983038772e-02
3.057753757965269159e-01
3.290281622689989471e-01
2.606720735032680425e-01
8.337700357120139127e-01
1.627206231111934243e-01
1.470825624270264420e-01
7.426406396650564457e-02
1.231824534556348466e-01
1.918416924541377910e-01
1.072948437451408665e+00
4.624681736058940951e-01
5.222157549774825158e-01
2.763514630426371910e-01
1.953590756808885887e-01
5.607195375169085061e-01
3.916693163901974195e-01
6.896925118407195576e-01
4.177361885714732381e-02
4.260917403720866914e-01
4.481793686615442862e-01
4.600774232001301201e-01
3.795342490802032787e-01
5.513135578047535512e-01
2.278028653228546807e-01
2.593200987923319212e-01
1.945820474907551667e-01
5.583093097853945030e-01
6.945185144046296388e-01
2.326898428110005246e-01
3.933208159159912731e-01
3.719676332073198477e-01
9.469270312533820677e-01
4.171303320346726046e-02
4.648676740371910920e-01
6.648537101724671938e-01
2.569579202368648119e-01
4.081667318479162421e-01
3.281453979045492186e-01
5.453638479485145574e-01
4.189993766816864085e-01
4.801705007372461531e-01
5.964774839488043989e-01
2.041042661789689294e+00
3.139287377419647251e-01
3.469503656434052008e-01
5.322143977638991164e-01
2.421321315293230650e-02
6.872252630187103417e-01
3.907995982239005905e-01
4.590078465734094837e-01
8.851649793049901627e-01
3.506543665532771414e-01
3.943694670528675728e-01
3.901893172805581123e-01
1.905300142921145246e-01
3.779060084801910691e-01
1.735326058096303414e-01
1.618853621042015689e-01
4.952710793749522389e-01
4.504039423283159871e-01
3.819792213387102620e-01
3.809454278510006064e-01
1.297848826768712049e+00
8.684920397907636147e-01
2.880425761387900851e-01
4.682609025088996235e-01
3.972963459448262125e-01
1.138378876423592256e+00
4.186566082317104698e-01
1.948436224572911157e-01
1.943570259377708498e-01
2.500151178210022196e-01
6.656282061168862230e-01
4.032943263266258183e-01
2.276822171270981021e-01
5.013580323568442854e-01
8.186101083726628203e-02
4.769237204352986259e-01
4.342947575433396823e-01
