9.637601671573640116e-01
6.640229099209841168e-01
4.298882315048319080e-01
4.694169296203104524e-01
4.293122707208401057e-01
2.037626484071061728e-01
5.405717416804119990e-01
1.770630210919719172e-01
4.939526777233564925e-01
1.741622001714568380e-01
6.462001860621282567e-01
3.300237570458303682e-01
4.169171207983025651e-01
2.053457839081955227e-01
5.000739528965559844e-01
4.134312037448037436e-01
3.919532728909209118e-01
3.292084141159681288e-01
5.151445290951396361e-01
6.967992049936669874e-01
9.325663195283654394e-01
4.774026505486118066e-01
2.014014652672176386e-01
1.514594557192397162e-01
3.550285322154700940e-01
5.060688140942773972e-01
1.806060794896294230e-02
5.458850949785151174e-01
3.372358848045867163e-01
6.807481280307728921e-01
4.341152674896959218e-01
2.733175211222760304e-01
2.046096199431671536e+00
9.713871132906471972e-01
1.858126267535177567e-01
2.231392352056033868e-01
2.689160847834874968e-01
2.085058611437472231e-01
3.142677459450958777e-01
5.881265552451290235e-01
4.440830611923766713e-01
4.716485870781558232e-01
3.864045231113050760e-01
3.292378364944706925e-01
4.721769929735680771e-01
8.349963976625827261e-03
5.718368605055820231e-01
3.299794370238953167e-01
4.476694267872123878e-01
6.392428477818362653e-01
1.762659856236235001e-01
3.897904254709771976e-01
5.516436582797182853e-01
8.761045649803310686e-01
9.369908195561443831e-01
3.536692668288714536e-01
3.086949457895693527e-01
6.302559356790357059e-01
9.669536445115818335e-01
2.191188841558033007e-01
3.937757565715929164e-01
5.116569542220090749e-01
1.137608400361429517e+00
2.251950547612877052e-01
4.123765670492963165e-01
7.230082067333912788e-01
1.057381227990172590e-01
3.251831248099141258e-01
3.841383126384237956e-01
6.576491270645389298e-01
2.397296390234002761e-01
3.323608599320986290e-01
2.968038365247935850e-01
7.440443789038786448e-01
3.877673218714453029e-01
4.058703185872455377e-01
2.593173376498583704e-01
5.388961288631862745e-01
5.267756344810122782e-01
5.811146778184488326e-01
5.229425441520438866e-01
8.153134194605095308e-02
3.979495946162883019e-02
6.941119961142847572e-01
7.973098023672998691e-01
1.208480941536574094e-01
4.706722808270201730e-01
4.268481423729145741e-01
3.638898846530984610e-01
2.721118513662716398e-01
3.348479817227556499e-01
2.833995747855685421e-01
3.937405284400787298e-01
4.211849468083300740e-01
4.176046966786291503e-01
9.107264263067739174e-01
6.925078253757813718e-01
3.051928967161051665e-01
5.935390162767282263e-01
5.331150558025267161e-01
1.516723594047540424e-01
7.652726681972392420e-02
1.056293150308303286e+00
9.863148885850877567e-01
9.358209450118114281e-02
2.420949875961617426e-01
3.329021751211395097e-01
2.771580012910784818e-01
2.922774276505802904e-01
3.802364843250013449e-01
2.497482607667097232e-01
8.067678264371003216e-02
2.637461283161367520e-01
4.266756482505296710e-01
2.622171354569686197e-01
5.034854497312146737e-01
3.592616915500135844e-01
5.439631301165073207e-01
3.828414785834848288e-01
3.188358523370271591e-01
1.100961322789232588e-01
9.398821140206716773e-01
1.644710629746816144e-01
9.507774745879215006e-01
1.235710919437478794e-01
4.861010995203763341e-01
5.270915722668915171e-01
9.893154231547339750e-01
4.273242110160976326e-01
6.525215674915180175e-01
3.074070466150122805e-01
9.527529861619427054e-01
5.536750621820307749e-01
7.052126844176140885e-01
8.803702091782914518e-01
9.076095856417271124e-01
9.539590461143248046e-01
6.747507937554819701e-01
2.822496801032851610e-01
5.203576929628673797e-01
4.521423510920707378e-01
1.191146163221834975e+00
1.451295315616203674e-01
1.073474863564346099e-01
3.901790582404152108e-01
4.330794537216376416e-01
8.703691651091480241e-02
7.855743400377150909e-01
1.053524884607672796e+00
4.625515284398145632e-01
1.964860162453138104e-01
4.516984476466793241e-01
8.165756994617934250e-01
2.462353209786042885e-01
2.814147341534973257e-01
3.652774852803096772e-01
2.654391798216574894e-01
2.681607428728696729e-01
2.377947179416962931e-01
6.351973080134181160e-01
2.532326905047405319e+00
1.690837006847013990e+00
5.497243958287261201e-01
2.297045668519008543e-01
5.602752913148342229e-01
2.743124508650793825e-01
3.361416222791419051e-01
1.157637424322965347e-01
4.390265170430303066e-01
1.110722924746952556e+00
1.738587489049772117e-01
1.151004520350174642e+00
4.136196883353671638e-01
1.856424934697748497e-01
2.382781872602608986e-01
9.320581506337943800e-01
2.046647407727295143e+00
6.888236453313147933e-01
4.980642323973984327e-03
4.518154811293730866e-01
3.423243608775941027e-01
2.017584186407079816e-01
3.027030614652282403e-01
2.614379109481050345e-01
4.723809613677839581e-01
2.512415126545035626e-01
8.082176920403904008e-01
5.799355368315650683e-01
7.348853532419701295e-01
2.366460015338428258e-01
8.982863201453725743e-01
2.978135339056841024e-01
5.942309102840233059e-01
1.782661257828476453e-01
4.018963977527060250e-01
1.188903260645951393e-01
3.434049134445210094e-01
2.213075062426101691e-01
3.301831895274756068e-01
3.581051463877533148e-01
1.036446227682560339e+00
7.379991073030699456e-01
2.047090280790357097e-01
6.466061242359381067e-01
2.003674839070417768e+00
5.951822223206485463e-01
1.588266929303901731e-01
1.063150048397062397e+00
3.977559509631947710e-01
7.864709165170142846e-01
6.163821335918785449e-01
2.205250739695466811e-01
5.053400784861570294e-01
7.506568984032150338e-01
4.361073235408359228e-01
1.550647139754279535e-01
1.599310825489048127e-01
5.592507333311883544e-01
4.388017200037537813e-01
2.801081511239622013e-01
7.449049168126254949e-01
5.181337859606347518e-01
6.134853232866894768e-01
4.975565105084225892e-01
3.682477618569062194e-01
7.130136486985705346e-02
2.946890528565082046e-01
4.532314054235400125e-01
2.841236180890330809e-01
2.346741570933435772e-01
6.120108934429002723e-01
3.650997049114640403e-01
1.912965964689802845e-01
7.278861919837921191e-01
2.893351745997806423e-01
7.473021872368355023e-01
7.553471668308510134e-01
3.541595140493871696e-01
3.256419442774474149e-01
3.803573032790141251e-01
1.954450842741164984e-01
2.452519755395124734e-01
2.323600038475256147e-01
5.816830001234012393e-01
1.802829568194452836e+00
4.184554012192223671e-01
2.429902809055906887e-01
8.473150801501527773e-01
5.817318095594796734e-01
3.915246735984664883e-01
4.294407272234402329e-01
2.345049956390062376e-02
7.865154553183954789e-02
2.876658570599805453e-01
2.427168393109918609e-01
2.353030377048397070e-01
6.846883046990143162e-01
2.620085391175026590e-01
5.290082590335125623e-01
4.965438992798448803e-01
2.117996274420264335e-01
5.274187745450608089e-01
5.495432382802347693e-01
6.117056505347773926e-02
1.282393272261648454e+00
9.181907933749120510e-01
4.363089421354590103e-01
7.465395517245076995e-02
4.129193993170717225e-01
6.028077198849203233e-01
5.774530479242785397e-01
4.010162632271433991e-01
5.817435518324184374e-01
4.376179610843415335e-01
7.641715402702545790e-01
3.394554154711668659e-01
6.559227450626765599e-01
5.345091562689859854e-01
9.445206565366232043e-01
4.247136934353860083e-01
5.356878265482125645e-01
3.371338308406477968e-01
8.502668506362556222e-01
1.858851095193281844e-01
5.132786932967764448e-01
9.187126127209350734e-01
6.946405853372521477e-01
4.359704776343674704e-01
3.555158258091865697e+00
1.257009573612616338e+00
2.293140539879218176e-01
3.035808407954291854e-01
1.079384706376545627e-01
4.102758260652464295e-01
6.236281758119843754e-01
7.198302934780749229e-01
8.667447711137621358e-01
3.903177097102268900e-01
4.464578603508738142e-01
3.659848220906959937e-01
6.317952268066049371e-01
9.511487719974802690e-01
1.648810149431511052e-01
5.058281166263225437e-01
4.731265820308114267e-01
3.746406533503829905e-01
3.448100324049511722e-01
2.302001741678036950e-01
4.483293549862895078e-01
4.585443094707346012e-01
3.487951591436950771e-01
5.708968732979485816e-01
1.156282452077598943e+00
8.289217194438256442e-01
4.146257704708855019e-01
1.612734990956542214e-01
5.164960083016376657e-01
9.230343645828333055e-02
5.976980864490323286e-01
7.003355347740658488e-01
5.873306053620248601e-01
8.052284473720450197e-01
6.215902313331306273e-01
6.034354170953659668e-01
2.960071202331884255e-01
2.736762737438987458e-01
7.426528812806006130e-02
2.401407160732174084e-01
2.085361497568342382e-01
1.371470907990167409e-01
3.421291625588192553e-01
3.855402549036383575e-01
2.130008911569432062e+00
2.641102434679616917e-01
1.071188243673888207e+00
1.172630415705852469e+00
6.572660271401683518e-01
4.900130539054457501e-01
8.162879530792137572e-01
6.583681051545812180e-01
3.312995337296910092e-01
3.057356195068500204e-01
5.254812061546201285e-01
4.980725467297041353e-01
4.816062824977358492e-01
6.664579709286385656e-01
5.393586529355780534e-01
8.645706747077775978e-01
7.539513432228491796e-01
1.299729490473163329e+00
4.717727113253540883e-01
3.746584581597396379e-01
9.489643210872513723e-01
7.498478591477688582e-01
4.613383219146557357e-01
2.974716549366566154e-01
6.921222096080571484e-01
8.174186265737481971e-01
6.035144812749530102e-02
7.560070456179375231e-01
4.498792787811944915e-01
3.569571723749294656e-01
8.366490426890516030e-01
5.667604785905946407e-01
3.838558971456212943e-01
3.975886916407977423e-01
8.620511602840799092e-01
3.203775036404091225e-01
1.694372192792073517e-01
6.404592842060298219e-01
4.809502540141854521e-01
7.452750352980002102e-01
3.141439068164205706e-01
3.511957622203854545e-01
2.740425824225936613e-01
4.856859010021834927e-02
2.802514841185796413e-01
2.498877026405629531e-01
6.304288104802189263e-01
1.459869896254203658e-01
6.634627081123494197e-01
2.977579703593470906e-01
6.059256038674801781e-01
3.373261202904758727e-01
4.889323116435489447e-01
8.806558500787532440e-01
7.241100113580954956e-01
4.375191698460667022e-01
1.315869237112049062e+00
4.834595067808143964e-01
3.300845622300601079e-01
5.723619433149707003e-01
2.195970489862120734e-01
5.252856974283526270e-01
1.644484299488333245e-01
3.381000218440725069e-01
7.184206313798965349e-01
5.446930562961480593e-01
5.164199737892586350e-01
8.779043738734351732e-03
8.228564248104892620e-01
4.805174623537669110e-01
1.321268667658072882e-01
6.664767246462245387e-01
6.418542960440059009e-01
2.678913448331169955e-01
4.537121885405462685e+00
2.364417111334955190e-01
5.854709614419298935e-01
4.243028339364792179e-01
4.625044122912529976e-01
5.520732792528654231e-01
1.485038076935444873e-01
5.518483374008683606e-01
2.854444737786485109e-01
2.983881618833016391e-01
2.164879443258991010e-01
4.525069967183814601e-01
6.293482051593141113e-01
8.265485262485867679e-01
2.807929179834260380e-01
3.608171987507886036e-01
1.647914865764374404e-01
3.914883518032371557e-01
1.619644091130055252e-01
4.431892079153896824e-01
7.181087223814465181e-01
5.445386581229655354e-01
7.363797366279936085e-01
6.485174690684130105e-01
8.426182617347690584e-01
2.938446975552823637e-01
4.040850012153068826e-01
3.174245806046958607e-01
1.176803920452598878e-01
4.280049629825114499e-01
3.091199835129159190e-01
3.132376454271648680e-01
4.816983779102018137e-01
5.647216331936255607e-01
8.970422098422716761e-01
1.662585918485026404e-01
1.887886038900458419e-01
2.522366365177508563e-01
4.377478577740740451e-01
1.132145660058445635e-01
2.808613646178625967e-01
2.760908534895509803e-01
2.240121954346722344e+00
2.898937052774228640e-01
4.018208081476126736e-01
5.279258437044961338e-01
2.956247759573693012e-01
6.457841154196418687e-01
1.177094214199341682e+00
1.615232884033796501e-01
3.809827317820835280e-01
3.363019311276643220e-01
1.047026523207163357e-01
4.441890524708705379e-01
5.962520006914933113e-01
5.713392650117313787e-01
4.213704388765531772e-01
4.064076172664046749e-01
2.453828530528804897e-01
4.243314365978111402e-01
1.021878640743851957e-01
3.406832467390207286e-01
4.304728308887414423e-01
9.705550843555137419e-01
8.601542706889797607e-02
4.757820329493121503e-01
4.940051612188378072e-01
1.708510513374891793e-01
5.703296735003957618e-01
4.805301708602796040e-01
2.118224072273555136e-01
8.530288098544673847e-01
6.916290716207821321e-01
3.562525120404549384e-01
9.325003555061007754e-01
6.118468979573287170e-01
2.986338524255051086e-01
4.238498723670031665e-01
3.397530592527220894e-01
4.171234410181501873e-01
6.143715784452057349e-01
1.676438824529935256e-01
1.033995037663893113e+00
7.520180907785589675e-01
7.228082077923823068e-01
9.162821727643878367e-01
4.561631043891504755e-01
1.570671839255254054e-01
5.836162757170396675e-01
5.461324866907101699e-02
1.284575656949080991e-01
3.993974092515874541e-01
1.913718871270273236e-01
8.570656079351083312e-01
5.557309714818189361e-01
2.089320240514943028e-01
1.814980025169679323e-01
7.380333391666386023e-01
4.971171893636314176e-01
5.403226146042939826e-01
2.428744090529826871e-01
7.392745900212878141e-01
1.878385265441909757e-01
4.343363361442414416e-01
3.049939416709946394e-01
6.833039956590190034e-01
1.551084391091191728e-01
7.599615160689882076e-02
6.550175275417062792e-01
2.977706938052920305e-01
6.978197107126775656e-01
2.656155366128349349e-01
8.730618103751233150e-01
3.654185867302465196e-01
3.694577396761130617e-01
3.377268304294356316e-01
2.544501848079574469e-01
3.235840428308285333e-01
7.895971519983838727e-01
7.327390730769313132e-01
7.411979719077722573e-01
1.061403805081948537e+00
1.716907697696881119e+00
1.454556294987569554e-01
8.978798864325001627e-01
2.750211801586218696e-01
3.660627420496671003e-01
1.357146109254722677e-01
7.021859409584518819e-01
4.276146102872872001e-01
3.897733675488040395e-01
1.994746439971019358e-01
5.827300328037834376e-01
8.764571201177644433e-01
6.214162828413887230e-01
1.125965003735322156e+00
5.565406170642109851e-01
1.964793139283201040e-01
3.402768567172663738e-01
1.848988296131590381e-01
5.952429538903120099e-01
4.532794009779934075e-01
4.781926135446744608e-01
1.259866434984139527e+00
7.855564614892368569e-01
6.188053202736227831e-01
3.423383410588612397e-01
1.861896913199439230e-01
3.861282135748694277e-01
2.091875036260022747e-01
1.289741411309784924e-01
2.544558509569863625e-01
2.966726962390101030e-01
2.105288022391135772e-01
7.561996137669657614e-01
7.350727178989259203e-01
2.890191188501486375e-01
2.929687603707389343e-01
5.335343167415703691e-01
3.410883976006748863e-01
2.172844356941239508e-01
2.471488480843919422e-01
8.543307271198773423e-01
6.791447914235879679e-01
2.480608109942542272e-01
4.566560491637944308e-01
4.947789644908411888e-01
4.027859067141860150e-01
3.810580668301646878e-01
5.709078660848002640e-01
4.622846729442946501e-01
1.726771668087919709e-01
1.880198781167742861e-01
3.487470783962229870e-01
7.739969293085678936e-01
8.188906172124632565e-01
6.664088342060657810e-01
3.147559083714742689e-01
5.362159410771453194e-01
6.388328921710275665e-01
2.351248102779809612e-01
3.938444982228624935e-01
2.201519335140634526e-01
4.130820020896387723e-02
1.045058174412896390e+00
8.329513727264682421e-01
5.878934727681560668e-01
8.073962585192592245e-01
8.548830263458614409e-01
3.780867306611884193e-01
8.305224375649855606e-02
3.576714273465594895e-01
2.155342336268195602e-01
2.800756661731065855e-01
4.027088476883046164e-01
2.450086979764350692e-01
7.361223816049922153e-01
7.735991178775490917e-01
2.952087348549460866e-01
9.252503800379699439e-02
3.345378191320665384e-01
2.912826255370826734e-01
4.220036761477476139e-02
3.620861370741386143e-01
1.920028503599918723e-01
2.825519622411991616e-01
8.711160684816637856e-01
3.770688579271920249e-01
3.835446399114136318e-01
6.363750477218176327e-01
6.840365010318636418e-01
3.660788414887214404e-02
1.152281737346981944e-01
5.022704843005828534e-01
3.362860789715905185e-01
4.848156043279832628e-01
2.081023968125814694e-01
3.815801515377140740e-01
3.196329753285182679e-02
9.551558706010692124e-01
3.455687011668772679e-01
3.093479215268523097e-01
5.769926694594024186e-01
7.525459412544129867e-01
4.524917369143839352e-01
3.432825958815797218e-01
5.027112707401881764e-01
6.751222128338916217e-01
5.390974953479327203e-01
5.628562933011824754e-01
3.830933904196717754e-01
5.120113033720904427e-01
6.691561697337664594e-01
1.143844659189165336e+00
3.060752669138113169e-01
3.244134414910907482e-01
1.724737206553098867e-01
9.598326197798864867e-02
8.915759611543305763e-01
1.200536821532551146e+00
4.427814391144646033e-01
3.908394392623493752e-01
3.556579713385364938e-01
2.944301542267150906e-01
2.596940512420501945e-01
6.545309603544181565e-01
5.559811728266290665e-01
3.190663888884701094e-01
3.355973271686393256e-01
1.716281117851771731e-01
6.383165843463388667e-01
4.415734931194422730e-01
6.627286216505045013e-01
2.989915331616170846e-01
1.923874264130701617e-01
8.235591251346072728e-01
6.829610786225760455e-01
8.191264041431586262e-01
3.710318988938500206e-01
3.739781873804402523e-01
7.041726682764152256e-01
3.342597407686950239e-01
4.659713113464104550e-01
4.072530466535795313e-01
5.874853049611461486e-01
9.179643169269247061e-01
9.066005716762999544e-02
5.129472427125367773e-01
4.242362260475819880e-01
1.425090966156433159e-01
2.376900577896077227e-01
3.325661785954248106e-01
4.325028767944837371e-01
1.786037440092667905e-01
3.853061066527584955e-01
1.717189644807440851e-01
3.871929955595082018e-01
3.556418592348392083e-01
6.433771528114928806e-01
4.382117337964562820e-01
4.614934506463151398e-01
1.208111278942400335e-01
1.688647125446171293e-01
3.096695291191335353e-01
3.322288754574144742e-01
3.607138936697318332e-01
1.639789889830161940e+00
2.661374337126705680e-01
6.703916136999261699e-01
7.191631278230761204e-01
1.950316047564733257e-01
7.575645327860643929e-01
1.713481670320402550e-01
3.112658202830130283e-01
2.220939590558802523e-01
5.564167392442598281e-01
3.788799264161806235e-01
3.527261806343668371e-01
2.211071253205514620e-01
1.323621678261878154e-01
8.793822317356089213e-01
7.265484826648975769e-01
8.234444705431137601e-01
2.567412324205317620e-01
7.806863067070181073e-01
3.645554292655163175e-01
6.115044471862501885e-01
2.768547335172736878e-01
3.351076539933290493e-02
2.194847271264355193e-01
3.668006412726727006e-01
4.294523318890302033e-01
4.237576356105206554e-01
2.040973722508933275e+00
3.653901774753005594e-01
7.553407603454730113e-02
8.613147642487067879e-01
1.458400654643362326e+00
1.005238203481167103e+00
8.706331133908709052e-01
1.413781334501592601e-01
5.975660211061027960e-01
3.640299291605296750e-01
3.578196220028117547e-01
1.612115430770011681e-01
4.244794108316157222e-01
9.073081230057390700e-02
2.786462619305172805e-01
5.330735423252156435e-01
5.641438612245718298e-01
2.808722327674472719e-01
4.465038536098824840e-01
8.364617537964266422e-03
2.366479726331398858e-01
2.731477623422456369e-01
2.882732821228995435e-01
5.743104448489573244e-01
4.154905583078502551e-01
3.562822151014978234e-01
4.898401753422045868e-01
4.800257863728757401e-01
7.756029255073344508e-01
6.281766999909377258e-01
4.506706255563970309e-01
8.859854240527864633e-02
4.512653909412014386e-01
7.212658569717655954e-01
1.472477663766980749e+00
5.592852176443118273e-01
7.945145474545654007e-01
2.797770565047384417e-01
5.680473345744590369e-02
7.138054518421049766e-01
1.100624974771337250e+00
2.808416170194998895e-01
2.462702560632263893e-01
3.237680005415916051e-01
2.694506972004878098e-01
6.176377176141186753e-01
3.574293417251468430e-01
1.279567924106559174e+00
3.449050602774296759e-01
6.250083242089798929e-01
8.214738660100599776e-02
5.969418250756188815e-01
1.136593534906546576e+00
8.197220034353268625e-01
9.126858579846163222e-01
4.066848146281658583e-01
1.169317204756653988e-01
6.908902331721390455e-01
3.528214912348454080e-01
7.922868871653466760e-01
4.113382594537247638e-01
1.012890510441320613e+00
1.414509506273850803e-01
6.164507886993870756e-01
1.604747182300017838e-01
2.537114421321857161e-01
4.062312436448956565e-01
3.368332778402592376e-01
3.373865907205717551e-01
9.848795746198469869e-01
3.239239457087557117e-01
6.606816214178670710e-02
3.001065896059538704e-02
9.975688817806990238e-01
5.844695324094745237e-01
1.114190606376115333e-01
5.347211658429699976e-02
4.470579960619776583e-01
1.396205109310665327e-01
1.952447013133147280e-01
6.055874541203837280e-01
5.091062439192481914e-01
1.491882542389975086e-01
4.600848245798115910e-01
9.406074913622464173e-02
4.620966734665674092e-02
1.034817709557417781e-01
5.271309091288653992e-01
1.161537396898285890e-01
1.874702129367868120e-01
6.370725499213936160e-01
6.152959633464456513e-01
5.177969109366423739e-01
4.591526886972316368e-01
7.975074706294013049e-01
7.824230270805282439e-03
2.790501195198675372e-02
4.075518243088737669e-01
4.103632366075593008e-01
6.953784311950883534e-02
1.535280731643648089e+00
9.852453751649224989e-01
1.473840131433859169e+00
5.438784526098854322e-01
5.490530866018206169e-01
5.799512901548962152e-01
6.586255113998455979e-01
4.008209577169162263e-01
1.518485252810891639e-01
9.687335745936126452e-01
3.200673983021750657e-01
2.148609571533473539e-01
4.838224299674156459e-01
9.659404883662829622e-02
7.988424235427763476e-01
4.817773684515953003e-01
1.344150435354023454e-01
6.263534342991183834e-01
3.086780574667594701e-01
4.294712308383722976e-01
2.694053580264776371e-01
4.433373063406568781e-01
1.075693709052738756e+00
7.269793493934155471e-02
4.759775243102262188e-01
3.034775158065003975e-01
3.172836969332260559e-01
2.779661079604882623e-01
3.485949034461960916e-01
1.581738851466673035e-01
2.584131286111931436e-01
2.559835495503009484e-01
3.229661659183174494e-01
4.274143217595546274e-01
1.157411705337874769e-01
7.751715657396619497e-01
5.691782581777802275e-01
2.175097003729053458e-01
5.898292234211993668e-01
8.520957981716785479e-02
1.245326186935749591e-01
5.678668198994168970e-01
8.935344579056692105e-01
5.093727157869486488e-01
2.536985376202541276e-01
9.853251556823637569e-02
2.218819860791352017e-01
2.005709605856872413e-01
4.679586085689807495e-01
6.440408099692470634e-01
2.441504291469970556e-01
1.108341303939897937e+00
2.077664598797056006e-01
2.821243210641691257e-01
1.252235217801961620e-01
9.920014224346085374e-01
4.862140960507525533e-01
7.939628865016957748e-01
1.612254106581965774e+00
3.982871581543219186e-01
1.778661718206520914e-01
4.580890300195183951e-02
2.586807636901971019e-01
5.334189071639704460e-01
9.950298966259967237e-01
1.723916383730942359e-01
4.197410826643135362e-01
7.113213085143611503e-01
7.866479852706348419e-01
7.040518365784350641e-01
2.215016216352426737e-01
5.351981147621636126e-01
6.042407870203703180e-01
2.307222280555337179e-01
5.794003865746673032e-01
3.703197873857885236e-01
1.537540629167857720e+00
7.494917199255359819e-01
2.326310431848745974e-01
4.286434052186403054e-01
7.903322098998368794e-01
1.374385921256382481e+00
1.518096774858700426e+00
5.296277271791984820e-01
7.400578996500742912e-01
3.772500870525796191e-01
6.340848509115601939e-01
6.339642157338832851e-01
4.262334666084027224e-01
6.176558565838937698e-01
2.200692887613385496e-01
2.368638473554599000e-01
1.194651468902254848e-01
2.430040902007860881e-01
3.826903750864134035e-01
9.205857533574783869e-01
5.213417812288917430e-01
3.999639490674218312e-01
2.008760641735675700e-01
3.935040762228854128e-01
1.169767483158204113e+00
1.063727044397683452e-01
1.217328325485229179e+00
4.548651053536247879e-01
4.365161728426218413e-01
6.827857759151012562e-01
1.575922501017199551e-01
4.978203445363687529e-01
1.919896494232767592e-01
3.699839778319996553e-01
7.063892330616501347e-01
4.295850392592351907e-01
2.192504207652854198e-01
2.377607873731452104e-01
7.267384113711282401e-02
9.583361619349209937e-01
1.600142832022632966e+00
3.695618537579516416e-01
7.987047112975476093e-01
6.743120554875720041e-01
6.849968143858312097e-02
8.100310496847217268e-01
2.640573677060454316e-01
7.182569375870111461e-01
5.874128369149347328e-01
1.077144129879054057e+00
4.764121885774393883e-01
9.381356955883283222e-01
1.931820809349211188e-01
3.224826911641942018e-01
7.979000322289797609e-01
6.904759843086735183e-01
4.945549771655847193e-01
3.432109034408710735e-01
3.489985166705666941e-01
2.645419663328988924e-01
3.812422869844729889e-01
9.170486682518416699e-02
8.955608487916153493e-01
8.381214832361635336e-01
3.355976840114657245e-01
5.865441673190416871e-01
1.519043335892726609e-01
4.490881788037449085e-01
4.988010131762630750e-01
1.799041962014928497e+00
2.997449775190359489e-01
9.253305172000894085e-01
2.277923446028275456e-01
5.758022980023280724e-01
3.869960611782048421e-01
8.802080300205709085e-01
2.173084934150810443e-01
8.107437353253424961e-01
8.249872753093040467e-01
5.461228903475408014e-01
5.686276498440872018e-01
1.045511112907288487e+00
4.199686544635313767e-01
2.434411648507487147e+00
6.062484375278709425e-01
2.580672765964900917e-01
6.987411086199454280e-01
2.826147495473625981e-01
5.499138104321843468e-01
4.862759292591679605e-01
3.262610865956434014e-01
6.183608872207795315e-01
2.748671730082916098e-01
5.361540097413767247e-01
2.531660566909259003e-01
3.046475360624552042e-01
1.032745410113476536e+00
1.020583406833931589e-01
6.522320312554470423e-01
6.581837713965614789e-01
9.951003187040095843e-02
2.043112595436021861e-01
5.108194309005702483e-01
7.458456451628500128e-01
8.116025602218107649e-01
3.625364066258206508e-01
2.755148641040732205e-01
5.676346198277876232e-01
5.064286310741324959e-01
1.164932466708356873e-01
4.694015592892383237e-01
4.417459271258644127e-01
9.922696650081829217e-01
3.594363256459430223e-01
2.767979453362403586e-01
3.972642469029670220e-01
2.728934947669775860e-02
1.442040961118389863e-01
4.299462506779946347e-01
6.480577613425867467e-01
5.336776874014327321e-01
5.203930758006651836e-01
9.322655604934999563e-01
1.165694601478031611e+00
4.446998311725610664e-01
2.907967382866649686e-01
4.746622977311454883e-01
3.517158071028982369e-01
1.095489034244472970e+00
1.026080800596511411e+00
3.942683048701427495e-01
6.755843592674514175e-01
6.889037485655999937e-01
9.600218308584173021e-01
4.204167544233318732e-01
7.484859098978432490e-01
4.673515004419046548e-01
5.867336051601247382e-01
3.398797318415800461e-01
6.103433599485568184e-01
9.560224388204976442e-01
2.328554598956619481e-01
9.669515491283705577e-01
3.428201891650563549e-01
5.905064403272917151e-01
7.759684260886953178e-01
1.973005628146248525e-01
5.807739027866234971e-02
3.158368830153941431e-01
2.756648345179644188e-01
2.504127381292955978e-01
3.171069128686341831e-01
3.300399367895907043e-01
1.117998411114630719e-01
5.844382051231408748e-02
4.811094947248500953e-01
3.264321217952076970e-01
3.842820687316497175e-01
4.111379879180892538e-01
5.897630131765161376e-01
2.678671086343105134e-01
2.342248814562387427e+00
1.648291692106390149e+00
9.834218857031089556e-01
4.415271160738221679e-01
2.899488343476006036e-01
4.948451702294425769e-01
1.833764362251293911e-01
5.514581775267415331e-01
2.227971143767328577e-01
1.757788781560954139e-01
5.771796337071667393e-01
3.324543895480825961e-01
5.005264635033761511e-01
7.819750083371861393e-01
5.067545369066600580e-01
1.239019340104634992e+00
3.216217978244891862e-01
1.420373657293539926e-01
1.015383933483196444e+00
6.205640624687392970e-01
4.396269874454785120e-01
3.183917486800075802e-01
1.923160277951254660e-01
1.195924552681061070e-01
1.027131609006435992e-01
1.452249938531970652e-01
5.836094393374763323e-01
3.046727071955028787e-01
5.121061908969009036e-01
7.041210934918192832e-01
4.815126952001260174e-01
7.389466810550500142e-01
4.733697003273336645e-01
2.046086416724247070e-01
1.129998735525240966e-01
4.019887886612248384e-01
2.902740116745446963e-01
8.985175316134909329e-02
7.063842668967745819e-01
4.375321983311867280e-01
3.612478441984857680e-01
6.510818444835265728e-01
3.501818358460822012e-01
1.098404278308877657e+00
8.451100461920961482e-02
2.817420351255033872e-01
4.265165798795777508e-01
8.842660718014131449e-01
9.259747145584331651e-01
3.688947699438051564e-01
6.949239119559660338e-01
2.592763097747687318e-01
2.535857291372314859e-01
5.520856154946797156e-01
3.281889556681316655e-01
2.320216393940510990e-01
1.005453156951126442e-01
1.080333705412414025e-01
1.679615085473425085e+00
1.674636892440736435e+00
2.120881987677486480e-01
5.122735572366965418e-01
1.001974225187155509e+00
1.254920505018439769e+00
2.962661206322343976e-01
7.080216726555190743e-01
4.596630720513786850e-01
2.423179723671456398e-01
2.852489331859521249e-01
5.435841746673454322e-01
1.502415721654225544e+00
9.029069203866796345e-01
5.977931798323877777e-01
4.977644094741927594e-01
3.127087063608678386e-01
9.422535516715994097e-01
5.218282485906451384e-01
3.945176932261712510e-01
2.165019523032507553e-01
1.484868026016857856e-01
6.189040038198135862e-01
4.486132988305900349e-01
4.025187251098502061e-01
6.593341469889716366e-01
7.156871125979544779e-01
5.836007315517547367e-01
5.162606076424278712e-01
6.317352816251228242e-01
3.812634049646842493e-01
6.508128319913212279e-01
5.027443982042453241e-01
3.517415775651124288e-01
7.310102293186863109e-01
3.396418378939532468e-01
1.789209174947991032e-01
3.669111525143948227e-01
8.004630026707687529e-01
6.034823900214358883e-01
4.438441354845185788e-02
6.495083196900003353e-01
2.807884638255542242e-01
5.214477701133372056e-01
4.599675724452494396e-01
7.772786114353931186e-01
6.109270950156555635e-01
3.756556617112756791e-01
6.678476940796020944e-01
2.922906608423160302e-01
4.841699724540150518e-01
2.074184030369464748e-01
3.638792519971296158e-01
9.867708759907550808e-01
8.171001782880451536e-01
9.650396873581212898e-01
2.803059206933160019e-01
2.348268422003154110e-01
4.143101958679657471e-01
3.656083798298414012e-01
1.797049155292786693e-01
1.326637678430775180e+00
1.211607432341011092e+00
5.381939938140525154e-02
6.731621858345492315e-01
9.439537402705404645e-01
8.769382979885151919e-01
1.498652600149276981e-01
2.907196416916980608e-01
5.959090409561583757e-01
1.028872015707899878e+00
4.796722301286764911e-01
5.489565648441898649e-01
3.597991155340892755e-01
8.730725044186444794e-01
2.428871552934890321e-01
6.611428528117188064e-01
3.476625439934384887e-01
1.981544726587883831e-01
2.129845158663385141e-01
3.608340441554133138e-01
1.075077912025264482e+00
4.474839557366416809e-01
7.491355513337306649e-01
1.650728303534741426e-01
1.645986379480484374e-01
2.910201380538314231e-01
1.151346974923623590e+00
1.215289419545094313e-01
4.515057808070421785e-02
8.941480260054563978e-01
7.258229901436556997e-01
1.062743727077877454e+00
6.009371829779930341e-01
2.520103017629286013e-01
4.835448517600068885e-01
2.031023017605582404e-01
9.372710356005510279e-01
6.094477441590336886e-01
7.079882353860991184e-01
5.092341658821165629e-01
3.840322709318174654e-01
2.916793457667712364e-01
2.066871444933001678e-01
2.317420489246401427e+00
9.599478945267461150e-01
8.148882474427403544e-01
7.937607394942056138e-02
3.370111081600163372e-01
4.584716418525981441e-01
5.468561053509433112e-01
3.433490486205446612e-01
2.604602873039968958e-01
2.811971452945238870e-01
4.442016193814653513e-01
3.252632037210320126e-01
5.142295614270111503e-01
5.148002832153301123e-01
1.876756299862246902e+00
1.930774048676054677e-01
1.691185870997134466e-01
5.900471808267756524e-01
7.141452931473429855e-01
6.739661061432626887e-01
6.380373733709227002e-01
5.225870375800490963e-01
2.918985567818954130e-01
6.862206983700788188e-01
3.308168538822978677e-01
6.303046092437830650e-01
5.331808384615457364e-01
6.197870044142994583e-01
3.158618696931487224e-01
6.429954997346081225e-01
1.029634572899846140e-01
4.625101440855157175e-01
4.599357859727525866e-01
4.531584965218876659e-01
7.391886795489499562e-02
1.229332266466768520e+00
4.577056945428849555e-01
5.671442221280532658e-01
8.236012631650893034e-01
9.011536837939195799e-01
9.809183213056248407e-01
6.159818482475808432e-01
3.693734878148424161e-01
5.732787400829648661e-01
2.091683880492647862e+00
6.626621412366806574e-02
3.357471103044652461e-01
2.257169149870960900e-01
2.317608035525775267e-01
3.192977863524360527e-01
5.108484000046559226e-01
3.474829485020184405e-01
4.637561852526805306e-01
3.435294670213035473e-01
4.895640716783191126e-01
9.099194728412794975e-01
1.005419858595768823e-01
6.310314864257537959e-01
7.344997493630653906e-01
4.846341620790677873e-01
7.517604849136949596e-01
3.193673310988658920e-01
3.565445562711127003e-01
6.393690296187107824e-01
9.694507558369011568e-02
5.405287005678146572e-01
6.617674371991099092e-01
2.606330382586046213e-01
3.598895841838556375e-01
1.309336188718679406e+00
6.637307923151390954e-01
4.676830359158913319e-01
3.109660397717988745e-01
3.160240337757839746e-01
6.733674104352498357e-01
1.855255787923711042e+00
3.073222653740092514e-01
8.583301685642204248e-02
2.248437360239246896e+00
2.812318702037640006e-01
1.966423332055862172e-01
9.583991143412355918e-01
1.920563439629580094e-01
6.003453834919075111e-02
3.149913480541104427e-01
3.221907223677700771e-01
9.914567074278900216e-02
1.545589046566329672e-01
2.960116337810665965e-01
4.536869414945834955e-01
4.382992628775618793e-01
2.787992049613055023e-01
2.735840667126491210e-01
4.798838351227689980e-01
9.450191150049250255e-02
3.012832285107598929e-01
1.476376775307798594e-01
2.078378736673551219e-01
1.191380915704062682e+00
6.650583103302254440e-01
7.717740567009830077e-02
4.155301248041665119e-01
8.135240639059502232e-01
1.840039229991573322e+00
4.222373961081941074e-01
3.006422302458145457e-01
3.285322203170488731e-01
5.980723488312614800e-01
1.993069268589621745e-01
2.838472195690727173e-01
1.798892306804494856e-01
7.293381469458496413e-01
6.520684933612778122e-01
8.205843744192513611e-01
5.093936742719136490e-02
4.485140409279648743e-01
4.635642620684738979e-01
2.806519893482215533e-01
1.967466943676629831e-01
1.998731252502388422e-01
4.723340796895121874e-01
3.025783738942352530e-01
4.717775955331667825e-01
5.770675045680735415e-01
2.306252225314674720e-01
3.816033168606629555e-01
3.815110350669637107e-01
3.655122910037807982e-01
3.824164968128208608e-01
6.223520369857893364e-01
7.471068367069696459e-01
9.258874941625223620e-01
6.752882744873344167e-01
2.275067969705995008e-01
3.797216197608179189e-01
3.077488527046221556e-01
5.219685500454672722e-01
4.450196738231793625e-01
4.834040072640226060e-01
1.113555895313802502e+00
1.400729326047714107e-01
1.794391931260341799e-01
5.497739029554550294e-01
4.823045578567884406e-01
1.612620350880973052e-01
3.579087183623562707e-01
9.043868577801413844e-01
2.490793587469740944e-01
3.538630517472452497e-01
1.795386610310420739e-01
4.539128407121374997e-01
5.486892225257787858e-01
5.685174229359556408e-01
1.736939258765876959e+00
6.447273558588118014e-01
3.158054813068663647e-01
6.257591087139368069e-01
1.207220265873667764e-01
4.000849943840938949e-01
3.060662001722627701e-01
1.462757189193819585e-01
4.323095051145151579e-01
5.444818085627727289e-01
2.715637111145464688e-01
1.018037546180069253e+00
4.922230740201730681e-01
5.474206598140126667e-01
2.304354378419608274e-01
4.262021917409302141e-01
6.533138561909376252e-01
2.532315084950546580e-01
4.484110434122411393e-01
4.416024218307107452e-01
1.130635114035245525e+00
6.182479807739214156e-02
9.737801656323682442e-01
9.727140898368201727e-01
4.379207177648579141e-01
1.019300894465928531e+00
1.781332679878605829e-01
1.072536792011471674e+00
2.554617747280993334e-01
5.307311728981212173e-01
1.439895558410085041e-01
3.209755219857391983e-01
7.022313568862200706e-01
4.556045608711556394e-01
3.167330737298234000e-01
6.222533937945278204e-01
1.498298394385237264e+00
5.494187757224674451e-01
2.514906362620714098e-01
5.402136942221020810e-01
3.893379677224036439e-01
7.488130791473732728e-01
7.353348359412613666e-01
2.517524536588016115e-01
2.834164838032131595e-01
4.003691877669099397e-01
1.039983525420536736e+00
6.116836325928795004e-01
5.891633810512183489e-01
2.466854319374607585e-01
7.655253067687167734e-01
1.478385043570474011e-01
1.929712809257368433e-01
3.954985238922856805e-01
2.145998583511297686e-01
1.023896189442143445e+00
2.130841389015432352e-01
5.575457226632762886e-01
3.780496424487551632e-01
2.834909917252548262e-01
1.603125689725644898e-01
4.693110977696021702e-01
4.528237931054127641e-01
9.785368104286629176e-01
3.841800548615079691e-01
5.925194054663777132e-01
4.490226747575764565e-01
4.255622895929790928e-01
3.136639057164434391e-02
3.170825860200761626e-01
5.503527502082710132e-01
9.421072616415536727e-01
5.101016843663236378e-01
3.477640885969014439e-01
1.203658950627166879e+00
8.280756472376150645e-01
1.642789495999261995e-01
3.029907562920686748e-01
2.745147685438253937e-01
3.982018132939856847e-01
3.628346418320169686e-01
3.972794163341899498e-01
3.087079801244806410e-01
1.978522203236730004e-01
7.721265941455981441e-01
7.226478392324284794e-01
6.723894262610081718e-01
7.378585543421426474e-01
3.084053593076110933e-01
6.586757068377745439e-01
3.234772810525496367e-01
5.613972889396159210e-02
2.679657834659054383e-01
3.234029967512725423e-01
3.511206780011202344e-01
6.610302699600656418e-01
5.130590701766083450e-01
5.457214091131026290e-01
7.984955187258627740e-01
1.485132836361388320e-01
3.554841340712940334e-01
3.934856399213401690e-01
2.152685479409604807e-01
1.753822788996783621e-01
4.388123127403554813e-01
7.467197267054376253e-01
9.892829573958735745e-01
6.583246197956873491e-01
3.067616468606682578e-01
7.779740259829409643e-01
8.831440081108560269e-01
6.727371019327084145e-01
1.267039475886412303e+00
4.433204110549697208e-01
4.773200855507362395e-01
2.293486679563000730e-01
4.165277877774404836e-01
1.107318794200788242e-01
1.077928840860582271e+00
2.117560563138799756e-01
3.645062171362583037e-01
7.308069379697628154e-01
8.467981004579864246e-01
3.240971222404228080e-01
5.276815544312432049e-01
8.405661615135365805e-01
6.382963243181237756e-01
1.108223548000734970e+00
3.523447441036683392e-01
5.713490513607321075e-01
1.530520589394132935e+00
4.715753228757836313e-01
6.275648098466687363e-01
3.338445351435124775e-01
5.282780785996135098e-01
8.538852808934916938e-01
9.343598896795718423e-01
3.749933503273025770e-01
2.151308722940396267e-01
2.343097022668575169e-01
5.172530823657212062e-01
5.019485078345108375e-01
4.655133649055611667e-01
1.728567296049779434e-01
5.029424535905331339e-01
2.437278142615878773e-01
5.400401836223326368e-01
3.306848606403379187e-01
5.940781034250011139e-01
5.106677401975269204e-01
3.726231861392677036e-01
3.081839090514086332e-01
3.780582443781181357e-01
2.402166279472514321e-01
2.110655350509594019e-01
2.975413438219982054e-01
4.754755774605082252e-01
8.363990450163046042e-02
1.030210845387688812e+00
8.544602396951463952e-01
4.582790995816276025e-01
5.050832871763746290e-01
4.072652490933950098e-01
5.475314111537097350e-01
2.109778585814548191e-01
1.272594235923022454e-01
4.469736407287900337e-01
2.184231509483008926e-01
4.200269605273966311e-01
7.951859950430274493e-01
2.064766462327389529e-01
7.918047257169433251e-02
2.728290094694905132e-01
1.508690712222967578e+00
1.513285557415946225e-01
6.010280553196866160e-01
4.345491389682630823e-01
1.720569714306015685e+00
5.930212148459453880e-01
7.124589674531938144e-01
7.687455793575569407e-01
6.152466145581336754e-01
6.214340789068797388e-01
4.984295746708446995e-01
1.951785603804750135e-01
4.492362028287150144e-01
2.736960350028128097e-01
3.136627979701488989e-01
9.410990732172385131e-01
2.270091896346423943e-01
4.833104176110857852e-01
4.609009206440433659e-01
8.586349397416318530e-01
5.294980331856299349e-01
1.855891311020373413e-01
4.437909574738054808e-01
4.713831620162139968e-01
1.312268913557614880e+00
2.724576551689153817e-03
6.042657444521082333e-01
2.723611269507102417e-01
4.153594356201941729e-01
5.808717941448220401e-01
8.033431356098124088e-01
5.326089041426693704e-01
3.750991805102151244e-01
4.554778391478264132e-01
2.399121933846705967e-01
7.728690203715068430e-01
1.253803915710124839e+00
8.991035531637489031e-01
5.272183554265907901e-01
1.174822700109842966e-01
3.911111246599043856e-01
4.773779307198605659e-02
4.119882491989390605e-01
3.713762941591951527e-01
6.968555563577660816e-02
5.627204460787312845e-01
3.285458948508941934e-01
3.086621087686227116e-01
7.443615926993528698e-01
1.038802519898374965e-01
3.185586227509324408e-01
4.231616448887973170e-01
5.443820412716823265e-01
3.008333404629733310e-01
5.215120233139149963e-01
3.436249333827134933e-01
6.944070901043708499e-02
1.978760032522273171e-01
6.919287862045340187e-01
3.791031225679966088e-01
5.815316073797067720e-01
9.658686330112142837e-01
7.646311811251110813e-01
9.585109920903672753e-01
3.348413325725456691e-01
2.081802798920655007e-01
1.447673751710515377e-01
8.512337927006937699e-01
6.607823245559908409e-01
5.313926216755112675e-01
4.277491821689438645e-01
6.570447781138697430e-01
3.634817912800417106e-01
2.558679872684084255e-01
3.684747583859327991e-01
4.814218609463464804e-01
3.519093379548476341e-01
1.080903881506995345e+00
3.823265378930364444e-01
9.872037460349505356e-01
9.397640934167863502e-01
4.053370688683656797e-01
3.294964407374564308e-01
1.292298791235199307e+00
8.718664779901605932e-01
6.369995555006600085e-01
1.035583256498373433e-01
4.124021607551265900e-01
5.646470502563680771e-01
6.037210083999652310e-01
8.583583193070407624e-01
7.866019434610284078e-01
5.266630686707494124e-01
5.395028673665474006e-01
1.145416341597156884e-01
7.355709216847189369e-02
5.028559111829966621e-01
1.144043856668439663e-01
2.825401975249144937e-01
5.024341070392417397e-01
3.118800635957409972e-01
4.230854682729150995e-01
3.917838052766095536e-01
2.558803825090021355e-01
2.710123846904459177e-01
1.080469329292488290e+00
3.310964738554359466e-01
3.762068633442428034e-01
1.626974215840794269e+00
5.414298142358495713e-01
5.468171407009148055e-01
4.344524801756725063e-01
5.256909992275449195e-01
7.397055457825936209e-01
2.869203744806156919e-01
7.785597036100877499e-02
7.137168645975193737e-01
9.319057398161640915e-01
2.741013319062805542e-01
7.861335823790044364e-01
3.855071606621712776e-01
5.667795781399650457e-01
5.122223181269404124e-01
4.007885976689560814e-01
8.685423661316565846e-02
2.841841283473950375e-01
9.285571023149455927e-01
1.595923668099150927e-01
6.256247524422220430e-02
1.182181835955317117e+00
3.063904680419261561e-01
6.886622775684418940e-01
3.233148372391582703e-01
3.586221000985817531e-01
5.145031787862317518e-01
3.461605774516615663e-01
5.863406487188068672e-01
5.844643610091890817e-01
6.223386972966408193e-01
6.394069604048130406e-01
2.426820614710485102e-01
1.002022621706733785e-01
6.827998542863185083e-01
3.244720384082043774e-01
9.630931330588968775e-01
3.692010797851013049e-01
4.267604203725257062e-01
6.170835020079112887e-01
2.890437701319616970e-01
1.123822386930248829e-01
1.070994579382638368e-01
4.200921150496020884e-01
3.889930582556353489e-01
5.495903697474344707e-01
6.079596685244351706e-01
7.615503132305090350e-02
3.795338538689988495e-01
4.876027805384437475e-01
1.002181582076668576e-01
1.986734385558527605e-01
2.180427411370614854e-01
5.465642578829124076e-01
1.563610653882223422e+00
4.768494913020459580e-01
3.320140363698350083e-01
5.107560252665657163e-01
4.684859337841309479e-01
7.654085270635192784e-02
2.573780862722241936e-01
4.412756874553525610e-01
5.323105761487378906e-01
3.585837251918424506e-01
5.529692182226714214e-01
1.191729117325034171e+00
1.276927078040985153e+00
5.262743578823370072e-01
1.118824208485117655e+00
4.275696432435060479e-01
1.189168233934327468e+00
1.188045941226037572e+00
1.157959503763336340e+00
4.794647024622120668e-01
7.483551359611348985e-01
2.408530687759211919e-01
7.811990684612384328e-01
7.681234292813033937e-01
3.670147036352304215e-01
4.632661862992198953e-01
7.904930093433261140e-01
5.473673500278931625e-01
4.099995341763162937e-01
5.680795201091439761e-01
9.433535355763593422e-02
4.967740295416750440e-01
5.698898101363925051e-01
3.443437775549657576e-01
7.250792012785600704e-01
2.395678306773711130e-01
4.513980483909853514e-01
2.901013434917222300e-01
4.854914356844243772e-01
5.584950365284746532e-01
5.029837440012449035e-01
2.122789734139352014e-01
4.513653402018897864e-01
3.221217929417409254e-01
4.579340946281535984e-01
4.454310002738533503e-01
1.284543315126904506e-01
5.154633700609145830e-01
6.244712219897754490e-01
8.638843613027739066e-01
5.709329795312497735e-01
6.975619875707562700e-01
4.515934328805055742e-01
2.091941052454642791e-01
7.074748841522747744e-01
2.432869909253907170e-01
6.226307957547192462e-01
3.325517276285434032e-01
9.563111749848565157e-01
6.117651268027283346e-02
1.094527655033707525e+00
9.089750405918586851e-02
3.819394715405829976e-01
6.258803050821559744e-01
3.556360260806136764e-01
4.935165794507680448e-01
2.340265437357008371e-01
7.290927705161071026e-01
4.214826029881887925e-01
1.640528718909945727e-01
1.770203744638229604e-01
3.313603956454288513e-01
8.038269560537237846e-01
2.744064389125025483e-01
3.992376642286004085e-01
4.499083765574032334e-01
1.034401972990073304e-01
2.669883829334608882e-01
4.190898015209396643e-01
2.240248995237617557e-01
9.721172611326524271e-02
9.022793963270098194e-01
2.076131429890729851e+00
2.062506260478207676e-01
3.218401125828145859e-01
5.120539819239997570e-01
4.215173554513479415e-01
1.490743709195677946e-01
1.123722839952560060e-01
3.277535272175123304e-01
2.853557961651070340e-01
4.618594592549545852e-01
1.008654647621999578e-01
1.434639884117475950e-01
6.555950862873811680e-01
6.413408688639238298e-02
7.639722734924951908e-01
6.675557675263660284e-01
2.928799443708274830e-01
2.315856083396247156e-01
3.143843047576574956e-01
1.988951249284614531e-01
4.671451486205344117e-01
8.153108482305537752e-01
2.300049834842823049e-01
3.461875716215594978e-01
3.095171369716540610e-01
1.537659737634299972e+00
6.306054425522423790e-01
6.862108610718323232e-02
2.624833869147162879e-01
3.053339553403281448e-01
3.328560602795028744e-01
9.442031699867905470e-01
7.002093377990411538e-01
2.228832236692761537e-01
5.982496914531199028e-01
7.540916053701156585e-01
2.183998911441518420e-01
3.726523697827018311e-01
3.050249951320679886e-01
1.669943597451845063e+00
7.894049814920550689e-01
4.220191417054832694e-01
3.336356329195370396e+00
1.426265786410408243e+00
6.807197379381635383e-01
5.702457137512607632e-01
1.546303933685928278e-01
6.040015931582181086e-01
3.985219687087983020e-01
4.792882848602487700e-01
3.926500413464585892e-01
4.113585162344082780e-01
5.252182510986176389e-01
4.113751085517297623e-01
2.707757805113691352e-01
1.995728461283965138e-01
1.230956591272744094e-01
7.477010044219631890e-01
6.427657687217426252e-01
1.408637955229940508e-01
3.568284446600788473e-01
4.618555078675270487e-01
1.046871453823156717e+00
4.065162765978534432e-01
5.533306586390385196e-01
1.458495532064509659e+00
4.481117178939924006e-01
4.047441214434309709e-01
2.163925250855027183e-01
1.093808369095844446e+00
7.670989637971790120e-01
5.371567104011699678e-01
3.171080311136522112e-01
3.918034871427542587e-01
3.852457665530190645e-01
8.730829371604466038e-01
1.683665275800266536e-01
1.401802561210151177e-01
1.946435887548085830e-01
1.685171256360344927e+00
4.842295975688566401e-01
7.641124484290285901e-01
1.016872544205400963e+00
1.344699168963870151e-01
2.686830610479802317e-01
4.798573192358481787e-01
9.150378282510805705e-02
3.725299591506709973e-01
1.292818667655656895e-01
3.012916790059202432e-01
2.921949094311567796e-01
8.047602178758967995e-01
2.206297031920153029e-01
6.781181254146392279e-01
5.713058609910484087e-01
1.837514821041429658e-01
1.725015621633405605e-01
1.538709375701152515e+00
3.799213787656157137e-01
1.665124821627282092e-01
4.982401830340084103e-01
5.367027879893185860e-01
1.019193939032664087e+00
6.406234135319150980e-01
7.637374350568640891e-01
1.098371858220705127e-01
4.409331302206994652e-01
1.716562417547429775e-01
9.169695623295457398e-01
4.040046985243240241e-01
2.102718342997125511e-01
5.306055265980953450e-01
3.757876367367481985e-01
7.468321925882412948e-01
9.623559897704344612e-01
8.316050368520806479e-01
6.359792661122326551e-01
4.485517293983256604e-01
2.440859649736723258e-01
7.770346691697269659e-01
6.531830926692260286e-01
4.726806972387532779e-01
4.205972294579705117e-01
6.954887157091148575e-01
8.643142098149199093e-01
8.587301825669652056e-02
2.982979011330649799e-01
1.368623429165236605e-01
3.303613820791091449e-01
6.331069397141826371e-01
5.903790944682792974e-01
1.047297028528995977e+00
2.916926240678035520e-01
4.366637087282203566e-01
1.182221088569245904e+00
6.070592911942737091e-01
5.095677790583396094e-01
1.069734959895513038e-01
8.033282270834199990e-01
8.078852937615611518e-01
1.244141932521880767e+00
8.340113022724353620e-01
1.389844254173820737e+00
1.948047258147598937e+00
3.325932505461642874e-01
1.391426169936455515e-01
5.636983957526039424e-01
9.088207065682274433e-01
5.482910547602215523e-01
8.376195869380184122e-01
4.451631144228889170e-01
3.757505981539679962e-01
3.807606764617020856e-01
3.935713914253100021e-01
6.153681572086799889e-01
3.407337611806072752e-01
5.417293929610083048e-01
3.684297680674966102e-01
9.485635539565827334e-02
2.700965759783838793e-01
6.794137559140706051e-01
2.516131961056326527e-01
1.133808548123628412e+00
1.558182091879933562e-01
1.580471427322659439e+00
1.848366553573380200e+00
4.724666870961427012e-01
7.415104718362717229e-01
8.818092523835187324e-02
1.245571136451157496e-01
5.030906555590745066e-01
3.578998059475111404e-01
8.629915221082787857e-01
6.069885637034549974e-01
7.638755867983189340e-02
6.346398794683729694e-01
6.897960362189744510e-01
7.584266149354330633e-01
9.134440433721220387e-01
1.742766380834661899e-01
3.607735914892574169e-01
8.535909780115759071e-01
4.241316985091971303e-01
2.135081740845152509e-01
2.970196455671307301e-01
1.543117829562777321e-01
5.396697115366475561e-01
5.283235772478186432e-01
6.240488036640398084e-01
3.832662310354024993e-02
9.622348762549982615e-01
2.518507414532496491e-01
2.103179436187297136e-01
9.769736206504054943e-01
3.002135423007883941e-01
9.518034649599420582e-01
6.462507803012705887e-01
2.166833604753198861e-01
2.164408843956953654e-01
4.928833319638327159e-01
4.732889601012261749e-01
3.085699291401122757e-01
4.019909992938528465e-01
7.545080535521961895e-01
4.631845950533090839e-02
7.145101621989767837e-01
2.094229535850738178e-01
2.577934998613405360e-01
9.665104543237384993e-01
1.482482056475857846e+00
6.424050807796284346e-01
4.150208360204456493e-01
8.607107827149224066e-01
3.673209917708513128e-01
9.456318824411527602e-02
4.643599338540931321e-01
3.254280459416384885e-01
6.745359129310498636e-01
1.125570836069429870e+00
6.027682683816614206e-01
3.170799807987550456e-01
2.525861661048123263e-01
5.519665007912336607e-01
4.617091961889872587e-01
8.673097524701802730e-01
2.877605886233134957e-01
2.136051269235791084e-01
4.884733999812152505e-01
1.001105201501189673e-01
3.820406385497265300e-01
5.810803483082719323e-01
3.102062455625337334e-01
6.104976388690673827e-01
4.965323232648373164e-01
4.881855299004378423e-01
2.215443064967676789e-01
4.649735134794715230e-01
2.062905290420041504e-01
4.791787122471441451e-01
3.591602356624103431e-01
2.241295135930188032e-01
3.013976931032265050e-01
6.205145200958440688e-01
6.151064552991186707e-02
1.576044927406253793e-01
8.217820930568852100e-01
6.456995074522654809e-02
6.563094484722388211e-01
5.254955966756027497e-01
4.343113235403079919e-01
2.899458066469561279e-01
3.354835679208918453e-01
7.565030275007295080e-01
1.012987223282450167e+00
1.320158739464798170e-01
2.324217074929393889e-01
2.923390368933592165e-01
1.627373020011576021e-01
4.185177150137127100e-01
7.933679908499686739e-01
1.081010790273813971e+00
2.870277559742584916e+00
8.228697134670653890e-01
2.894141312002051492e-01
2.777750601386236307e-01
6.027836567266441348e-01
2.682397316293105294e-01
3.308187619286466208e-01
5.046932681438101032e-01
4.320632167830588677e-01
1.140887954283044348e+00
3.596828663773917745e-01
4.016883541642676247e-01
4.249590243726957262e-01
1.418142385571335984e-01
6.805657278729654314e-01
3.696168526041410662e-01
3.793603768779201246e-01
1.101671819204552261e+00
2.798660308790424933e-01
6.165471944478705391e-01
1.220574790024131051e+00
4.704276167509521822e-01
5.811576860444892523e-01
3.802096099821411501e-01
2.197205470719035270e-01
1.388366850322428903e+00
5.408925900266112752e-01
4.633949458154094092e-01
5.706383273558043312e-01
3.782089817114115404e-01
3.350039544901042832e-01
5.452430257479238263e-01
8.613221781787775422e-01
1.112952791774112882e+00
3.712840940873573525e-01
1.199872039548972591e+00
1.465439855302064776e-01
9.876603303509399190e-01
1.030433919660502573e+00
1.101639608629461087e+00
3.137284094873545315e-01
1.308797265605471605e+00
1.218859524267237093e+00
1.120000781271973667e-01
3.029216317563430128e-01
4.919195218897970401e-01
6.939015564036375705e-02
1.158107719321841200e+00
8.301322541449925874e-01
3.074516061754857810e-01
1.513198952771742878e+00
1.041295223154552918e+00
2.569956180552676606e-01
2.219540417752468853e-01
1.568572223972040380e-01
5.473666364686960994e-01
4.835967148028061380e-01
7.870150587858392166e-01
