3.519409919174795176e-01
2.466347418329505325e-01
8.707825706869725124e-01
1.206514866727870006e+00
3.586176296235584204e-01
4.174629256571846803e-01
3.213167678671677852e-01
3.143930088522826072e-01
3.608624886636255802e-01
4.066233938926190894e-01
9.127737496921382032e-01
6.205862443000161877e-01
2.828732618472953320e-01
8.305817738050428334e-01
5.925306828891551136e-01
2.243352167002387043e-01
6.419220541488049880e-01
3.926214511419741648e-01
6.244934192920170712e-01
4.673980139341450402e-01
4.600899233127510590e-01
7.572515727429989241e-01
6.540725817241851425e-01
4.458666790724438167e-01
5.858286312279987751e-01
6.975005693957230246e-01
3.030363414477625361e-01
4.222323719184180590e-01
3.313541827257158179e-01
1.156479886796169393e-01
3.645427315913696287e-01
2.951821870904633438e-01
9.330927375209443486e-01
6.440893021354886505e-01
5.514493933077143639e-01
2.127901095075564741e-01
2.073638848519521738e-01
5.194199473607891138e-01
3.764696194562339171e-01
3.307565742936657838e-01
6.186656076712534480e-01
5.795746959548490063e-01
1.677698673258948836e-01
1.704006320264926655e-01
2.953498197008623816e-01
6.832071155296606246e-01
2.342035164548599002e-01
6.600160046982612716e-01
1.723928375499403642e-01
4.915053592087034739e-01
6.239313617287387537e-01
1.889785308843718870e-01
5.813347197855877058e-01
2.867129916890593933e-01
7.186272338036922003e-01
5.534934612585131752e-01
3.763473787441010826e-02
9.208977385431046381e-01
1.530967756141529967e-01
4.446086603727351094e-01
6.551334577261982428e-01
4.320929215737496776e-01
6.516726489138581213e-01
1.009887352767461777e-01
2.296165962121386184e-01
3.146805611962323335e-01
9.490471095784625000e-01
3.776288344831292276e-01
3.633890678771738436e-01
8.854399132242368742e-01
4.147003574847696328e-01
2.587335951194003059e-01
3.023429654836662928e-01
2.031817255034630842e-01
5.250197420145679139e-01
2.802370584117346297e-01
8.677605615771242231e-01
1.230323309531634879e-01
3.000542223473317560e-01
5.015649854616065495e-01
5.232877702971349132e-01
4.231975840050764548e-01
2.686026955702471297e-01
5.405277534472204826e-01
8.066680876165297498e-01
6.547448957105190814e-01
5.003587927136160518e-01
4.366629578654693811e-01
3.276897145501271869e-01
5.259037337372739485e-01
2.884851247693163145e-01
8.954549163520127975e-01
4.196523278142200164e-01
4.555318283740324992e-01
4.847556678296220944e-01
2.087948573911315928e-02
6.905833339375971880e-02
1.610885889253833858e-01
5.263523778418696120e-01
5.431134368451604466e-01
9.576647720127142716e-01
8.476571390228174740e-01
4.008729246596958173e-01
7.793350854013736395e-01
3.334317337841988804e-01
5.877170807482922088e-01
2.747603283110663375e-01
1.396760863970730182e-01
4.167629081985863015e-01
2.571684501602523598e-01
8.824455534492745001e-02
2.051781019410630624e-01
1.479990877681589545e-01
2.835011898890174020e-01
2.800198985245841987e-01
3.023441568538740021e-01
5.188470515747667378e-01
6.189842219964926118e-01
7.775155358757303292e-02
1.420585061570021901e-01
3.116235431555002267e-01
3.801613855082744964e-01
5.908198413818624983e-01
3.398942930506648752e-01
3.613337699339437270e-01
8.005712336695289810e-01
1.401302633191746361e-01
2.805360089191311634e-01
3.573899106754049870e-01
6.496907917610501570e-01
2.178935756125106593e-01
3.753415968112588930e-01
2.233999315878836822e-01
1.221753722555597582e-01
3.747109695361665049e-01
1.631381408224747143e-01
5.783672127129114715e-01
1.648042717782257860e+00
6.847809629585442925e-01
2.389599693507240552e-01
3.801172576254159274e-01
6.037654462870154504e-01
6.646986466276285643e-01
3.652156659116732595e-01
4.202957820807088352e-01
5.859259118774139408e-01
3.549620418813645983e-01
5.625412743877528099e-01
4.562432885712851549e-01
1.114109218361823528e+00
3.954198492959031253e-01
1.174215771020789445e+00
2.837468861019917243e-01
6.144291385376955406e-01
2.929370003377297360e-01
9.615571338062650630e-02
2.276201094409305847e-01
3.709723285464331943e-01
6.367573149852002734e-01
3.924856917725023653e-01
1.672169068523639834e-01
4.497244582145445979e-01
2.129970946581014601e-01
2.158714183655368324e-01
5.473261660152906050e-01
2.087970756902106373e-01
5.345125491979084709e-01
4.973288962167575766e-01
1.334412643361263251e-01
4.187833563462298181e-01
6.983366489650113529e-01
4.994149826738858988e-01
4.454805604729970558e-01
7.410572561479185083e-01
1.740373154939383327e-01
2.478257665389012598e-01
2.837799017867783102e-01
4.500142260153883744e-01
1.188774705161949191e-01
8.100961425932715620e-01
2.896062540895411042e-01
9.808585152920086259e-01
9.806022320675167325e-01
4.811226855295951399e-01
2.820544698368549486e-01
3.863408036487193664e-01
2.658408304387278598e-01
7.919176740512416657e-02
3.127297721522714902e-01
4.026306543779962221e-01
1.473894121285600711e+00
3.021479098625831639e-01
4.753733073103535434e-01
4.845001465502470350e-01
6.366455770329263464e-01
2.937208703529372578e-01
1.051620102562733416e+00
2.216729385729358792e-01
2.357615916724460081e-01
2.371413526358427393e-01
2.695676974995391273e-01
1.965092855536709759e-01
2.953981498197892352e-01
7.219396708766631088e-01
2.732021734183096018e-01
4.990954351664529387e-01
5.078822910886187092e-01
2.684572218228081231e-01
2.404217422980189645e-01
1.567010158116634910e+00
8.838687686876010863e-02
2.847488046594218725e-01
2.933710760540015894e-01
2.406413351408430434e-01
6.829194815028519772e-01
4.261459296261616569e-01
3.771224930796187591e-01
6.623603023321410488e-01
4.388038793507581525e-01
5.167742651603212112e-01
4.901285832843116363e-01
4.825357508557812092e-01
5.307511029571488903e-01
2.217921211166731521e-01
4.545299399288265096e-01
2.532370835817465693e-01
6.236498220433893680e-01
4.942419761087571972e-01
3.577081824956899192e-01
2.947422944592227867e-01
3.602804571053708771e-01
2.465223897809541431e-01
3.221966253379419109e-01
3.501656946646170554e-01
7.999751160201832301e-01
2.366611876946273230e-01
4.189648698627673196e-01
3.645881798374682181e-01
7.812521824732986397e-01
3.944676844349420120e-01
8.047932275080665887e-01
8.218244589495371510e-01
7.174667693395655466e-01
1.473927369500342088e+00
6.979747391472241880e-01
8.062027508973755863e-01
6.377782388424194648e-01
2.902400487308705590e-01
1.105589468589326246e-01
5.854339867882178972e-01
1.186018277083374484e+00
2.953155403696015591e-01
3.898095171582465213e-01
4.624120354865389193e-01
3.107650685420184078e-01
1.909143065403446082e-01
6.195907193997183260e-01
1.108600006047307795e-01
4.185314763126282700e-01
4.376266132365167483e-01
2.384050974839832804e-01
7.429474967094881199e-01
3.496921161343429785e-01
9.149016871590934241e-02
3.991539189278330846e-01
3.364440207074546052e-01
2.156304167073048728e-01
8.263664069145325586e-01
4.772864074557872649e-01
6.184705365833612634e-01
5.413790755270713184e-01
4.088028012916772314e-01
7.352156446682851509e-01
6.671423968522922909e-02
4.230132607327886096e-01
1.152879993214820376e-01
1.856450102398551349e-01
6.941610735425323142e-01
1.392008167516918804e-01
1.287926829224982084e-01
1.327210975360467948e+00
3.225884717402090485e-01
2.032842393311970197e-01
5.581393693733880390e-01
7.404827562717388734e-01
7.566871830262282550e-02
7.276779420120301767e-01
2.437693771869845760e-01
5.587381100711790172e-01
4.179277633413659432e-01
2.561163941380126263e-01
4.764890787889911605e-01
1.361202913935792846e+00
1.362892609772430597e-01
2.735973525902323789e-01
5.343571840209629942e-01
3.622683010043935559e-01
3.358730464208005140e-01
4.550242995020221670e-01
2.547068617186902251e-01
1.001034620101597827e+00
4.495607543571753517e-01
4.741639797487830488e-01
1.205650290968954153e+00
3.560361140621590148e-01
7.817351898013846778e-01
2.631509016757486719e-01
3.951826843855824611e-01
3.205999237627698562e-01
2.916150558762805045e-01
2.460850993240941142e-01
4.541861874536659016e-01
2.939665465378276110e-01
4.444764568286839190e-01
9.020635577416561413e-01
2.970188827097165474e-01
5.763117384021637646e-01
3.658253552018018162e-01
4.622626353226195750e-01
5.923099436262648787e-01
6.240854664615425040e-01
6.570176638129975322e-01
2.473083328735785069e-01
5.216678067089058901e-01
3.537147927390872915e-01
6.723106332346585612e-01
9.140794411088166704e-01
4.904222235499758886e-01
5.600931462058975630e-01
2.412191490641084901e-01
3.717508548713012173e-01
6.962617785713323126e-01
4.679924858965354151e-01
2.663304313289959757e-01
4.569426445892162958e-01
8.840254241609368790e-01
4.420026094828046759e-01
7.134114954749137816e-01
1.607687109504662148e-01
3.889544687346246366e-01
3.970467462948190640e-01
9.407706582494486103e-01
6.482534819416776450e-01
7.220475294582020531e-01
9.937070663597774578e-01
1.288745138849121785e+00
4.173412478845791029e-01
4.104395667324747254e-01
7.654258092450642037e-01
2.771206219232295043e-01
4.967550378658994181e-01
5.724790204898738688e-01
5.059530147208778361e-01
6.029410310899011582e-01
5.586393608512528752e-01
4.498998343436044212e-01
2.533707588446531545e-01
2.140595453072493271e-01
3.189553976529067580e-01
3.406316960099837199e-01
6.053446282127864508e-01
7.848397837918670294e-01
1.816242228952439919e-01
4.784361125061297737e-01
3.863316939345928236e-01
4.346173416138434664e-01
3.418188206337163249e-01
6.088684552089356217e-01
8.301725888377142759e-01
7.878376210802353619e-01
6.921563069880909413e-01
1.385331306554077879e-01
4.015536154204497610e-01
4.610450956448532978e-01
5.116518703766306242e-01
4.160182696920201595e-01
6.473178519746437543e-01
3.280244445572488288e-01
6.710722285290989797e-01
5.129803667384120747e-01
5.438244689577066415e-01
7.715298508090382423e-01
5.025531876089640582e-01
3.857519854916291457e-01
4.667558222794848666e-01
9.563265810633997388e-02
5.459055005656088255e-01
3.869710676091848711e-01
6.175547000108346785e-01
5.595385936555317130e-01
2.653806406437169141e-01
3.669900254216007518e-01
5.509015014722453696e-01
1.134826218513356189e+00
7.404081203048291648e-01
4.475398891043759209e-01
7.718336036633189901e-01
1.476876508435967850e+00
6.328836951320502280e-01
2.879007453386190907e-01
2.018253253286674820e-01
3.250279133339533111e-01
4.057381274735399335e-01
1.007536823873688592e+00
1.721151520888191677e-01
5.474591901491063783e-01
9.731381561856903284e-01
5.295354669146955517e-01
2.250650334238855910e-01
3.908776421253343236e-01
2.537317208628999676e-01
6.895685776492171959e-01
5.150413887562688142e-01
6.262432559870583226e-01
2.925048134306490466e-01
4.134034652294248380e-01
8.747573589848616216e-01
8.400129600486249126e-01
6.762671836805148606e-01
4.993236590606478509e-01
3.176659123129456086e-01
4.080777787122570333e-01
6.226012578903179495e-01
1.662621243438988650e-01
5.463249811276865708e-01
4.110501922522867835e-01
1.393174147729187295e-01
2.926453941452079044e-01
6.867731630370195184e-01
4.046845228857284815e-01
2.717683917483961764e-01
8.877424479104287780e-01
4.323033704161088897e-01
5.702978026227324415e-01
2.423235758415941410e-01
4.097630959140587392e-01
7.037349529294446571e-01
2.851426418394479301e-01
4.321403262191633177e-01
7.365555168017168253e-01
6.014730239395352784e-01
1.232112766780065094e+00
1.068252215458979748e+00
9.099013218023973559e-01
3.072834285511722441e-01
9.178657986787913670e-02
3.168367525830579901e-01
7.116762095949483724e-01
5.632720305858280874e-01
6.560621604907042048e-01
2.233432383481313843e-01
1.606460641245605059e-01
6.020808388271720046e-01
4.863136564544788265e-01
6.004587550326474510e-01
3.072921207626859719e-01
1.443573942364345108e-01
5.431097940090907628e-01
4.734693523438387452e-01
1.941504199952112930e-01
5.413405564016701144e-01
5.586777356222616397e-01
3.682008468658605205e-01
2.927389861821400041e-01
4.783548763956882444e-01
8.031851025411653744e-01
8.220020663211199397e-01
8.145057052172118839e-01
5.565301266538892344e-01
6.359770804141736678e-01
5.234468035665975627e-01
5.549543690545923891e-01
7.899931019755651596e-01
3.146781054178404147e-01
2.151752649163006792e-01
6.022942470513610314e-01
3.061270087928166239e-01
4.331860612437257174e-01
6.763657274365999506e-01
9.711988766680996754e-01
1.690693800601598962e-01
1.123791394633514296e+00
4.469017729158383245e-01
2.388446421429382960e-01
3.029830597260964598e-01
2.300451310698144458e-01
4.236085999823938630e-01
4.267960414965715210e-01
1.997363576046174150e-01
4.530685178071835462e-01
4.248831901101832731e-01
2.175843758183917398e+00
7.917288910947974934e-01
2.618803749606637976e-01
3.439815009870607621e-01
4.324914327944520132e-01
6.116989243177580748e-01
1.712956769876890217e-01
3.906059838203773671e-01
4.074146501529028463e-01
7.627224094366311657e-01
6.123836870268918320e-01
1.370630354665902384e-01
6.404293797407589750e-01
1.829989402430724221e-01
7.317266090647752685e-01
4.769982741178704910e-01
6.848743242741950343e-01
2.518663154064524345e-01
1.249847400162831024e+00
4.490895662700957192e-01
3.785213810090370945e-01
5.425400213529921745e-01
6.259211087001876894e-01
5.514974610945201361e-01
2.920739811927119955e-01
6.133109068176633150e-01
7.524238492683272828e-01
5.381070021159848338e-01
3.958297074761756851e-01
5.380609159415711273e-01
5.289234676577599936e-01
8.519916603645159014e-01
5.090382674373550298e-01
5.633204636854152181e-01
3.916867922413143077e-01
1.562900450391409901e+00
1.746010623762954905e+00
3.298124131576995466e-01
3.086939825798042381e-01
4.013129967287064059e-01
5.790307699757583082e-01
4.417105815562898385e-01
2.916090288646372430e-01
3.539914728852434078e-01
4.838555420081450675e-01
5.508891334270517026e-01
7.810029978123440575e-01
4.849913366053513752e-01
4.665904723167180190e-01
5.971054072679203850e-01
4.417608943134593846e-01
4.521335045848444145e-01
2.934727522271560196e-01
4.152505358939569957e-01
3.246892422865880756e-01
1.074597106067461949e+00
4.428664300426555789e-01
5.166613752519958469e-01
3.051704845215804096e-01
6.388319070764227892e-01
7.720743984310828312e-01
3.499389806836685768e-01
5.860106556099607955e-01
3.335524386785932438e-01
6.279315970009998749e-01
5.604538908657662466e-01
3.789891497731215919e-01
4.365955234612002300e-01
5.465686855778392195e-01
1.101098193337571168e-01
4.104449195060055899e-01
3.892047336690488413e-01
3.179269541781712394e-01
4.153176242800339923e-01
5.036953475091140442e-01
1.173544806856026357e+00
6.429763472983277550e-01
4.083261267464836641e-01
4.927325595210664821e-01
2.421210987944632798e-01
3.725165771636063106e-01
6.124356421532812789e-01
4.217235070368872130e-01
8.406392007720213666e-01
3.506278031818079732e-01
2.759402901929943197e-01
1.842820822290374139e-01
5.297705337483750165e-01
6.467636174312830777e-01
5.820866849053313308e-01
1.611483086234747897e-01
4.263177557402521023e-01
4.265384857902115856e-01
8.348208888883582590e-01
5.777490898835896393e-01
6.339607603540727832e-01
6.563424022041755013e-01
6.332142424287919846e-01
3.902063706241939989e-01
9.982753911074613296e-01
7.344628899975369496e-01
9.189876893893405008e-01
4.352897711166160977e-01
9.219522724456167273e-01
5.306005696890874618e-02
1.148098469048801196e+00
4.042126575389063392e-01
7.572433435440460991e-01
8.775472451083055070e-01
5.359809646977133912e-01
4.322673435394670527e-01
2.121849260647752367e-01
2.561308163472987287e-01
6.073516986035661924e-01
8.421525926910362614e-01
6.457493941389611525e-01
5.555963483645870449e-01
2.596860600253353968e-01
2.886459273577748896e-01
6.987064196873421507e-01
4.987341281974893570e-01
3.766351023632045769e-01
2.649957319372410747e-01
2.973347152909273095e-01
8.815665608545299181e-02
6.235386669284780359e-01
2.023193624209281283e-01
5.473763136188753986e-01
3.745414156364963998e-01
5.645150757883636849e-01
4.840462977189752825e-01
8.269967042578069139e-01
3.607519451408156552e-01
2.077634096369218308e-01
3.623956554692907006e-01
8.249432985949319841e-01
1.237786445089505527e+00
5.092248049702610135e-01
3.875508061861954179e-01
4.336525323373259244e-01
3.085694091047797016e-01
3.566820445441284404e-01
5.795360989248374839e-01
1.015529049530307759e+00
6.523236895757311693e-01
1.871124556778395731e-01
1.134530502157521825e+00
2.027066265460466810e-01
3.784246787399852541e-01
4.739836070121882239e-01
9.675287239767853265e-02
3.810683113713074777e-01
4.598394023158513533e-01
6.156884918856855293e-01
4.245573343890956530e-01
7.963753635620515192e-01
7.896203285565844832e-02
1.917948399433315743e-01
8.229647850753997185e-01
7.982265817759838233e-01
6.955769884350254673e-01
4.888790902740893785e-01
3.851720908932215193e-01
2.573123553911531997e-02
4.113875051394745297e-01
1.315077899799863281e-01
7.076090285761196252e-01
1.948435335027215665e+00
4.049292292266420401e-01
1.100108485003551850e+00
2.898606309938928649e-01
3.827914847788732033e-01
7.472249291172972097e-01
3.424465336008505334e-01
7.113199142256494412e-01
5.695488759594792283e-01
3.418367144331121987e-01
1.114317757277712567e-01
1.142329661239315508e-01
1.232713579068089038e-01
3.342443002003128161e-01
3.356616497275702882e-01
6.057638544761140276e-01
8.242310867329859514e-01
4.513410090697265731e-01
3.059813281232248716e-01
7.597107938656804116e-01
8.976140110368516778e-01
4.527249318835835923e-01
1.230622454525231779e+00
7.470941392251628788e-01
4.787465770598016146e-01
3.247809702570243484e-01
4.304309991720982054e-01
5.039228522045186009e-01
5.839768528451743101e-01
3.102386512818546271e-01
7.579453092445815887e-01
4.056958068343754498e-01
4.420401991059305091e-01
5.438086020519983244e-01
3.710829944116195711e-01
9.659593740097760506e-01
7.622526421732511714e-01
4.953117376945788686e-01
1.142454069222910595e+00
1.942464484699283900e-01
1.145728756939088933e-01
2.242686831173217044e-01
4.694405180080227780e-01
7.148944592800711151e-01
4.077097325959696539e-01
2.781308985067521555e-01
6.470077760361101493e-01
4.932372713609228243e-01
6.566117383915431871e-01
2.154136463240587385e-01
5.623466752941275182e-01
5.321146936425960039e-01
2.384955812940304509e-01
7.032960784605116755e-01
4.393083191962486311e-01
5.430793150829652527e-01
4.145939382370094628e-01
4.118657074023158726e-01
5.238833080355607130e-01
1.148103437644905744e+00
1.272942543961923967e+00
5.239633306308864036e-01
3.634963040246457222e-01
2.339545252841281064e-01
5.212178171291812490e-01
8.022708321751420568e-01
2.407243519707200352e-01
4.547395240636966096e-01
2.080950593401041382e-01
8.132714364360410508e-01
9.845019944883125207e-02
5.803253571696542767e-01
3.459648292093164268e-01
6.230291072191628254e-01
5.697089462611839572e-01
5.142223781464424492e-01
6.831168346942325664e-01
5.852099857848316322e-01
6.514391858196325602e-01
7.102493529190876398e-01
3.426764488505941730e-01
1.631606464466770490e-01
4.499584604337981131e-01
2.438032798165583603e-01
5.625240725801983199e-01
4.053092653315265026e-01
4.437220238341165190e-01
2.528852274229484998e-01
5.433097723441250304e-01
4.257311649473696225e-01
3.302819609520180055e-01
3.343082348225202560e-01
7.243402563077814271e-01
3.858124114461004561e-01
4.086374263065539747e-01
5.027816992539182461e-01
2.681492097656837936e-01
5.457430709329362806e-01
6.163943124517657912e-01
3.246941828893407100e-01
1.249722847136606196e-01
2.993095940526648291e-01
4.328614093866953172e-01
6.514372338628900971e-01
4.051288244052225207e-01
4.662196474327666151e-01
4.953295272100433633e-01
1.970119846567670585e-01
1.024207111293168548e+00
9.717689080746569896e-01
3.663653911382931949e-01
3.567523594761863870e-01
9.880516720986667334e-01
2.837811990202104284e-01
2.134533002940546820e-01
7.649243011198949560e-01
4.507976617542783782e-01
5.663934553949012685e-01
3.719631265871532477e-01
8.380930812620727144e-01
4.548715804320442313e-01
1.062084637996183745e-01
3.521267177070050436e-01
5.162210591298512785e-01
6.451295482711448814e-01
4.478663500070186321e-01
3.032511922425309425e-01
3.684022327889256987e-01
2.484636109144689464e-01
6.400586957235202545e-01
1.357281629025223757e-01
4.122022442870497128e-01
7.864000808386277797e-01
5.680894992401135379e-01
5.472465824244803212e-01
4.196658106880133965e-01
3.970471328316957371e-01
3.135151753005759323e-01
9.170090520695232117e-01
5.513025868734439117e-01
2.268956083826925707e-01
6.884158039493342152e-01
3.563681038060997897e-01
3.107379545434891810e-01
3.199731746016744593e-01
7.966837211350783488e-01
5.065843935692448952e-01
9.263280002237422872e-01
1.204907087541487565e+00
5.039086067894736898e-01
6.376578230431991789e-01
3.147620049466932635e-01
7.126525768995601862e-01
4.506533665189157989e-01
6.465140576244409187e-01
2.984324265333697102e-01
3.365237505239950244e-01
4.443493312293733122e-01
3.345603510391942370e-01
3.686700144869823337e-01
3.040842092645935080e-01
6.041870120808701117e-01
1.692193361749890490e-01
1.506206467103946289e-01
4.387550059828637661e-01
9.156920145490997642e-01
4.247457986043094436e-01
9.447935811767073089e-01
4.194590963868135014e-01
4.066403378693181914e-01
2.158781695048346549e-01
5.297199529076610514e-01
3.085256472463474009e-01
2.033038659325553665e-01
4.685077003099514248e-01
8.306909638150509201e-01
6.262498335730685151e-01
4.174123731779760260e-01
4.666651661413805940e-01
4.334846586689625192e-01
4.347923892700199522e-01
3.388551091816559002e-01
5.180764844824748971e-01
5.614354685635086772e-01
6.194286917459812525e-01
3.549400229564085851e-01
3.895478840012382427e-01
7.100300681836176908e-01
2.442012622223537766e-01
6.374922474014991236e-01
2.244058238766192814e-01
1.204952079086910155e+00
3.251774363554353342e-01
3.526206133423638311e-01
5.850915328506558488e-01
4.668251969567410176e-01
4.147694464907042966e-01
2.390663305477941369e-01
3.868287410171504792e-01
3.368350756682401692e-01
3.274599787425711006e-01
9.177715413080218543e-01
5.801482968099460624e-01
3.100756822799131673e-01
2.735440550441450847e-01
4.457734509932148592e-01
2.380932252088630463e+00
1.379417061470412209e+00
3.560112377955247376e-01
4.756594524895254028e-01
2.301611234511707904e-01
6.645586710776902883e-01
7.230671180928028852e-01
5.188047102612023398e-01
5.851705080145450655e-01
5.059919734172780847e-01
2.670488546165020738e-01
1.900761871079483800e-01
3.985816826157435599e-01
1.091224933057722168e+00
4.914544090935028531e-01
8.052198955108833545e-01
7.333140836934303186e-01
2.968654215801164731e-01
1.713716642447383309e+00
3.531786301682272589e-01
4.065173285893891042e-01
1.265987612073595781e-01
4.659552338754869849e-01
8.422812426155507071e-01
4.991942653099681881e-01
9.831858285744783377e-01
6.026349792323786314e-01
8.404041934133871239e-01
3.983903676807317717e-01
4.191431898485050711e-01
4.005085941558779727e-01
2.387014199393966696e-01
5.464141365574926024e-01
7.651474777559976737e-01
1.268313381796231765e+00
1.073364619920351259e+00
3.374470969771692364e-01
2.098204355455214887e-01
9.893059186846093755e-01
6.861116512145846169e-01
6.591799494901467993e-01
4.924729293583014478e-01
4.186919863113311990e-01
2.879039451516806070e-01
3.653433365292182988e-01
4.602982300581856534e-01
2.118255859059009205e-01
1.591629596797806134e-01
3.640028382174737009e-01
3.838318435972035703e-01
7.889229282459057080e-01
4.755210968470555688e-01
2.352373558808674936e+00
7.103798696682721570e-01
2.147015100792634690e-01
3.481087788691897278e-01
6.460224192090188167e-01
3.071147736689648355e-01
4.378895660774511644e-01
5.081334114272511027e-01
6.110274373936128711e-01
6.210625191024892189e-01
8.368393963625268828e-02
2.637951763224893886e-01
4.238964968540433476e-01
4.201480920158660037e-01
2.649273026779314089e-01
2.853325291987287016e-01
1.889657237277299506e+00
1.724227357178858278e-01
8.852497634629072909e-01
5.183965522606032161e-01
4.216957204119754499e-01
6.359513830165642867e-01
6.873888383055233309e-01
8.723718899599383625e-02
5.870663940682205872e-01
8.064736879200508080e-01
8.909067204621938796e-01
4.790958384180289964e-01
5.097276820944752762e-01
3.207336450767877545e-01
4.485282451373628909e-01
5.595842116084269735e-01
4.845894749281366432e-01
3.705447098139481588e-01
3.613918854022804550e-01
4.172265143835154344e-01
2.302133072482132337e-01
1.079636911862909665e+00
1.274890887723701072e+00
2.662208706802419722e-01
4.331017057437134832e-01
6.536349713851404841e-01
8.100713150924112593e-01
4.069645618497498285e-01
3.519250726463299950e-01
7.761222234397303910e-02
3.271797594924025776e-01
4.158216932343906935e-02
6.955171491451496157e-01
3.613414316217344324e-01
3.131097333882532641e-01
5.089908666417792826e-01
3.559396278824734638e-01
8.633198242856836568e-01
5.999154266858055529e-01
2.979651500866797309e-01
2.278816101566744079e-01
4.048826813268177061e-01
4.767587043558621507e-01
7.110487990801347413e-01
2.469676516115650866e-01
2.086997290885170275e-01
5.081219736677141663e-01
4.622970210190128215e-01
2.960498530718724819e-01
5.130674608485336075e-01
2.852383411634037413e-01
6.389006031431816446e-01
1.073450760096082535e+00
1.867503083065895353e-01
2.007012777459378228e-01
5.969558940132567715e-01
1.539884004698762465e-01
6.383599948479758979e-01
2.191282978336753506e-01
1.196607427676945196e-01
6.883021349455484272e-02
2.246183288845106651e-01
4.177595782021429893e-01
4.352563799768786601e-01
8.753690675546685895e-01
4.142276719721121880e-01
9.814609068528552527e-01
5.134157509538632702e-01
4.398281014376471676e-01
5.936995648059441022e-01
3.267974953150751261e-01
4.712518075952574215e-01
4.579758849013818578e-01
3.650033263441319065e-01
1.412625711185968580e-01
2.195666030112548572e-01
2.621348852203009838e-01
1.422480780116010424e+00
6.188425171504831068e-01
3.434594729267162472e-01
4.401180093394500004e-01
5.753266023040397581e-01
4.565163680278229719e-01
5.516982425151072400e-01
7.113584932121241877e-01
4.275528245804555150e-01
2.727021057234008117e-01
9.023445288131882736e-01
3.185775879723933834e-01
2.986832353820960129e-01
2.840015334241174361e-01
3.977203243777552855e-01
3.843145788505590299e-01
2.774980893253740089e-01
1.097248755847217566e-01
2.650952200980446483e-01
9.422599181299761151e-01
3.160533078819769415e-01
3.624721571552257382e-01
5.110355262609619365e-01
7.694877537353536079e-01
7.186526118250744499e-01
7.452845229361817481e-01
6.448973372663407977e-01
4.099473716274615875e-01
2.504519413211332424e-01
2.385298110140424421e-01
9.871222550432554588e-01
3.015770831833814447e-01
7.050904567101241582e-01
5.610660474755797544e-01
1.252897003087561634e-01
7.566239442854928443e-01
6.139695593776463012e-01
4.346486466945772009e-01
4.307648054478551702e-01
2.929051637645541661e-01
3.103642757841869049e-01
6.176412046621448937e-01
9.469266280692386628e-01
9.152779794690411030e-01
1.820942723249787398e-01
2.521869413598192278e-01
1.373788197940537525e-01
1.118706058527557529e-01
3.613827491935291958e-01
6.437298785299628845e-01
3.034211683139808047e-01
2.494652781472019576e-01
1.050962934273043103e+00
2.787980609174383062e-01
3.022877323509619019e-01
2.401862463248697899e-01
2.157274848387015498e-01
2.520236127101388446e-01
1.476946601883029064e+00
6.843848919751631676e-01
6.091656586697736797e-01
6.836445145689851177e-01
3.279733267995066370e-01
1.417755463706061314e-01
5.165193695675721619e-01
5.762974949656015644e-01
4.624594518275341737e-01
5.828310505209741699e-01
3.862349511311298222e-01
5.968194412408027727e-01
1.189381865090007456e-01
4.232559726588696614e-01
3.359463824945138066e-01
5.175014680516969445e-01
3.208777042917852484e-01
2.473718784281091765e-01
4.689505487078772794e-01
2.397222960439180095e-01
2.484601069231710813e-01
3.407405696302410747e-01
2.395808409389455218e-01
8.248662152360072275e-01
1.999556264718667653e-01
3.039119751166776684e-01
1.989007163541837153e-01
2.925032101993936817e-01
4.926396085481495879e-01
7.665830875597466620e-02
4.867037528240061306e-01
3.650092028609227546e-01
5.193959034019672849e-01
5.022722864101303308e-01
5.231681100588613242e-01
4.699440202485585250e-01
3.372555686273664421e-01
2.168290503160643645e-01
9.693813368527980368e-01
7.079670854800074187e-01
4.431983420917469663e-01
8.837465461746256690e-01
7.458806291656692178e-01
2.796792026078658289e-01
8.307997472856553101e-01
7.027784093773415952e-01
1.525676196158212705e-01
6.699263713448228019e-01
6.518421555911175780e-01
2.606740444421357661e-01
7.782103843922484332e-01
3.235871292043209224e-01
2.964508529649901303e-01
2.496383572877670098e-01
3.313800676502837161e-01
1.143579033294349068e-01
2.358226321305683659e-01
2.751259842420573087e-01
1.552050020965553383e-02
9.870700821508546774e-01
7.191199272562311950e-01
1.542594323945815915e-01
6.080253899346786950e-01
3.177689456587478589e-01
6.053272639988833692e-01
4.483587446140189225e-01
3.356646700969409536e-01
6.481705514334182849e-01
3.768430647627039609e-01
5.439830552368251498e-02
6.032017265617466428e-01
4.786611103194071681e-01
2.502290145747150252e-01
5.235082046529934141e-01
3.731536432215920018e-01
3.684618405072400127e-01
4.822561415513082483e-01
2.836419526977121408e-01
9.088694915743501523e-01
2.885895774294863214e-01
4.102268673891977246e-01
3.924153133414771677e-01
7.294714768367511759e-01
2.163999806009718474e-01
5.182447290594101030e-01
1.042541333308418361e+00
3.016224764769929179e-01
4.344897494814544125e-01
3.763179624208931595e-01
6.976735110595082556e-01
1.506132601461186715e-01
4.335187580698880022e-02
1.413803160744160625e-01
3.367650918974768315e-01
4.263532961089233075e-01
1.972568697603664101e-01
6.188216180016804513e-01
9.576674955383075727e-02
5.307006634937055933e-01
2.872801980260713539e-01
3.071099273507483796e-01
7.904986368499863358e-01
2.693930479915021547e-01
4.798642095602839719e-01
3.544229692848563373e-01
3.998827780194115222e-01
2.646393365264206321e-01
5.443857261114606327e-01
3.527506195225242891e-01
7.197548171093511860e-01
1.175962272746788218e+00
2.763156963951680090e-01
3.944642372087934223e-01
3.072669297941387212e-01
9.102221551525357945e-01
4.982161366211488862e-01
4.634573220602655752e-01
5.912438947275774348e-01
1.195469350804065356e-01
5.809921413750598340e-01
5.198627015318586508e-01
4.035301106434412977e-01
6.058466098262782484e-01
6.482762265792729739e-01
4.309513605778791945e-01
9.136987791014707927e-01
6.497156113140017952e-01
1.204850865142303773e+00
1.872636674986425942e-01
4.815667841327401222e-01
6.687271474304005148e-01
6.759073374878058482e-01
4.720979839061694716e-01
7.716938382334695978e-01
3.503761783850837253e-01
6.210315209833517924e-01
3.725473775089290784e-01
4.302251538385404861e-01
4.076338069510199169e-01
2.074086148795084572e-01
3.598355086022182459e-01
3.282788555236623163e-01
3.513229064301060522e-01
1.876861563822699586e-01
3.689808341159169780e-01
3.417681268599601641e-01
5.657269526349483213e-01
6.612705831835118397e-01
3.148664302301052986e-01
2.746558760320880199e-01
3.006177139451277069e-01
4.402477491960853917e-01
1.185784844449244355e-02
6.155978114299950343e-01
1.391931596436530583e-01
7.999792465538066999e-01
2.319519437688497832e-01
3.845810945663395430e-01
1.150675341639763261e+00
4.056917388483949338e-01
4.149533376710674015e-01
2.036158437564450641e-01
1.709941084061553651e-01
1.398913648764227580e-01
6.881883316604212597e-01
4.574691156987136798e-01
1.212365038173659343e-01
8.069179760829071624e-01
6.782020347175159447e-01
3.597675557715673822e-01
3.887527004770037209e-01
8.982501571778868099e-01
7.734156598845318697e-01
1.115549688094177760e+00
8.952503904745807706e-01
2.318147311376325681e-01
5.347486882057806978e-01
3.672740500730049540e-01
5.134883379644477053e-01
7.060895975619599918e-01
2.941969345827221138e-01
6.890974584735205521e-01
5.255116971876987453e-01
1.338171357399877692e-01
3.080192438678767131e-01
5.154171295614284887e-01
7.205954533080447533e-01
2.887677035050773000e-01
3.534228956411245570e-01
3.975330255887856157e-01
2.920807124315816239e-01
5.031964598454056192e-01
8.352669260991595346e-01
4.886308139142756524e-01
7.113152553388625288e-01
6.343667348364379066e-01
4.938866081672160235e-01
5.871114387664967404e-01
4.354527837163547077e-01
7.087378503376406957e-01
1.279411200739858645e-01
3.056677683416273994e-01
2.339493328883615331e-01
9.249865597582603849e-01
6.404849222224444638e-01
1.356652070867345516e+00
7.418073459322801488e-01
1.984195374555195457e-01
7.631922210172055188e-01
6.000797233698227373e-01
4.007474779775067608e-01
5.114737745775129740e-01
2.827324557624513734e-01
5.726064084336267568e-01
7.458106210125297064e-01
4.726157204234187614e-01
2.108065212312736636e-01
1.550798655779746238e-01
4.266130275270045291e-01
4.420646770162854344e-01
3.882216149065300104e-01
1.758371907503792242e+00
4.087714239506785030e-01
1.507318184599658051e-01
8.376209684399116284e-01
1.461648191540603214e-01
3.508632646039757663e-01
3.653840078283682735e-01
1.058422916883692722e+00
7.092929125616594943e-01
3.753522590500061873e-01
6.576070018071064061e-01
7.337798628363535469e-01
2.497918761983623781e-01
3.814975436985805768e-01
8.093032644077134685e-02
3.877590036508885563e-01
1.411333609670960554e-01
4.030555949210139488e-01
2.599979722435318275e-01
7.809166259283735201e-01
6.410243508454402384e-02
3.028028132255708993e-01
1.680167429749636065e-01
3.092478711541298830e-01
2.719151547323509499e-01
5.465194860446630498e-01
2.525163308524088213e-01
2.503982280523678883e-01
6.757100576189898344e-01
8.111725033056601530e-01
9.827219364088035647e-02
5.675593529192963782e-01
3.894271821308965542e-01
5.219435044163456272e-01
6.088366040799761958e-01
6.259636822952231450e-01
4.823737240865245690e-01
5.371269847031718836e-01
1.245943275302401620e-01
3.946129165802897965e-01
3.230826778583414938e-01
2.595835464497651124e-01
2.814172734677290455e-01
7.627135491105119236e-01
6.644816286520320858e-01
5.104638786228691272e-01
2.687979051408458941e-01
1.998290666914677993e-01
2.726225690708986016e-01
6.185623589719640991e-01
2.388527141094195227e-01
2.030956151565314893e-01
2.634440410820754197e-01
3.282421513336597485e-01
4.438015996204761615e-01
1.284358329550800981e-01
1.600418780241099626e+00
3.445492560366183454e-01
1.442791306535890217e-01
5.480314783728849060e-01
4.015269833243263475e-01
1.470951324116726910e+00
2.895856338480358727e-01
1.830735548509209165e-01
2.407431181681047860e-01
3.392169580362780490e-01
2.112793947798494720e-01
3.116396070355724746e-01
1.413182414605805570e-01
3.162066419510359272e-01
4.417823793746153971e-01
2.938477428911001610e-01
2.260032078720498605e-01
1.716982850893744028e-01
3.918455633555484319e-01
4.045516820677491632e-01
6.714711820801718689e-01
4.043351520394560805e-01
4.293754672711746490e-01
1.296277473816030146e-01
3.657275662719929876e-01
5.599164884714138424e-01
7.822028501332420891e-01
2.930304110074638535e-01
5.172917943049568645e-01
2.380344712837616505e-01
9.941457936009283347e-02
3.944884963383638032e-01
6.643086765954264727e-01
7.023561665674136201e-01
1.021779624630972272e+00
1.436246854063789824e+00
3.846676344113639234e-01
6.445964084584124842e-01
6.958700205546293205e-01
2.103064727210055274e-01
1.330700354412346353e-01
4.583596291880163709e-01
4.766327457606222562e-01
6.608199671960783839e-01
1.326495127423968634e-01
7.106671853396591132e-01
4.094485686174184624e-01
4.264750914573591789e-01
1.155274186031665762e+00
1.636507604746622269e+00
2.786448888153224002e-01
7.354452043928332294e-01
7.582340861067389248e-01
3.462878627787759345e-01
3.753371462807476022e-01
5.770825721841028599e-01
2.141865679359777203e-02
4.186225171426074532e-01
5.588412186994238251e-01
5.889928922115430510e-01
5.873688176584248577e-01
6.609866288499086640e-01
2.878494756463317317e-01
2.688055668395192832e-01
3.363701275536312707e-01
4.897972793462115337e-01
3.290781992431024428e-01
6.990807236554720527e-02
3.739458590840649688e-01
1.808501776805943040e-01
3.746537277596419524e-01
1.240282520422920642e+00
2.654816644421060801e-01
7.826530994284636167e-01
7.208319804125016272e-01
4.311104004804700573e-01
4.340990744596621154e-01
4.054994425201516317e-01
4.783081956748094776e-01
7.346923662725611814e-01
2.533340225660230538e-01
8.982840388574850343e-02
7.824251387809504354e-01
2.835920209613417842e-01
3.160464694077896874e-01
1.200648470626354269e+00
1.202366699476433931e+00
7.403817841320324833e-01
4.608407869097920773e-01
5.887966218117880457e-01
6.876849467093937296e-01
1.267350435702780664e-01
3.261245350993166037e-01
1.074017625211830307e+00
9.084855056619829394e-01
5.288787597338620028e-01
2.382180131997717054e-01
2.522420978548614023e-01
3.324022387283950830e-01
7.842406369960924772e-01
3.076324649642165898e-01
5.393969658127342193e-01
5.293897024835825249e-01
3.165734766765906372e-01
2.321920706226474895e-01
2.027291025313173178e-01
6.411165577212392386e-02
2.169899072034519594e-01
1.142953228231339047e+00
4.816578146336630839e-01
6.623649616422823128e-01
2.249730320343421297e-01
3.700250565815782489e-01
5.399751224311178932e-01
5.724817527065270140e-01
1.443449317757678207e-01
1.438090329983461868e-01
2.984808447638558349e-01
3.716797377673748404e-01
2.674654112595432620e-01
5.107071135442768917e-01
2.131138703008657875e-01
2.762344645151356137e-01
8.163749116180496479e-02
3.850289896520935895e-01
7.306433865012383899e-01
5.333861610137589082e-01
2.448928222089247209e-01
7.509807429116032162e-01
3.585831554263749221e-01
5.501593779517974792e-01
6.568795057048563146e-01
3.404015541962063240e-01
1.280445366750381009e+00
4.184660420873338033e-02
1.353825838817109550e-01
1.232491941048143302e-01
4.023934647774156104e-01
8.056112414154570356e-01
4.675200217113291146e-01
4.688556625280431156e-01
6.365279553853990802e-01
4.255936383458421846e-01
8.644452515671247061e-02
1.568943487468120512e+00
2.327758807570080024e-01
3.506717647412517791e-01
7.016893974108702192e-01
4.804327028268112199e-01
6.311207483138537855e-01
5.285886347922892359e-01
7.687910523690485998e-02
7.490437453788943989e-01
3.253192944946197152e-01
5.561221526817372585e-01
2.166170787708403822e-01
3.859046688774754319e-01
4.228429938050697889e-01
5.162009162693186326e-01
9.610216502298528640e-01
4.313619167890633821e-01
7.713817618340450266e-02
6.052899436688367191e-02
8.484178745829732415e-01
4.680509315166779816e-01
5.307452611028834477e-01
3.351560603442248487e-01
9.426333038886344773e-02
2.810049560106614996e-01
3.999268442369070531e-01
6.967806148218128048e-02
3.677354062479375463e-01
1.738088565345349557e-01
4.013420423770081569e-01
7.878154108378072618e-01
6.355027640692002544e-01
3.317763897131900674e-01
2.978535965453098511e-01
2.177575355779756694e-01
2.019266285528364402e-01
2.968151313187198381e-01
5.406641267609588741e-01
4.458288428424732053e-01
5.978262530442564060e-01
8.263948991974239267e-01
5.971511832393833208e-01
5.341287663989477963e-01
5.570817525990897634e-01
3.555707342341311028e-01
6.561064102250183661e-01
7.123498631983332663e-01
5.957162866037348792e-01
3.068851445771159092e-01
3.838357881074068167e-01
9.558630981754215883e-01
2.937759325177622394e-01
4.883354609613614894e-01
4.077920429388173784e-01
2.863947888350458215e-01
2.302990481585513172e-01
2.913364141396314055e-01
3.691127020973849482e-01
2.329327286246816175e-01
2.819358157850136437e-01
2.426177775423341287e-01
8.208523583823843506e-01
4.517308107751899504e-01
4.914826951424149937e-01
3.062410380909630914e-01
2.418215129997239032e-01
8.563164487562779925e-02
1.060656897650694014e-01
8.246812210141867272e-01
3.397840235023608102e-01
1.188196455040633204e-01
2.537479019003161529e-01
1.111845789242614346e+00
4.957654824977411612e-01
4.117170773349398405e-01
2.417515875255335234e-01
5.279043124154630950e-01
5.081039559807171146e-01
8.714756184024554653e-01
3.188958464054149067e-01
1.852115852389479289e-01
6.008507520667489832e-01
4.927181609938973139e-01
4.138793680568466082e-01
1.095496874327686748e-01
4.812127006162774667e-01
5.712137227223048619e-01
1.023389176210861978e-01
5.823860130444395988e-01
2.629811678679899734e-01
5.317161675855226477e-01
2.659826592180784544e-01
1.004788033104229150e-01
5.719238238715101952e-01
2.130602182607510553e-01
2.955987816690076597e-01
3.217582704373799785e-01
4.085463837752991711e-01
1.494254286791567299e-01
4.733086026375173949e-01
1.345332057817605342e-01
5.129459821118078633e-01
5.147401658493160337e-01
5.964650348797569945e-01
1.116199628863814297e-01
4.521911302625681861e-01
3.222219062349515051e-01
5.132799301663110159e-01
9.843645432839640552e-01
5.295370747531558120e-01
6.697978818537020373e-01
2.542129288108642693e-01
1.596492105161451125e-01
1.995421939797686062e-01
2.864284967804813786e-01
4.423346610517555066e-01
3.573488961275894105e-01
4.252196361642516242e-01
8.809346741069526976e-01
5.117865136050127051e-01
3.632650315174233979e-01
4.133892660713583966e-01
5.445509259109344580e-01
8.956877970421268653e-01
7.668566328870918269e-01
1.424519945332450577e-01
2.904043832248221491e-01
4.250215301353306163e-01
3.868397723030687629e-01
2.272654578780521073e-01
4.340349186498319578e-01
7.186468449485062804e-01
3.000619161017979430e-01
3.281166750792341436e-01
2.144221891746651565e-01
7.806689780062801010e-01
4.145013316161469397e-01
5.124330186641656848e-01
5.039197162327425650e-01
3.721564958772264342e-01
2.519297498685905690e-01
1.963202249205304728e-01
2.257460893158432236e-01
6.073680197583154472e-01
6.039627969993659473e-01
6.601724335070170424e-01
3.636231670475395528e-01
2.541143782855356803e-01
2.050068645611213547e-01
7.495052480036681897e-02
5.785565619711160457e-01
3.368951002148668494e-01
3.505937102218766865e-01
4.112487357962094636e-01
5.472129021842047081e-01
4.380368836336080429e-01
4.487125699989474303e-01
2.807082220031779651e-01
1.850859787972080894e-01
8.421428756992417330e-01
2.851024819025067547e-01
9.485393156713289864e-02
4.811436494573514966e-01
3.928439676744108766e-01
2.385864298701655672e-01
8.036079545216235909e-01
7.893868270374807539e-01
2.106565818331468110e-01
2.465329436422010467e-01
5.394503926409003336e-01
6.699392620543309640e-01
4.121788558142739506e-02
9.826681758927882093e-01
4.431472767067474727e-01
2.660124007803725821e-01
2.234759487806264044e-01
7.720736502679584889e-01
2.179056388938074573e-01
2.140599794245207077e-01
3.963003605560408982e-01
7.057533378456790629e-01
4.429162723903181664e-01
2.814553919180990960e-01
2.862881910872714375e-01
1.846458773514878804e-01
6.078353166661308871e-01
6.513428106404215434e-01
7.963146182445017818e-01
5.375804241072810186e-01
5.927102484731903154e-01
6.582218221996231078e-01
3.616813705954995406e-01
3.689185174699546321e-01
5.983536928598143234e-01
6.844336858411266267e-01
4.013335177762442085e-01
7.433475456754550237e-01
3.079913581387427879e-01
1.756605130008991322e-01
1.999711568072695955e-01
4.692773158384269672e-01
1.643170654040568834e-01
2.529798600241112139e-01
3.690742127267989670e-01
4.325901763554640955e-01
1.752734116058578817e-01
1.862337888753679560e-01
2.624023311632955324e-01
6.090632612353049646e-01
4.143455512251690287e-01
2.682490667688780528e-01
4.883470729949447309e-01
1.818964836158763476e-01
5.490671634135759760e-01
5.364832360206033268e-01
2.337521491290019404e-01
3.766723730785470070e-01
4.178718222696347073e-01
8.394125631731889081e-01
5.944356907902356157e-01
3.129563753896696943e-01
6.404813840165353156e-01
5.479732654495855781e-01
5.666339335751402473e-01
1.163549438880768561e+00
2.810232481072514887e-01
5.117630918874885859e-01
8.782967244414945363e-01
1.187686824688995779e+00
5.827624787053578004e-01
6.343936750497514154e-01
3.980352455311535476e-01
3.476641629139912704e-01
5.612752688536138956e-01
4.721429535418589785e-01
4.812063721026073604e-01
4.624108526267911023e-01
2.965500231374466056e-01
4.189318519018251918e-01
2.665875564539619269e-01
4.170223778080474342e-02
2.054662065208128496e-01
2.555756974974373041e-01
1.879527655111717377e-01
5.860629742058670599e-01
3.020169555701028852e-01
3.655072028976993348e-01
6.807256933696682888e-02
4.883171973068228255e-01
5.114470061902699483e-01
4.825463638546703682e-01
8.335086483341815899e-01
3.265197579233317104e-01
7.146328552360733388e-01
8.683419240682752616e-01
5.502914403323920789e-01
3.050530555612162575e-01
5.223663582267840111e-01
3.781335153268960969e-01
8.103138250338820514e-01
1.727911124674123278e-01
7.323614107085953950e-01
5.083853515446455917e-01
4.018272086294374934e-01
1.878490486137666116e-01
5.661829828408413423e-01
2.661595629981824418e-01
4.703414564855879498e-01
8.162979019717753193e-01
5.688369416057509342e-01
5.190836545040459216e-01
5.028044238384208331e-01
2.498902738598506867e-01
5.508099853713741556e-01
6.833199898847341913e-01
2.089968406997769756e-01
8.446115692254531071e-01
1.292742487028008203e+00
3.778278588272454552e-01
5.341497890885194000e-01
2.573417875261966858e-01
5.774411564520645079e-01
6.820876663104697979e-01
4.890486282862800405e-01
2.187640754487267525e-01
1.850880521472644258e-01
3.063265052803548216e-01
5.024062540122389287e-01
2.505344408768649944e-01
4.590376032546654161e-01
2.508415269713478238e-02
5.083729807089577557e-01
7.717586099190765214e-01
1.995454048492967258e-01
7.549552366015603866e-01
5.931148957969968327e-01
2.286568001867071154e-01
2.211380503691283972e-01
4.038253855643237911e-01
2.529935378484555186e-01
2.647238856480192970e-01
2.143154057722679862e-01
8.201341416999973211e-01
3.434299236440360725e-01
1.573106548290703621e-01
5.696003187658771338e-01
9.346312345020386936e-02
3.974963400880830999e-01
3.483076512672481639e-01
4.675067321747410909e-01
1.064623133589214232e+00
1.082168009232703954e+00
3.622629766996231515e-01
4.606410081293937919e-01
3.416372419706375507e-01
5.062430557910979623e-01
6.299984630917527806e-01
1.539475004265700164e-01
3.539802520431331034e-01
3.926352173132434120e-01
1.117818395355155703e+00
4.778261641365942891e-01
8.833372952150968238e-02
4.824076410953364036e-01
5.406589664231842285e-01
1.895036433849433544e-01
2.097400341972898707e-01
3.399946993386679939e-01
3.108157758755040190e-01
1.012465281050767496e+00
4.798269535625393489e-01
2.592685396990681429e-02
2.168423975269923309e-01
6.358368762133834728e-01
4.530774298293949176e-01
7.739929891622477909e-01
3.427192427742202230e-01
5.837579689709055941e-01
3.688715673389862393e-01
3.941433384970295384e-01
1.032174252082767252e+00
8.023677859054131334e-01
8.200172406026154936e-01
2.102604705201882584e-01
3.756973740578719023e-01
1.729425285594347883e-01
3.756134158985207638e-01
3.010737168892864760e-02
1.125969301099468689e+00
1.087262923365556411e+00
6.063599337476344164e-01
7.884959604096311026e-01
4.229976439283499867e-01
3.631543604386409108e-01
7.355990324833090455e-01
2.701170612358465561e-01
2.104890933776507045e-01
9.273270113408129678e-01
6.063857755490522639e-01
5.401279115360280159e-01
6.237448822998005182e-01
7.288135759944434078e-01
9.356216111303114480e-02
5.189447798291052516e-01
2.624417112131608998e-01
4.082839480814307587e-01
6.404088700098123921e-01
4.594984633519971218e-01
2.345269849261041872e-01
1.010171225720163379e+00
8.011672563975705819e-01
2.200927066927007014e-01
3.615221597747014792e-01
4.815214553123154384e-01
4.782935951681381859e-01
5.871600125700853212e-01
3.755826620073252076e-01
1.014350660189584197e+00
4.190709503291998317e-01
6.225481334319628024e-01
1.120821867102591574e+00
4.196506829798717364e-01
6.557006140883643308e-01
5.571352557338746792e-01
1.218926669892113485e-01
4.347891583140214289e-01
5.803480836648661212e-01
6.850755589124399858e-01
2.267315895621759558e-01
7.522005645895385451e-01
4.468669092631887274e-01
1.781852096607218494e-01
1.873563334642593461e-02
8.525335926738153436e-02
2.306433475391450050e-01
4.490703148376927745e-01
7.499978966396233515e-01
5.550038859566550631e-01
1.108560713415789323e+00
2.871853534070487601e-01
3.782728900430737951e-01
5.694222378201980739e-01
5.010254197539711907e-01
4.106821225339750137e-01
2.789223759230501920e-01
5.757434924383617592e-01
3.097253429477906939e-01
5.135233121353711683e-01
5.187003861266008542e-01
1.229048007840947837e-01
3.078979369120107279e-01
5.727870183065634224e-01
2.982211651374637729e-01
1.400934948561694815e-01
4.034002469692453130e-01
1.217240533437121269e-01
3.737764358353911631e-01
5.232772586829829153e-01
4.498356051598472183e-01
1.492810765821107388e+00
4.953193971083824088e-01
4.253104239281889631e-01
2.915523107835625849e-01
4.689719463246802000e-01
3.336876336724968750e-01
8.709284889009462072e-01
5.757071721625752758e-01
4.828763135071474921e-01
4.201391142477803320e-01
4.031263109351955753e-01
8.660975950707451299e-01
3.587713729405512808e-01
4.784635776963178655e-01
6.445726662333221002e-01
4.558357056134906826e-01
3.626888390805397266e-01
3.127659039810944397e-01
4.001031349257394565e-01
6.576125970596411463e-01
2.708740757537955735e-01
2.034189746479165839e-01
1.581769422629379918e-01
2.948636209508733064e+00
4.984544776046705428e-01
2.963463022839652461e-01
5.331219929905737231e-01
2.738765851262719986e-01
5.063751666966594955e-01
1.455448683515180863e-01
4.340749494450458768e-01
1.367945729064133364e-01
2.536710412684978211e-01
3.143231349649595607e-01
8.740811391519163198e-01
7.144969190978026630e-01
1.750634345142391690e-01
7.479442736311617823e-01
5.934129126328248072e-01
9.979548629858359110e-01
1.793594616198538605e-01
9.572755721707234544e-01
4.292030329991175508e-01
5.782690410677715498e-01
4.448378531255803847e-01
1.868299943273835362e-01
1.360181971797881917e-01
2.802051031268618653e-01
6.782016250557705295e-01
2.430642185631027297e-01
2.981975416618029007e-01
8.146247653664053789e-01
5.413295116377574434e-01
4.488119948414823757e-01
6.989302734589194488e-01
6.319158839318352872e-01
2.230569385413269379e-01
3.430384800904754394e-01
1.227476678335112648e-01
1.356405383600887971e-01
2.336589930909321045e-01
5.540310340503074027e-01
2.799155470683891145e-01
3.133671426289372230e-01
7.740738890915610515e-01
4.360632951058569517e-01
1.111726288174236243e+00
4.481030422743999542e-01
6.798004904830309281e-01
2.750947835937205821e-01
3.138125609353388801e-01
3.963367990581946887e-01
6.762568778878571552e-01
4.558768474067093623e-01
2.802232990991541106e-01
1.990752098777176071e+00
1.863278259006949655e+00
7.180162925809608909e-01
3.107682533950482662e-01
1.439374582555745130e+00
2.032561796841184876e+00
