4.189985391472751397e-01
2.237934291176799373e-01
4.351363977059322097e-01
3.437480656347269847e-01
4.682979534613261330e-01
6.816100007440640818e-01
6.501317998541873422e-01
4.510929020403853240e-01
1.069226041122226523e-01
5.858574713693807251e-02
3.324597266899673165e-01
3.733515438649494533e-01
9.842770529792080891e-01
1.060293646365266795e+00
1.038765172738601805e+00
7.200707066137683743e-01
1.580231602224986542e-01
1.585961820711471459e-01
6.976682944279086751e-01
1.188988725734057561e-01
2.792523885646417958e-01
9.502625470933999674e-01
8.411848931784324801e-01
1.457480588886205908e+00
8.214346788583818393e-01
4.766505212145512038e-01
2.017099727868311432e-01
3.941620711743024641e-01
4.209798351386394577e-01
1.526664991254823855e-01
7.271128994511943944e-01
9.522220338146371033e-01
2.585497221084716579e-01
4.022644575507990372e-01
4.786633689261368119e-01
5.812833029268501539e-01
3.480382928820837662e-01
6.834752951967740797e-01
1.958865778928235712e-01
3.004779775654090046e-01
9.225700021021672192e-01
2.743920904207694633e+00
1.599092997027196372e-01
2.281470266626166032e-01
4.728958981417945573e-01
3.757255802838916359e-01
9.350543068743387698e-01
1.245762722218412555e-01
4.515853240781318445e-01
7.240358760484584266e-01
7.837836033968993421e-01
3.371718108387493640e-01
2.492643959960794131e-01
2.265257310676283831e-01
3.629223315438973585e-01
5.836910894917826109e-01
4.383655996785772446e-01
2.914162322944922057e-01
1.672245733159218040e-01
4.515746655478701244e-01
1.279190847516917529e-01
7.643450860781234590e-01
5.494105336682723051e-01
5.569177740978868973e-01
1.182680860693879232e+00
3.532323450293020639e-01
6.122630986010022536e-01
1.042765661610629419e-01
7.832788613071345329e-01
9.118584144402553937e-01
2.517705840628407521e-01
3.656505607740155317e-01
4.550093670066317486e-01
6.180201574139163601e-01
8.308258646302101313e-01
3.949705353195523960e-01
4.005853778283750555e-01
1.182040265407885010e-01
1.066424297074018313e+00
5.831626548944398580e-01
8.596139080341608230e-01
5.941301946476499340e-01
5.412818238396840398e-01
4.257303193128096908e-01
5.314704435792846904e-02
3.952569241532281619e-01
1.560078463897723866e-01
1.363532975981594265e-02
1.202849757592633351e-02
6.043544990797369287e-01
1.159777931992146627e+00
8.582926161336329463e-01
9.537736589410800159e-01
2.089882737578190319e-01
3.162464025489984953e-01
7.075373418039128115e-01
5.463919089777958815e-01
8.616111634175240841e-01
1.110212392972100837e+00
7.444867477779856246e-01
2.369633978739218716e-01
5.220223715354208593e-01
5.323558757594464286e-01
9.075606235851964021e-01
6.357448150973606937e-01
1.574397492260829479e+00
2.514287277978565771e-01
3.834962615123823637e-01
1.196685878770952671e+00
8.848300391154415578e-01
4.497182931065081823e-01
2.682940691945543965e-01
8.054641013901249480e-02
2.510944546783082099e-01
1.627144747940859615e+00
3.373235792002626243e-01
9.348876680799309558e-01
4.928106545212020961e-01
1.363950600998058149e-01
4.386496843569028803e-01
6.069837794543001541e-01
2.685696541197917786e-01
1.029618038477236430e+00
4.279929889589541570e-01
6.339003764666770735e-01
5.537279163178689817e-02
5.234634986025912817e-02
2.199534805671609916e-01
3.712884501349659749e-01
1.118991664608139036e+00
5.203037020054034345e-01
1.129713094638020721e+00
4.593646812095957821e-01
1.233893903507777612e+00
2.978738324345995281e-01
3.614871242752173419e-01
2.450122640016224318e-01
4.065598681258541514e-01
2.341882005292290070e-01
1.382890395631901193e+00
3.706259393930188550e-01
2.569979567976302670e-01
3.098126777913212671e-01
5.420590204301859449e-01
1.009944259536642130e+00
5.481244087365596540e-01
1.049552890457262355e-01
7.935652965080115528e-01
9.432231748879986721e-01
4.478636363986716606e-01
2.573645499652025756e-02
9.008734010073536913e-01
3.423916449368307191e-01
3.089966505846800104e-01
9.253501220598430166e-01
1.051756918504957117e+00
5.429469032433356102e-01
4.776127403127100046e-01
4.256842626602112545e-01
1.231292707254641572e+00
3.466546389789918470e-01
4.450576753082945425e-01
4.910149999099198137e-01
2.482672192234769426e-01
4.199551361538708116e-01
2.149051769893381980e-01
7.393106881888283910e-01
6.602999431276859177e-01
3.746126396691338289e-01
7.956825905619540062e-01
2.760900890017820575e-01
9.638060716443757059e-01
3.436921994282649551e-01
6.049077051252627069e-01
4.912453731225164266e-01
2.695129800683124799e-01
9.107102246607697849e-01
1.324261829769399323e+00
1.015960385446562642e-01
5.051153637481543557e-01
2.854304046095673120e-01
1.181112848671934223e+00
6.031589067705874774e-01
4.097413057898409150e-01
2.107469991391617725e+00
2.652296342308285149e-01
3.054228262593411958e-01
1.163813638618732549e-01
9.419811851991179985e-01
6.193495747452000266e-01
4.790080807324803569e-01
6.276420812694094575e-01
3.955897849088765295e-01
6.923262522641744354e-01
1.650552492263194004e+00
2.260933662761728247e-01
5.968028463393717370e-02
7.227192706104208497e-01
2.841050471289255364e-01
1.312801616039857455e+00
1.811659230789386121e-01
8.509281650089657312e-01
7.393048389924136155e-01
7.657811729149852642e-01
6.803652375824492671e-01
1.578302460880479430e+00
3.278235011790054942e-01
6.954966136707206870e-01
1.270866094130186641e-01
2.092777103907962066e-01
5.112592081889265616e-01
2.910584086992688002e-01
8.176885116263854503e-01
6.474808524150321709e-01
1.080120855184872442e+00
1.116838102387175180e+00
3.669681309512482503e-01
5.235295023903840939e-01
2.392622747444190512e-01
8.177108332847057293e-01
6.520095175086804140e-01
3.108069587228678987e-01
6.700168130828682012e-01
2.300806073334562829e-01
3.290515836074796585e-01
4.128276730822671436e-01
4.944323601239159482e-01
5.270883421961516380e-01
8.440402697179331115e-01
4.121404393674783506e-01
1.779930327388852263e+00
1.279100469678766894e+00
4.048642917436211519e-01
1.379056545258016409e-01
9.821702108065980541e-01
2.570076312600095281e-01
6.146015369270404483e-01
7.017163936350419018e-01
7.006790650254369757e-01
1.076904210134744355e+00
3.015601581465311987e-01
3.540809990917540562e-01
1.231922655263931299e+00
7.383104052329546585e-01
1.024523200379625187e+00
1.698228713672743639e-01
1.857648807797877832e-01
6.781409355026436492e-01
5.115880525382874300e-01
3.991370428943052939e-01
5.096996111690307307e-01
3.553967048601504586e-01
2.242872048251853545e-01
9.393402938506020261e-01
7.377215078473797760e-01
1.130225878668066120e+00
6.307739125735517538e-01
5.573203686540835200e-01
1.229242840843778606e-01
2.401284551357721342e-01
8.308721125057286772e-01
2.883700572724816613e-01
5.082753032681792682e-01
1.482644798220646765e+00
1.986226921786902855e+00
9.461280314378563983e-01
9.966035398834975911e-01
1.606411898450780251e+00
1.200607129605680612e+00
5.432218545609216465e-01
6.167472049996386430e-01
7.456883533189347935e-01
4.216919741791540499e-01
4.775529430772123551e-01
1.492168307973538999e-01
5.356633235259992132e-01
6.128766099176370385e-01
1.164268377986343639e+00
8.706054232789466329e-01
5.810578571711620954e-01
5.904495743868356517e-01
5.412871506121199605e-01
5.264512761572240906e-01
5.545290785910327314e-01
2.065765426651059930e-02
1.268310506107750146e-01
3.838207929374149452e-01
2.183579511645324656e-01
2.054912359978778025e-01
6.366894132960907449e-01
1.280095970949898021e+00
5.737284039691481485e-01
8.710288607128292560e-01
4.237919064448099626e-01
2.407805850842257012e-01
5.985653851958080418e-01
5.182625185596443501e-02
5.175710264972875896e-01
2.734375677027561791e-01
6.097417871256123334e-01
3.676771594315183522e-01
3.484598692594129687e-01
7.999595986996753672e-01
1.212454618054288336e+00
2.801461069346162236e-01
6.776117136751705905e-01
6.006832490605443775e-01
1.806061601014127049e+00
1.744625291445973225e+00
2.880882104119823484e-01
5.900813941612373936e-01
4.100177534616503694e-01
6.825339910148984224e-01
4.146175668723492413e-01
3.232303116471891835e-01
6.952136800271052630e-01
8.250242118178630069e-01
5.570222787365224359e-01
1.189659230082805719e+00
8.244694003280989003e-01
4.937440968529705487e-01
4.364788445079047507e-01
5.073464616352149070e-01
4.913013361393161471e-01
3.809717438356598485e-01
7.905992667081868097e-01
6.297560697174424682e-01
1.091545448444711353e+00
9.478468916733214789e-01
2.845280525199647692e-01
4.557793065324654558e-01
2.756669559048672835e-01
2.065193660792749297e-01
6.056585958681712789e-01
3.263967050991178898e-01
2.339160399348814423e-01
2.370306928380116196e-01
3.488051185774853069e-01
4.492975744596348076e-01
3.242517986069737845e-01
9.601020056053986007e-01
7.555257778390096490e-01
3.665926251604725294e-01
4.296914120930840575e+00
1.262131375437742342e+00
6.622338246585210975e-01
5.204173084666088300e-01
6.249801752064602089e-01
3.808837183532508552e-01
1.188461298609661210e+00
4.597593859543434025e-01
4.501335544628234930e-01
2.653302091311470767e-01
7.824388117489158301e-01
1.508248763557066274e+00
3.418497002907385229e-01
4.855480746847069540e-01
6.231446651156382632e-01
6.903218583488115456e-01
5.563877402776138403e-01
1.914529130589792127e-01
3.145024339518160961e-01
1.130807814127132715e+00
2.375703893278145740e-01
1.728674819850507083e+00
1.733410039560973503e+00
5.336226641547214822e-01
8.006724045189914651e-01
2.678309741441357028e-01
5.124810408361909486e-01
1.699640461098471944e-01
1.842910387937789773e-01
3.936491699903192920e-01
5.160564500042700287e-01
7.932245498606941281e-01
4.225621052716357906e-01
3.462123631070223584e-01
1.322674633192143068e+00
2.247543779848618084e-01
1.403203366083758397e-01
6.213202170847238470e-01
7.557352854973625744e-01
9.985185047114967238e-01
7.943954625455277307e-01
8.505707315542159197e-01
1.816472599475757788e+00
7.213839355833410183e-01
4.100545262539542213e-01
1.040198321652023028e-01
1.257168619754697736e-01
2.935708709787576698e-01
4.662620362913437733e-01
9.504635363173448148e-01
8.858962607395108879e-01
3.435026017691082401e-01
1.366627512904148301e-01
3.882655557443373540e-01
2.286515179115751473e-01
2.624973827658449443e-01
2.672856265900467321e-01
4.630220203061004014e-01
1.953775167375358113e-01
2.157758031305937463e-01
5.639957814135152514e-01
1.125648383192264124e+00
2.972781823016159009e-01
3.519545700673237798e-01
1.282946560471173614e+00
5.339054580815842943e-01
1.939752761312138751e-01
6.661376866915101891e-01
5.510886958465639474e-01
3.308823423436437761e-01
3.243284595598188158e-01
3.332461277250463594e-01
1.314780650906350601e-01
6.801400609884139525e-01
3.034098734290424093e-01
2.122139699654166656e-01
1.057196397999649262e+00
5.560918253051824189e-01
5.735188554948497108e-01
6.756339889532201326e-01
1.165727822553923598e+00
8.514709233232086172e-01
4.566106498992755780e-01
8.877020072679638885e-01
7.886680492926164687e-01
9.728691687143393718e-01
5.910832375747219203e-01
3.343554057698922000e-01
6.798444225718409673e-01
2.626869298649782067e-02
5.318444382747702370e-01
2.852191720822722099e-01
2.108299557929972368e-01
5.601741715032250157e-01
3.871628238623002205e-01
6.076264454605312393e-01
1.011382266242247363e+00
1.222357791782519687e+00
4.576105430858218304e-01
6.755442742858057681e-01
1.111296869260558928e+00
3.540853675099897013e-01
2.999339219076004870e-01
3.902483512221395501e-02
6.125801750510058152e-01
2.851143988014839259e-01
3.976195708624954972e-01
4.163848823929111043e-01
1.535330288881047167e-01
3.161646745282360449e-01
5.218155761628389122e-01
3.775860016595510293e-01
2.126758991886805172e-01
6.202151728275813181e-01
2.595453873648853604e-01
8.210585568987568417e-01
3.587166388075645473e-01
3.380352049390812352e-01
1.565815740020080338e-01
1.053887876840783333e+00
5.810388231150469540e-01
1.022307666844013641e+00
1.281516329043900448e+00
9.978795062999853971e-02
3.197433478575838484e-01
2.499018127978370474e-01
5.726737254201921257e-01
6.844594825455421194e-01
4.655771618077953478e-01
4.670150037104355834e-01
7.036320008160646955e-01
3.185366490226531622e-01
7.946815641538470532e-01
1.984361055385536421e+00
1.311578003414342275e+00
2.782761663379142436e-01
8.664913058469801976e-01
6.267996352135396521e-01
5.543581731494511278e-01
7.583072566997012265e-01
2.632739502982407442e-01
5.974795056732697951e-01
2.648773042053704785e-01
1.646897852661094452e-01
7.295559788121802614e-01
7.335466830796557591e-01
3.583095648510778997e-01
4.446166162465540195e-01
2.058232753867938747e-01
8.748909787467162857e-02
1.769960729835557134e-01
1.090789567750665157e-01
2.401427654559182556e-01
2.251076398905091092e-01
1.697552682911580013e-01
1.082099514282028441e+00
1.854439855340096699e+00
3.627757115644360542e-01
4.323169635026739566e-01
4.395237404860936614e-01
3.147691130805549409e-01
5.805483380002756100e-01
6.655432760671863290e-01
6.804215204573725861e-01
9.001610789278950975e-01
4.516020350785814319e-01
9.342356790758003793e-02
6.833411354473779564e-01
7.557420499472780051e-01
4.352186085361497980e-01
2.250396435949676699e-01
2.991393479222466678e-01
1.619785256569166720e-01
3.798417572162813283e-01
9.411318051799901774e-01
1.219238430857059602e-01
7.442497702015704597e-01
7.773658484146368508e-01
7.306164622629298666e-01
5.960583115720938796e-01
6.207677403703810715e-01
5.640713185431768251e-01
4.467923324163550203e-02
2.281949255102494245e+00
4.292796922428659956e-01
6.221964975849091362e-01
3.390242115982639026e-01
3.094266279984201340e-01
6.400358173639985049e-01
1.286834965929524732e-01
4.131675560208166176e-01
5.003744379471619652e-01
8.742149961384776402e-02
6.646141767998299255e-01
3.539875886408778705e-01
1.602554539389158705e+00
3.043488209943526202e-01
7.500929618615813643e-01
8.244995325216555315e-01
1.190998905372743666e+00
6.679858624264859435e-01
6.851589611960007264e-01
5.212276268957082292e-01
6.876815478469413545e-01
4.809718927083684314e-01
1.123590179842992809e+00
3.460582900702205422e-01
1.739396223319405327e-02
6.631298497108384371e-01
2.176574400345633875e-01
7.217540061462720535e-01
8.121599078106199743e-01
7.079766304381819308e-01
6.660178918659135361e-01
1.464998185725310265e+00
3.658790978532292515e-01
6.902407472310634340e-01
8.064731013030480566e-01
4.650278956995607116e-02
6.037053898341766534e-01
2.254819629107973067e-01
1.247655580909215134e+00
5.518075801414807913e-01
6.510252905581632721e-01
2.933363280921312821e-01
3.190424783743989190e-02
4.086009594483733798e-01
6.865739572884527187e-01
6.475996035286025743e-01
9.111515049097070884e-01
2.307760111698688860e-02
7.814761067991040644e-01
4.132702225147843467e-01
2.064429773764408227e-01
1.690501160027664929e+00
4.896045014257488504e-01
4.123074746829043513e-01
8.953327039232971130e-01
6.033783418446273528e-01
3.742203625505765019e-01
1.326158612966975292e-01
2.129992089951642520e-01
2.774071963722860024e-01
9.027002431115453973e-01
5.400606972963377661e-01
1.287843877101834345e+00
5.457733065401476624e-01
6.919090083953832737e-01
6.444353048297306596e-01
7.009880984637790746e-01
3.108985807987993955e-01
4.133870367134833690e-01
7.915821346869722497e-01
4.187721868707887096e-01
6.028771773985683868e-01
7.142170718342232272e-01
1.599030065197112549e+00
4.752557511409300495e-01
4.675471091100520948e-01
3.977925503356083414e-01
4.970763510056506740e-01
4.349005763345234477e-01
1.273099686132266761e+00
1.260135589769008080e+00
1.731539850071201814e+00
5.554696218221596427e-01
6.712376761737331998e-01
4.903396708254210146e-01
2.976139723418321781e-01
5.241079340225097694e-01
6.686991467282581425e-01
4.770128161004475453e-01
1.709558145725398048e-01
2.942589731607140879e-01
4.317557543933469022e-01
9.090975633752171325e-02
7.711835429109085149e-01
4.142801698714101977e-01
9.023799707021726846e-01
6.193401110149966415e-01
8.165275962697363665e-01
1.139005692709307432e-01
5.385551601711403569e-01
5.532945091493901568e-01
2.553188739978465849e-01
2.280121518022618365e-01
5.237713011821965026e-01
6.234247173177736023e-01
9.500985859108754816e-01
5.153241192742509247e-01
1.552842303341360752e-01
3.437193177485534656e-01
2.600772897225246405e-01
4.576461231025670817e-01
2.607970036853658469e-01
1.038297919245317891e+00
4.210340909587939051e-01
3.741529164043978506e-01
1.654154269926693677e-01
2.482305774916624408e-01
1.264100854006776187e+00
2.244432750367273965e-01
1.034818718146072847e+00
7.667172328644341617e-01
8.254983762792663660e-01
4.167817799361589470e-01
6.325643636157242122e-01
7.635555338840841477e-01
1.105046976988816265e+00
6.391583656277899372e-01
1.093456970796309768e+00
7.120916261710333872e-01
1.244916164030768213e+00
7.194432070759962383e-02
4.302562777457126231e-01
1.803874007741249341e-01
2.961216368141298960e-01
2.638380512038271397e-01
3.290279093042505765e-01
8.632568323915223996e-01
1.706814710465601070e+00
2.503628054126540436e-01
5.728782089362886021e-01
5.522042307501461300e-01
6.128013770660327708e-01
2.478044857665802070e+00
1.971364840757578119e+00
7.823677036700004139e-01
7.242702642875330499e-01
7.055173322404160174e-01
3.693056744958754800e-01
3.951130765471621564e-01
3.989307988908868396e-01
1.187549773554200883e+00
4.515745115418630107e-01
7.515133431214733595e-02
8.000013402723510358e-01
1.721885799476834622e+00
2.685229467128344982e-01
2.126283127278678908e-01
2.735169145833943882e-01
4.180171253297392808e-01
6.991799872674840932e-01
7.774669766794425341e-01
6.145706048398332788e-01
3.578328622751529298e-01
3.258296940390980612e-01
2.263978486438115167e-01
2.085207664796953075e-01
2.133983744208403366e-01
4.106034357653050026e-01
3.882067962002335171e-01
4.679449869231652182e-01
6.441537016544667260e-01
1.008875045023724243e-01
3.860984342603944741e-01
2.412182603099967404e-01
2.650883623095843800e-01
3.081112164222200023e-01
8.637428697838325231e-01
9.813359284426050877e-01
1.086334461617814773e+00
2.147655989322241332e+00
5.140948705303198807e-01
1.014169986564015025e+00
5.211941669668114230e-01
2.300193784637307726e-01
6.001994732084291462e-01
6.340590841629502039e-01
4.172502820075228436e-01
7.955199338354421723e-01
3.145617099612045831e-01
7.247061060187108827e-01
5.163262025909298725e-01
6.668499186843304116e-01
2.821051819602511945e-01
6.094207933952334733e-01
1.490611397546499350e-01
5.027133963916561310e-01
1.642243521424691544e+00
2.555564363127906358e+00
9.521735971431776191e-01
8.899058397511538931e-01
7.567620438553538387e-01
5.860666411222322791e-01
2.871738605491143681e-01
4.979231052896878063e-01
7.418077542760996845e-01
3.687717632905048171e-01
6.209904259337505339e-01
7.334526803143405216e-01
6.959976705548553966e-02
2.485132155829798684e-01
4.418470966719814097e-01
5.958205744972530082e-01
5.625447136483934241e-01
2.079180164719517665e-01
5.970009865296832530e-01
7.027263343481996438e-01
5.371938848875852379e-01
2.863666752768197488e-01
2.595350536345853998e-01
7.992775035044005216e-01
2.110521584674845685e-01
3.948397112465364817e-02
2.554196169975000638e-02
4.290833317358380139e-01
1.328665536344481923e+00
2.099430496462144080e-01
9.485101666321710256e-01
8.504751577583679056e-01
4.447487061114570317e-02
1.039065933825868315e+00
1.721245821576113388e-01
5.272323374449219835e-02
5.326590474223468208e-01
6.075367779213149966e-01
7.649167731395970504e-01
7.941135700081889404e-01
1.052253398725870648e+00
6.796156257287726543e-01
1.362291641118388852e-01
5.537962156737710195e-01
1.775929897527815382e-01
2.424482727273995053e+00
2.322261200652114610e+00
6.538382515262023409e-01
1.855416707867427184e-01
2.601454668271291348e-01
1.363704220325067329e+00
3.050484321359837603e-01
4.108457078992801548e-01
8.459655040238932278e-02
7.712010297741780374e-01
6.535593668467306605e-01
1.096997274885977536e+00
5.650313019091677269e-01
4.053967305775134089e-01
2.158230984011027809e-01
3.919132403358103200e-01
2.261170202681035968e-01
2.922015625893449875e-01
1.474436024405286483e-01
2.759133828167553704e-01
3.365142358216004492e-01
8.044213207323379633e-01
1.636169746352632348e+00
1.130582121144516838e+00
2.611531756344345201e-01
4.987323660175587148e-01
1.530918692644571977e-01
4.698238791107138823e-01
4.638486262485672085e-01
7.237879814532154343e-01
3.951909810056942196e-01
2.584542042924629079e-01
2.282981136209430717e-01
8.389824216663903378e-02
1.018691132462257176e-01
1.121440762144972902e+00
1.530370704282127514e+00
5.353420355387614737e-01
7.771628498418041708e-01
2.684730874394139488e-01
5.727906732828963454e-01
4.072475682576914835e-01
3.391853513523748753e-01
1.105291250674861114e+00
3.079282586819172551e-01
8.132523708360839265e-01
5.475437452469642530e-01
7.393192888172019916e-01
3.847314401260943512e-02
1.865093878578678865e-01
6.580640068450871460e-01
1.044699455458554471e+00
3.799441641905999534e-01
3.800850281528609931e-01
1.277779038531856370e+00
1.680324945857282204e+00
7.012748640769429498e-01
6.701526929835188717e-01
4.618823366389440688e-01
5.618991241822536287e-01
2.741120826439310543e-01
4.121584053167943740e-01
1.355050607860537770e+00
2.397591636930967995e-01
5.560713404226955703e-01
1.156685248259688326e+00
7.890037346127648510e-01
4.624272938748910655e-01
3.901560735920225342e-01
6.386704795671522827e-01
4.009117540813349201e-02
5.646448194861203307e-01
7.736672197292890907e-01
1.396115194947552540e+00
1.273944993822552774e-01
4.913404044390639047e-01
2.404394597355579699e-01
5.907588931679420563e-01
1.075260887498717066e+00
3.261438104285748207e-01
3.219205103608345775e-01
3.703931768990025852e-01
2.937623185027373185e-01
1.117927678295121519e+00
3.134067864354027622e-01
1.784019857760283378e-01
2.138559879084335480e-01
1.188398547191136023e+00
8.684039466507272875e-01
4.743933166471893115e-01
4.890107892495360042e-01
4.116591677659772186e-01
5.925126695738442972e-01
8.885785612628956942e-01
2.507838225466628157e-01
1.418159032991371526e-01
7.661253008254473862e-01
6.255401489485559186e-01
6.116142645128318511e-01
2.771355123816801047e-01
8.421079474174026913e-01
3.232415274139485706e-01
2.861267143155275527e-01
3.416796823224328983e-01
4.712111688002231791e-01
2.783996252444927433e-01
6.891747351269867927e-01
7.077035520047619821e-01
1.511525792063739826e-01
3.454535364382095852e-01
3.368688799875924067e-01
6.306346585927846693e-01
5.859684880745873459e-01
2.075629131852502196e-01
5.219573691576552266e-01
3.896110008848553963e-01
2.582593510798655845e-01
3.162820424679013698e-01
8.125121119277689541e-01
4.492098281421211259e-01
7.406225970047247698e-01
8.738036729190199470e-01
5.076113984907376642e-01
3.291867257822334025e-01
5.110104585532289079e-01
5.846463393287332222e-01
4.110940424455705733e-01
6.226996560026472061e-01
3.650665863632781005e-01
1.724318682157763405e+00
1.602258759171136804e+00
5.365593728890305503e-01
3.668247806073779982e-01
3.114118553623956842e-01
5.137042596432280783e-01
1.237990211287286924e+00
5.415423234429179722e-01
4.257400900525429854e-01
1.147706027476848689e+00
1.313604133258081674e+00
4.973916405407179386e-01
3.380659762693708492e-01
6.096408594551756543e-01
1.830881019102067464e-01
4.117859935050476872e-01
3.093955527798344929e-01
5.342136065725522354e-01
6.620120715125824562e-01
3.784640784439902150e-01
6.913961738680289848e-01
2.710116721440172793e-01
4.734911162728556167e-01
3.498818634825400231e-01
7.341197610094482018e-01
5.497369816320444302e-01
1.126602291628882258e+00
4.480832160811880072e-01
3.713074954706586661e-01
1.050406288865837201e+00
3.631125988613173039e-01
5.162392257009070784e-01
6.548501810033725556e-01
4.154982654328780445e-01
2.796810355612019960e-01
2.514249945360735317e-01
6.591668257207239368e-01
6.902412846233393351e-01
3.257074584102718218e-01
1.198636691806472948e-01
5.943141257754951390e-01
3.436273520652646796e-01
2.100172255918946185e-01
4.416417168989308917e-01
4.394346466947964824e-01
3.751487101111597999e-01
2.059963132279876152e-01
3.179391875455772065e-01
5.883502628213344021e-01
4.061921837291692650e-01
4.181971456164116918e-01
2.034230589628054087e-01
9.324297157109144862e-01
3.101229290504319280e-01
1.045674933640373894e+00
1.460977060751667889e+00
2.863680008652010334e-01
2.449461368435041642e-01
5.620484218631202067e-01
9.129885618048854123e-01
1.036517272350994334e+00
1.210439506402611221e+00
2.799723041922787536e-01
3.983015488119379111e-01
8.670902663885273753e-01
4.759391613651481334e-01
6.572118668412536557e-01
6.055623741654224679e-01
5.492165686935003288e-01
3.967224948446568256e-01
1.072210464764960847e+00
8.216761030548401790e-01
2.478951081040522975e-01
6.487852015131541084e-01
2.929267055792591501e-01
5.809376579092770942e-01
5.428315259329751230e-01
2.763336887813697684e-01
6.581069201742698604e-01
4.961133209934804333e-01
7.532180421612294507e-01
5.189805007362023881e-01
1.663271882871491636e+00
6.297294572048064420e-01
2.261334368076176327e-01
6.785956805989332707e-01
9.988956532585597792e-01
5.716097219590068335e-01
5.588474262274558679e-01
1.821295763839022031e-01
3.833469027103036386e-01
8.325036722469346673e-01
3.536328793014084093e-01
1.156013103133244790e+00
4.999119091521657121e-01
3.571786984884499638e-01
7.786465361317823630e-01
6.920090863513590485e-01
1.249896065506538090e+00
6.139888999791691671e-01
9.326504313089145626e-01
3.260296953043640422e-01
5.183515471825468346e-01
5.536615956404588035e-01
1.748602804587920945e-01
2.166134619888471780e-01
3.106057332656776970e-01
3.113941049827900764e-01
4.069622243224924052e-01
7.419790882601650095e-01
5.379904055164422827e-01
2.100388165004435093e-01
2.617995803695192802e-01
6.509635403797012776e-01
5.266871165567880153e-01
1.320657193542521313e+00
2.855758532220982193e-01
2.099156181067284854e-01
6.873583328014573057e-01
5.423544570628577866e-01
5.193618949320064626e-01
1.954764608072562471e+00
2.426450651425940408e-01
2.028057882236898313e-01
3.251106871571480816e-01
4.880347223246142008e-01
1.708580147907657054e-01
4.188547594810734243e-01
4.271566846807915985e-01
4.650452118989533701e-01
1.187906232702312798e-01
4.709235288569161848e-01
1.383564577266550577e-01
8.927435871418997193e-01
2.118275028589830522e-01
3.373915590072615323e-01
3.230856038307773348e-01
4.092681495397180735e-01
2.986398880362690633e-01
6.610444973694229454e-01
2.342643534383345161e-01
9.091156655952251642e-01
2.788600933015170091e-01
2.358675519124443232e-01
4.035843865157137667e-01
1.064165781735381122e+00
6.534572823723794333e-01
5.135293679152698187e-01
7.993115497587899299e-01
6.084890918953612671e-01
3.750091090121984716e-01
1.782095887679011392e+00
1.256739501132041248e+00
6.584416132978889724e-01
6.274071768436085828e-01
9.684971310818116796e-01
5.764704287430555407e-01
4.789470779811230150e-01
8.105656094309248161e-01
5.618373899395877613e-01
2.689610225024779977e-01
5.083600842693226651e-01
1.066263765497067029e+00
7.256508319459138434e-01
9.035604452093792816e-01
6.402316521842814634e-01
1.668341095565350762e-01
3.386053985145706657e-01
8.727713858076649456e-02
1.409475161251160680e+00
1.058933511873823452e+00
5.785986505769894483e-01
1.433625985436772998e+00
3.451990198212416261e-01
1.419790788558001005e+00
1.538655571418904522e+00
1.130916690880211517e+00
3.557019934237902192e-01
4.064153400573319863e-01
4.267826954472465073e-01
3.454581172467077188e-01
4.772003465506047815e-01
4.647516650327426224e-01
2.655331882453281223e-01
3.845487669480457393e-01
1.043619865245829365e-01
2.487994233886668405e-01
8.666691158500254843e-01
8.773329834556498064e-01
5.660701428312198136e-01
3.620375399665065053e-01
5.321823529821032572e-01
2.276531338074995470e-01
7.378324672397810202e-01
3.904305450256121968e-01
2.303687631993212026e-01
3.247253777118055407e-01
3.607717180714992145e-01
3.310930242178887761e-01
1.091140292461191486e+00
8.502191511815710978e-01
2.571323569559768041e-01
1.830598459197869676e-01
5.596065696259583389e-01
6.355081921725196370e-01
1.337864579319164582e+00
3.358486468059136421e-01
6.311687461856289039e-01
1.760231567732707170e+00
4.579549148591846031e-01
3.808993485069032126e-01
6.171850069001095784e-01
4.160863940879556133e-01
6.285487144287723593e-01
5.548821721268587526e-01
5.011158579829142479e-01
6.070261785746330213e-02
8.657756302669669113e-01
2.950002496307412514e+00
2.195664845786124142e-01
6.143696584349556122e-01
7.485154499994027821e-01
1.242274965402597964e+00
9.212212399464763113e-01
7.722512742202951586e-01
3.581968727698459642e-01
5.130034648930029695e-01
5.808165155758011206e-02
5.848969497987984711e-01
2.247724371921194786e-01
4.948132975588583338e-01
5.993240669171917556e-01
7.851102310279381991e-01
4.620074035871569729e-01
1.979234349369639323e-01
7.355737629156480217e-01
3.577285301998799905e-01
6.835941317455116462e-01
3.425678973918779291e-01
5.243609833602469461e-01
2.963135553501810571e-01
7.132080247753943558e-01
1.031824716713453327e+00
7.896096698592486307e-01
3.157206374389064929e-01
8.061292242924238405e-01
8.161435372615700734e-01
6.790608387616940966e-01
2.245187503870800516e-01
6.040225720228011852e-01
6.477839305745846099e-01
7.185973575602782049e-01
1.374899475541846883e+00
2.647685531950787485e-01
1.661027090553561236e-01
5.868077659432152648e-01
6.731035711491295537e-01
3.024068748969907516e-01
2.555902226965832136e-01
2.655853655482006692e-01
7.038040920910623166e-01
6.833685841228607227e-01
7.566298174616402639e-01
9.325034177167926819e-01
2.450011795565083805e-01
4.483151490012907137e-01
5.834061065337082796e-01
3.278906671998512157e-01
8.611640319103889274e-01
3.609260373181984449e-01
1.037206181890079293e+00
9.749161535053422201e-01
3.786070016636399749e-01
2.796552632667406724e-01
3.512257807195376946e-01
4.669893866191514031e-01
6.493921502801639489e-01
3.099811747333074408e-01
3.309211666265665097e-01
8.469414086138020714e-01
2.623931945847602365e-01
4.164374678459797363e-01
1.018675668410313762e-01
2.715466433689159298e-01
3.932343892447129341e-01
6.042366897088307098e-01
9.075537987624655578e-01
1.841628844579298319e-01
1.138262920499292230e+00
2.590469631257259486e-01
3.650988335868983192e-01
1.236926265346325743e-01
6.121973416346533359e-01
4.271657795061498675e-01
8.050262417291489392e-01
2.545285560830689575e-01
1.292090297982155578e+00
8.410696790779264020e-01
2.390079764614246649e+00
1.600926522367379645e-01
5.351427495158075365e-01
3.404198141040293835e-01
1.574081732246786824e+00
5.666414483854717021e-01
8.642250782597087344e-01
6.541224913476245684e-01
6.098488955718350812e-01
9.298981584991182769e-01
2.057408386020264379e-01
4.943265435485010295e-01
3.544795614660392058e-01
2.829893606421616248e-01
5.942674217541674686e-01
2.688390892822433154e-01
3.033667905037472079e-01
8.302568452260979115e-02
7.284245733064365069e-01
6.514256695978192235e-01
4.683554395660548958e-02
3.407359392728999681e-01
1.203894882151468559e+00
1.315629439747763474e+00
1.454316643552179045e+00
1.077230075001843979e+00
3.864806973343428709e-01
2.551528777011084492e-01
7.388513782851036105e-01
3.736883927706465824e-01
2.211995812102189873e-01
1.681537953679487774e-01
1.233663543420917108e+00
5.089481423490088696e-01
1.009076107368214459e-01
1.036569519197683836e-01
4.919012401498130127e-01
3.032747180384546271e-01
1.155546909632111152e+00
1.826894424824600238e-01
7.550496588767626749e-01
4.991625774143734762e-01
8.912883342403321585e-01
3.730689227104744821e-01
2.072079717964207812e-01
8.003287822843341281e-01
6.834499921234667985e-01
2.968091278648711251e-01
7.195495310572428416e-01
1.320491096399860342e-01
2.620989566307859939e-02
6.273186857076608058e-01
4.124408625580305299e-01
3.099129977355050691e-01
7.854822663197473798e-01
1.605286136453964563e+00
1.588465959312873599e+00
3.412067046372563861e-01
5.740089331313725785e-01
2.899343462109422176e-01
6.782031554496131820e-01
8.793882843787975689e-01
8.593515106473801346e-01
6.828007506548097183e-01
7.197497882131297375e-01
4.271270044639157160e-01
1.453246987231648912e+00
2.237548687321312124e-01
8.212941737528695052e-02
6.595191164255034266e-01
5.620277945886889004e-01
5.251520248910499511e-01
5.738183697904348790e-01
7.271116406072835048e-01
3.141055936318229436e-01
8.241900328076328108e-01
2.508768110178750121e-01
3.870421746575065103e-01
2.545989791639072797e-01
7.452456433409663239e-01
3.310371003708282300e-01
3.850184219396088903e-01
7.150363708816724895e-01
5.142072253140690385e-01
3.047112840837812864e-01
7.803843421857731277e-01
4.606299338502376495e-01
2.445936262375650871e-01
6.072440370070626425e-01
7.596267036763310054e-01
7.343133575437592597e-01
8.470957489414841779e-02
5.777435784787262607e-01
8.509037621798520856e-01
6.329990128106864899e-01
4.634261881371888325e-01
8.434362130679516900e-01
6.132588372573140045e-01
4.087452809743329363e-01
4.494178450441788653e-01
4.658629794214574349e-01
4.983641459078452796e-01
5.850393657872099418e-01
3.872297500370536771e-01
1.232177662029998871e-01
1.754417243258342973e-01
1.504573822203605138e+00
1.423192487246401350e-01
5.325724048468173377e-01
6.793947531390425176e-01
1.538110407912893773e+00
3.470396282175348901e+00
7.061809484975144491e-01
4.153201389837617441e-01
1.819848895929811472e-01
1.623522100717133432e+00
1.464617472545602039e+00
3.788008416386073191e-02
1.015294383749630658e+00
6.381835650837462959e-01
5.244869031673131676e-01
3.765389172694888487e-01
6.730357323957275595e-01
6.492324570547901574e-01
1.205719035597708072e-01
1.163372416224550010e+00
4.338606833515430417e-01
1.160567290990272893e+00
1.276904463836510573e+00
7.159806830265388333e-01
6.395456058336631555e-01
7.268904787849674864e-01
5.549247179204855884e-01
6.999974149689700553e-01
4.670322188974241340e-01
3.407998636015232008e-01
2.335698832606817876e-01
2.565159909179829389e-01
4.696130677513599139e-01
4.452947464608941752e-01
2.480372315915798376e-01
4.772180363310447593e-01
3.245494310077356448e-01
1.483694944006656580e-01
7.095738845855725785e-01
6.491974352523948166e-01
1.617917473960662766e-01
6.202410727852420980e-01
1.293512714871877023e+00
2.737471691471265456e-01
2.359817592564595889e-01
5.923007929760444323e-01
7.704188914423683032e-01
5.091870594093039770e-01
9.077833179650834916e-01
7.410099305295663186e-01
3.526140540299212423e-01
2.099705639427691117e-01
3.350787128844411877e-01
2.231081344394678645e-01
7.749858760691801240e-01
7.994982203978724389e-01
1.244339441457287698e+00
1.558692438759944066e-01
7.816176581597173989e-01
4.912889364588725605e-01
4.880634627120558622e-01
7.679364419552954235e-01
4.340709905681721659e-01
8.634964949787704569e-01
5.430880370987376526e-01
1.800037210409342892e-01
6.695964471936601825e-01
9.766810155973154606e-01
3.134166155909424156e-01
3.707402723406260647e-01
1.469508837997797746e-01
9.537498356248328424e-01
1.975836517640959245e-01
5.087446333518667041e-01
4.667175400517247774e-01
1.487620004230890691e-01
9.828227058516030290e-01
1.028873519323135130e-02
2.190677889167831904e-01
8.954818707601233663e-02
5.582670229950938978e-01
2.901338493332617646e-02
2.090753283418511077e-01
8.905625262327918623e-01
1.543174093392582602e+00
9.071321857132709221e-01
3.551745504895141847e-01
9.447514843715604238e-01
2.204432748773928752e-01
2.696135364920604349e-01
2.253809919475567303e-01
4.413515191642308766e-01
2.860528000299088491e-01
8.290646047074039515e-01
8.904982625662716256e-01
3.563481917574596869e-01
2.013052568644576601e-01
5.139744798119274538e-01
5.361292830515791419e-01
1.096456470665668093e+00
5.040177078418198731e-01
2.220297037176118815e-01
5.076970619568408338e-01
1.475343766517221711e-01
6.815454286318489707e-01
6.848108614184060527e-02
9.201707851516550685e-01
8.320862049155273166e-01
4.119247354696726759e-01
4.276789173717995274e-01
1.013298677986868013e+00
2.691190570887858069e-01
2.697653343894149680e-01
1.976372678789734272e-01
1.026705189555400466e+00
3.695300815332936417e-01
2.296637838457336600e-01
7.779141689499984302e-01
9.244931746191806798e-01
5.174242495016703192e-01
2.392999083071758459e-01
5.655543890803982343e-01
4.265413335155263663e-01
3.114530720063267699e-01
1.026928990942141059e-02
5.659224181174139501e-01
5.713575065828986332e-01
4.935886333562830575e-01
1.058959963516258096e+00
1.536086357536758484e+00
8.781413496648226014e-01
9.378392887161096647e-01
2.022178975168339665e+00
2.202210788314191148e-01
2.595568774297644099e-01
2.489375102817387997e-01
6.060391746985348549e-01
3.314290210392366598e-01
2.716498546252503310e+00
1.297338041330366565e+00
1.282303377026581703e+00
2.743227522275070163e-01
1.676981868906249229e+00
1.479930234372060838e+00
1.677778764039779547e-01
4.755558371473092572e-01
9.665213479766850135e-02
5.546912892063274869e-01
2.740385046335919728e-01
3.352806360538757025e-01
2.651151408488169881e-01
3.835070993975891462e-01
8.262855587307188499e-01
4.048279029392229389e-01
2.280657343908860657e+00
1.478746258846172834e+00
5.177575750507938945e-01
2.226097268495365877e-01
3.364464408833724995e-01
8.568856145632858246e-01
7.373899627563106352e-01
7.669834635055703398e-01
8.175805078515857582e-01
6.546357612024510386e-01
6.133472990429702509e-01
3.797005748393721958e-01
6.978619797779206380e-01
4.746326423219215385e-01
1.048146538375370751e+00
5.597176301431144863e-01
9.919294397846003530e-01
7.680898326587846103e-01
5.163173866283071040e-02
1.802291541043458678e-01
9.369700028943791503e-01
6.307812091764277707e-01
2.487797800787645841e-01
9.458411032354721582e-02
5.402323362038776722e-01
8.661136909358621572e-02
8.252871680184112879e-01
6.142295041478550433e-01
6.973334977783719468e-01
1.346747222959772672e-01
6.491630152681006072e-01
6.315296467952433712e-01
4.825337213035880146e-01
7.795282094131787964e-01
5.829031687924923766e-01
1.342611891718868689e-01
4.515227860926241954e-01
1.247068174307263827e-01
4.398695633064921839e-01
9.761257982062874206e-01
1.942424063505207854e-01
3.247560011518119127e-01
2.510729622468946820e-01
4.897298334894324978e-01
8.894737020967823371e-01
7.392299981939624010e-01
6.275013714410571097e-01
2.758771377853495910e+00
7.566561070502403341e-02
1.787449272681345791e+00
3.031303567397632404e-01
2.385178566452020033e-01
4.585598335787147706e-01
4.689297208586953869e-01
5.948298201087105497e-01
4.359764196245567991e-01
6.029082637110430021e-01
8.228619590302463926e-01
1.790911710385372002e+00
1.088106005839844181e+00
7.660664377023961302e-01
4.256686477806698732e-01
7.213203924179248938e-01
1.707511151015600026e+00
1.107382257157848215e+00
3.020577725575340211e-01
5.654619819916123502e-01
1.017814251626002475e+00
6.797517300249740213e-01
4.147023374959880604e-01
4.042525984105782011e-01
6.860609880620515133e-01
4.950279165195914377e-01
8.574122821623102464e-01
4.024443203191492291e-01
7.028631539290027819e-01
7.216310540825374154e-02
1.061581969674830345e-01
2.271902545412077812e-01
4.802048112324757145e-01
1.027672333226322454e+00
2.316718358212729867e-01
7.148059683647708384e-01
3.732312173442935421e-01
7.984693897987512612e-01
3.260917953605217967e-01
4.925754245305543066e-01
8.915830367980200899e-01
3.968256580366610331e-01
1.261038459276708323e+00
7.455214238895131462e-01
2.704850179909413233e-01
4.935893549539327463e-01
3.438333710201595950e-01
6.659920479218622846e-01
3.068683719141034327e-01
8.643465926179426662e-01
7.725602553664082661e-01
1.126154422494794582e+00
2.546499009549342496e+00
2.181206626014469130e+00
9.201623209107141488e-01
3.881067936925057249e-01
1.080677740182349522e+00
1.284291095265129634e+00
1.596071081214377685e+00
1.684769469993354862e+00
8.128651853322382825e-01
3.425406353416394767e-01
4.107432258141293091e-01
4.104642216411877320e-01
1.022011471719653564e+00
4.633859973479828587e-01
6.370532252400282758e-01
3.980137241240381818e-01
7.368610255374191675e-01
5.499463683178518192e-01
3.782301499310768977e-01
1.137835374112645903e+00
4.660740914551751435e-01
3.912776792581030283e-01
1.472238516935279462e-01
8.208743549319711397e-01
7.642179648207995113e-01
6.509330227531940904e-01
5.020018670339458922e-01
6.095131074251018966e-01
2.283190343013125900e-01
1.651643220919011001e-01
1.166390515785339504e-01
6.444231259150962066e-01
4.814517949713697509e-01
4.667688441990637815e-01
1.440442183697085321e+00
4.259667857703958727e-01
4.677304580752074115e-01
5.440223523206938472e-01
2.194924340289479137e-01
1.451267055721995602e-01
1.072194828818002321e+00
1.070234084946819042e+00
7.642839014657542007e-01
8.281257152837784297e-01
7.734770646364833580e-01
4.482884466301365611e-01
6.996632396827004996e-01
1.214350900236336739e-01
4.165541642274173117e-01
5.246689541611780916e-01
1.846494277250484151e-01
6.564434434184394096e-01
2.454949145287884660e-01
7.383277975106887769e-01
3.288408136756980626e-01
5.179456105691863099e-01
1.022879338468078547e+00
7.140540760216845806e-01
6.063513384019620922e-01
4.926835318693926768e-01
1.112790394273211747e-01
4.133781202574275948e-01
5.334015601465516010e-01
9.313938154029255401e-01
5.699358833451394490e-01
3.919999348684813922e-01
1.658944191564533932e-01
1.163896351491859438e+00
6.221984540049604329e-01
6.618258656041744459e-01
2.302737023390221127e-01
2.164915991841395715e-02
1.060025110432416762e+00
4.483261998834795481e-01
5.138245807114986130e-01
8.110005725242682706e-01
5.278055915081029115e-01
7.831301833302490856e-01
5.846333734353984513e-01
6.081695698601080613e-01
4.816626291422340667e-01
6.296623540203589720e-01
9.826274260478188305e-01
2.322756760634825945e-01
8.761418706662819078e-01
6.668213370650963867e-01
5.220015939291694496e-01
1.195013364887951290e+00
6.624521301105059656e-01
9.246124094347212274e-01
1.077840983843419309e+00
9.765798182746628919e-01
5.000545237995229764e-01
4.705747338948265135e-01
2.310318572423354089e-01
5.290502350797852138e-01
7.477397943854304785e-01
2.679920793543838498e-01
7.555448336080801408e-02
6.548062833125384286e-01
4.172295387800584177e-01
2.761245362410185145e-01
3.644144034838395219e-01
2.605894471436856485e-01
2.718226920160842774e-01
4.447843269071448669e-01
6.270923886553652071e-01
2.209471746009492588e-01
8.054409820283344734e-01
3.590388842222323462e-01
5.700153205368787557e-01
5.333922334329110893e-01
1.315468944001593199e+00
1.678785798774034554e-01
5.241574437911562523e-01
5.082519382312284950e-01
5.265713767046693583e-01
1.698036891750095978e-01
6.312842143351448110e-01
7.194656640635359590e-01
9.857164027265290507e-01
9.033829102109494080e-01
9.961110236610767332e-01
1.485438190208849818e-01
6.898537410588203578e-01
5.325736711273713064e-01
2.079253571753945928e-01
1.620234197694240819e-01
7.305245996642998341e-01
5.357517840371470719e-01
4.053391391463129767e-01
3.851817737759088978e-01
4.905186036723866438e-01
5.459709428221950489e-01
3.709770433929637234e-01
4.170885732843979676e-01
3.399565400883266530e-01
9.806879757962724820e-02
2.108247680103140898e+00
3.472679423328888793e-01
7.440765046382695758e-01
4.188941361153395992e-01
1.571416101438461443e-01
1.143779541896953883e-01
5.881078644908368513e-01
1.612718384241118019e-01
4.549743690382574424e-01
7.245449042580962562e-01
5.714905331478123962e-01
6.596440986507734472e-01
3.425597724024795343e-01
7.347140223525967517e-01
3.697075079141627363e-01
3.927671870059113446e-01
6.101135024590707834e-02
1.012248449412503359e-01
6.393343116664620407e-01
4.735214167013373499e-01
2.568558373753715429e-01
5.977523762859179302e-01
7.800465775979082972e-01
5.037681820359213303e-01
9.375930475902221062e-01
2.750605207495745441e-01
5.452979294504280983e-01
1.782757848327581329e-01
5.207865926992142347e-01
4.135070969662723583e-01
1.137693190479664773e+00
1.217840351220958572e+00
5.968746956433833573e-01
1.371020339201522442e-01
3.832373060756074645e-01
8.638340898041457772e-02
3.693574174294591006e-01
6.329786092309386270e-01
1.319746104531936692e-01
5.478366065297358700e-01
4.198886474237757405e-01
1.204004941081402436e+00
3.435019221651789412e-01
5.230377406410346985e-01
5.691930093145722847e-01
1.203887693885929977e-01
2.160153281352809040e-01
2.547091108308728313e-01
4.802603244594566001e-01
1.626284859089835111e+00
1.080330314627471200e+00
5.404464948844811545e-01
2.043137115477213217e-01
1.025388068295731925e+00
2.336093314891391215e-01
5.651895893237971480e-01
6.731474911811333728e-01
3.610599912214506046e-01
4.977363746415646578e-02
4.737159209455196751e-01
1.392771462609824484e-01
9.189863297795797248e-02
6.633329947264865467e-01
5.342603158050401868e-01
3.103416238757895407e+00
9.703280418058056744e-01
7.527392683395820461e-01
9.083115068385426705e-01
5.595758817107552296e-01
5.195227147145581315e-01
7.475455966451438616e-01
6.213511846343618972e-01
1.680998281448537190e-01
2.800716312585687651e-01
1.755354500389139316e+00
3.481651986507076080e-01
4.229987763796832501e-01
1.600803023359277155e+00
8.633572477836018444e-02
1.118362496156416336e-01
3.976600550308995174e-01
2.298315291043523390e-01
3.949122508183059432e-01
6.629654656482014685e-01
2.925066526935277134e-01
2.474869392616035890e-01
5.985702209654851780e-01
4.915976080245277324e-01
2.435191861461605267e-01
3.314111968608443592e-01
2.572553593125872506e-01
3.474063501886406335e-01
8.311157783964426837e-01
5.894908287989290008e-01
8.845819161842981559e-01
6.925721105771857067e-01
6.776351294421034677e-01
6.994178272656249584e-01
5.228360403699940928e-01
7.054836006019064021e-01
4.696446681766197617e-01
9.060548983321196070e-01
5.668701476311220899e-01
3.857813459945309553e-01
8.252562231224798150e-01
7.696135712832378184e-01
3.309803446984206921e-01
1.574962936664534019e-01
3.960209103553862242e+00
3.425064588803408583e+00
3.586294025034094668e-01
9.379934737992362548e-02
3.806055526215503804e-01
7.372930624362857843e-01
1.475324076165623610e-01
2.902428446104570181e-01
8.493624014528940169e-02
5.102825299771701628e-01
1.624835681049231761e-01
1.430002558669213331e+00
2.993650534223409876e-01
3.871119942894584720e-01
1.033455792080723162e-01
4.335188920044901750e-01
7.845653486334190629e-02
1.186216715073230343e+00
4.378384163945544527e-01
3.824451674734418716e-01
2.841130702047998668e-01
1.781385213449918903e-01
5.831600775499842237e-01
1.748520348257290857e-01
4.131658580976370621e-01
2.543215609078952610e-01
3.379406004931581053e-01
1.456397479869811218e-01
4.296312618421350704e-01
1.719684183628781726e+00
5.056933539708418079e-01
2.653990047941723884e-01
4.382173724692822181e-01
3.061196441752885855e-01
8.593456058307093193e-02
8.469664324425457691e-01
9.660702418459241048e-02
3.206577105710365916e-01
3.011740940212998541e-01
3.557208816505048055e-01
7.870891873850849318e-01
1.808504494772197324e+00
1.797366457895965164e+00
8.268574473992990059e-01
9.443272669959977828e-01
1.030122989650621573e-01
8.705915580949759036e-01
7.625357880584138215e-01
1.850985843232489658e-01
4.150011821963698888e-01
1.012180004021296043e+00
3.595420624210660110e-01
1.208578842183961888e-01
6.588048670529675910e-01
9.137068526442344574e-01
7.728467038073968398e-01
4.233815538524056676e-01
2.360998317459789553e-01
2.114903474776481940e-01
4.328046866364907430e-01
5.230946804933738203e-01
5.241506427965754167e-01
6.230447779050495294e-01
8.421181328526997634e-01
4.532292858606100650e-01
1.179983404285137594e+00
4.429319363081657968e-01
1.482448078904854971e-01
2.042881680709736358e-01
6.665135981249197261e-01
7.481176162273311947e-01
2.989025524053602889e-01
1.410434281565337289e-01
7.276436255109143270e-01
2.875200883460623524e-01
2.550354518085215516e-01
7.695614367246409460e-01
6.057449872491954546e-01
7.624530752708543746e-01
4.658282853583673999e-01
5.985066504635906393e-01
8.712746496301344568e-01
4.410642801108561328e-01
4.795584995928427463e-01
1.389152766012656137e+00
9.323458390524714812e-01
9.757867826556538837e-01
4.426854590710874726e-01
4.097810293184466768e-01
1.574004963566435489e-01
4.956775697350934706e-01
5.340310498638960457e-01
4.795953707999773830e-01
3.553573090527684664e-01
4.136380110043577640e-01
1.083576991901316955e+00
1.982065621076913864e-01
1.983346974915042304e-01
5.891159168967872312e-02
3.824348802221049226e-01
2.998809700028907121e-01
3.166306875797831877e-01
4.568264474517559348e-01
1.434436024493580264e-01
2.935865894918479047e-01
3.231490742736295441e-01
3.773309624869234380e-01
6.533318064457849239e-01
5.765998387725842500e-01
5.750623749694068199e-01
4.873779148007317263e-01
2.673251919056874315e-01
2.274288638567709686e-01
1.310274670054124568e-01
2.896650035576182614e-01
1.446992109917178970e-01
7.191208530941811672e-01
8.458045983040242133e-01
1.100808830340011868e+00
1.122373435523223106e+00
4.716181660783053120e-01
5.677282570741856160e-01
3.586199125656454045e-01
4.051600136994468193e-01
9.405703045030661125e-01
1.268568087657037657e-01
4.103853513143764647e-02
7.603296355416735430e-01
1.685877521686495600e-02
1.801611164850937807e-01
5.909158194542479814e-01
9.234731496034327414e-01
5.181527195657711360e-01
3.440286704206866886e-01
5.247268000844480529e-01
2.862105287443876822e-01
4.156595708013312018e-01
3.011249371059989688e-01
6.461381557989211988e-01
6.828095211062515935e-01
2.153352635315125552e-01
5.810139202880190146e-01
5.163767068732019183e-01
3.750914550977482720e-01
1.903913500180512142e-01
1.074077624550014542e+00
3.361161575378739941e-01
9.724960560462216075e-02
1.963133209547935354e-01
7.143108311644594810e-01
7.911134568488871199e-01
8.991590581038854113e-01
4.561657999159012267e-01
3.327587351989662046e-01
9.203609163567506579e-01
7.750889855301051901e-01
5.540247965136295694e-01
1.184566880242015507e+00
8.416963599670029827e-01
9.227863232891094780e-01
1.193318685925994105e+00
1.184705822550794707e+00
8.809024673208472322e-02
4.248207891116931867e-01
4.240621644115252220e-01
8.040183304567583011e-01
2.970386493444948095e-01
1.138456956984818635e+00
5.089616475924724215e-01
6.663433025170111268e-01
3.092713719763175995e-01
4.634209763618256095e-01
6.762778251998793344e-01
3.653561059897455499e-01
1.024597907336789460e+00
1.203795517201641241e-01
1.361010915582706038e-01
3.564715476063358146e-01
3.192446034884958150e-01
1.571953950174225512e-01
9.442114335411930792e-01
9.464674079429459264e-01
3.460031283639630750e-01
5.109096703861744082e-01
7.236857851953953924e-01
3.602039102041667551e-01
8.852011749573269750e-01
6.211354179509048778e-01
5.314811945313935998e-02
3.245086513170297171e-01
4.870299919913175235e-01
6.024200284668319583e-01
7.783692345218459208e-01
4.899615878080986753e-01
4.672876627219804124e-01
6.595018387225963785e-01
4.095933627548472011e-01
3.874362451651576222e-01
7.747077881883981387e-01
2.614073926046296681e-02
4.169780956932779281e-01
1.197265530536585576e+00
5.068907707462407819e-01
4.998294240737400917e-01
5.319955959991766736e-01
8.222996330814955623e-01
4.823769507719262717e-01
1.202440661725191928e+00
7.164173031673982672e-01
5.029022848961022252e-01
4.744483387520711526e-01
7.000413808704006868e-01
4.600258172673180046e-01
4.202717747136178739e-01
3.298495394234151057e-01
1.375057811091268678e-01
3.283043276918056752e-01
6.709861446193626788e-01
8.921413777561624237e-01
2.255879532077827987e-01
4.632207917003820508e-01
1.382616678105765273e-01
3.264775029712659649e+00
2.545563700046375999e-01
2.698645884542979489e-01
6.783138493674341074e-01
1.140682361692791247e+00
2.415721832998381502e-01
2.506335074181038070e-01
9.125996118428845172e-01
1.197898313481904342e+00
5.915230910323466818e-01
2.514947662258224526e-01
8.279348390805174596e-01
6.178734535398880956e-01
2.190097264835733082e-01
2.937554905168934249e-01
3.608374338308044660e-01
2.328584520204968755e-01
7.406827917577042397e-01
4.401267420254902363e-01
4.363455029022669796e-01
5.039108510197473079e-01
7.606541080514236386e-01
3.330907475977259447e-01
1.890825959394354938e-01
5.807935697350894433e-01
3.881810112571408289e-01
1.131199967890350155e+00
5.611795591242410008e-01
2.106800036693532441e-01
5.688081488074809844e-01
2.101734405449025012e-01
5.175539813318381643e-01
6.076778450814834809e-01
9.325240839241729640e-01
3.753779494494224878e-01
2.490480033364852741e-01
8.908997648725309748e-01
3.422658815889878525e-01
4.966154512190402714e-01
2.652776924479030018e-01
1.039560801227244369e+00
4.836695866652450659e-01
7.878239281921209924e-01
8.379636452392041912e-01
7.284545910958264425e-01
1.411681294671300879e-01
4.853865335744615428e-01
6.646216078177030750e-01
2.995215074534623989e-01
3.420588504944691577e-01
2.734721159543578306e-01
3.574362388886530573e-01
4.453110711343817862e-01
7.040145309867741341e-01
1.369776850836259774e+00
4.585791866473040712e-01
1.101485427214228929e+00
1.642625010517339224e+00
3.135280363617127808e-01
1.728559282133542707e+00
8.151056001313998767e-01
4.518252069945277172e-01
1.743213176719067281e-01
5.722777661384945702e-01
1.454961275580041735e-01
2.041598727468520724e-01
8.859291061956905411e-01
1.054386686358292025e+00
9.345914086415598732e-01
5.085255923935281253e-01
4.722084041154633871e-01
8.301981952166416212e-01
2.683438476264622397e-01
8.301401694667618347e-01
1.528727525038765522e+00
4.927683692175597319e-01
4.122897417373341256e-01
5.479370471879974058e-01
5.534613462826323271e-01
1.033438852913876493e+00
1.356843969787805693e-01
4.847260219486339006e-01
2.891230805706107021e-01
2.271099585353987260e-01
1.124581959442492174e+00
2.609688139665305440e-01
8.871792001572926800e-01
5.636528394839868117e-01
3.891410315224264616e-01
2.444451669719787945e-01
1.174141635377158543e+00
6.826254016349103670e-01
2.556272472216941649e-01
2.842061406898650500e-01
5.389010718744836892e-02
2.025304124113720128e-01
9.500580879391712363e-02
8.684001578411255640e-01
2.936599133281648788e-01
5.869083603334201982e-01
1.390777504358344130e+00
2.627458804078346422e-01
2.630438944142564628e-01
4.497112969878502842e-01
1.853324548299897789e-01
1.223773304769250198e-01
4.532456051771485139e-01
6.906086115329194142e-01
8.703927116486028792e-01
2.815660990985425216e-01
3.065119688765880479e-01
4.339906600129482261e-01
6.714294009829009369e-01
2.477407575858738831e-01
6.095365316747091144e-01
2.923299594184638681e-02
1.958740198210578987e+00
1.006410830899501896e+00
9.683395763587823168e-01
4.484451071615249695e-01
2.188107454841916322e-01
3.940475506711265674e-01
6.171765782734800476e-01
2.416079805261769631e-01
6.566320947713533140e-02
9.859159954853548014e-01
6.297284680694987813e-01
7.045416895550467018e-01
7.473273096785818526e-01
7.964066073802754386e-02
3.671774519003367931e-01
9.896437679991617609e-01
1.025287493287210028e+00
1.558361104036061429e+00
1.621831279670266301e+00
2.558048555384277722e-02
7.149387131621066926e-02
4.374463528582909211e-01
2.601971280988026880e-01
3.103319757366896359e-01
3.508765645358784546e-01
4.076987847557804745e-01
9.495206442283159465e-01
4.924586598916127489e-01
7.079302348625076124e-01
1.122324160227341716e+00
1.646154775731787645e-01
4.806285792463402817e-01
1.122308934527389557e+00
8.102926729124071414e-01
6.780800296797503957e-02
4.843188922284317188e-01
5.577444844552288394e-01
1.660721982188766210e+00
7.149645877950898676e-01
1.396473415093172799e+00
5.573676330923585942e-01
4.136343037824802837e-01
5.640650145440631036e-01
5.502286354837804261e-02
2.648012928064693017e-01
2.621223532511445242e-01
8.358804517341884566e-01
1.416419768040716232e+00
9.769861717639498622e-01
4.907734257033629643e-01
6.421150813056984985e-01
1.661313463916494482e-02
5.344323189070541158e-01
2.516507524201154755e-01
8.997585016471172370e-01
3.659672760172762440e-01
3.146458939434136348e-01
3.138760919358546397e-01
3.212920502146143775e-01
5.296421419070396208e-01
4.769630502583570575e-01
1.368638602144971239e+00
9.338005353139965381e-01
4.774865583527336255e-01
5.830017901687416515e-01
8.509829163059556834e-01
5.514707996523260380e-01
1.412900390855580945e-01
1.413398237050424111e+00
8.875298649038321219e-01
1.741495188593993104e+00
1.976906787208631444e+00
1.482688140654904174e+00
4.615231001709445557e-01
5.473294773210273245e-01
7.486851261297922111e-01
1.853908962448005848e+00
1.143759361475293446e+00
3.139848227198638764e+00
2.528792277991314674e-01
9.315255042598644675e-01
1.088147126809483334e-01
7.049807165450067137e-02
1.628364655285618356e+00
1.894817523715724983e+00
4.290799572926944361e-01
3.999009938420098331e-01
3.811242289602340128e-01
1.241470170739323420e+00
7.222708400416181229e-01
1.035814414545588730e-01
5.525184793249883208e-01
9.224382735394035526e-01
9.858612767117047593e-01
6.639781577228346388e-01
1.677510471735608411e+00
4.652774175427867864e-01
5.843417032276497780e-01
8.341622631095804152e-01
5.925034976804840481e-01
3.019866704267115676e-01
4.034958444878672945e-01
2.859751976217805303e-01
6.468395083701669046e-01
1.553794145550626282e-01
1.774837551277667624e-01
1.129583827194242801e-01
1.062730045538950563e+00
1.486725972647455540e+00
2.389254847994222608e+00
2.766224923310401373e-01
5.671685923897549220e-01
3.773377697087297866e-01
1.451520677692799688e-01
1.657579174548784451e-01
1.240049199242828193e+00
6.899198361922570522e-01
2.039018589537917314e-01
7.848196092078554287e-01
9.646026667417937350e-01
6.844421440828334369e-01
5.736558460028208239e-01
5.650790163305411395e-01
8.454203808773709250e-01
3.483773784818572361e-01
3.771925723425755272e-01
5.178519837408680493e-01
6.450104417005519952e-01
9.384514472583078692e-01
6.966591021519323856e-01
6.393256002091992629e-01
1.193155455501300199e+00
5.070889666287023978e-01
3.854772213241892675e-01
6.830061276294755457e-01
4.974214438057004140e-01
1.850961221186428751e-01
3.169540855026946047e-01
2.001563760803951375e+00
1.634953933412844007e+00
4.447471905237480594e-01
6.038703295459197928e-01
9.015400468498993014e-01
1.296985359206681010e-01
9.424533620419370816e-01
3.190928346758749590e-01
4.327316996010848182e-01
8.995150101127795672e-01
2.853918055532178033e-01
2.023553289517651399e-01
4.551001220183550355e-01
7.084184774691270059e-01
3.885372827360538683e-01
8.542972741720213925e-01
1.116562495881661565e+00
8.901642641603318973e-01
4.169759810293518498e-01
9.741883913838619291e-01
7.160095497513995211e-01
1.527214895373403825e-01
5.024546912426004486e-01
8.900801341254831467e-01
4.941758176553328608e-01
7.637865889006091313e-01
9.203685167197266093e-02
2.092013775544521448e-01
3.318361516570641490e-01
4.063682051710967302e-01
9.641613550111978181e-01
1.752626613898299879e-01
3.353815304754762527e-01
2.173996673911137156e-01
4.400325825320093309e-01
6.700689334754830195e-01
3.909212751781967476e-01
6.134180154717804312e-01
2.807566774422664002e-01
7.561272255385229624e-01
1.090317934433793212e+00
6.351967222038892302e-01
3.059018644727415914e-01
2.872363981870481031e-01
7.037872288508354446e-01
5.057469677064262426e-01
6.177052389140667010e-01
9.847225428497292654e-01
1.069289575441901285e-01
5.458482727342963692e-01
4.811835540151531698e-01
1.056831373032403043e+00
8.085233002093349386e-01
1.758846082256414201e-01
2.697775804219677553e-01
9.280394374598970320e-01
2.715840957419831669e-01
5.790346277496125627e-01
5.007194225329368864e-01
9.798262661212835400e-01
2.358028528948888369e-01
7.549957202600036943e-02
2.871361881159280594e-01
1.360219532039368850e+00
2.833130480254977268e-01
5.858147526674479799e-01
6.378863843468456363e-01
3.661183000894028816e-01
9.212269689927962135e-01
2.500582988050458200e-01
1.502783066326197348e-01
4.477731396144912224e-01
1.539713849728110706e-01
4.399871781495945933e-01
4.561721494880919270e-01
5.415572323009952838e-01
1.366533907102895906e+00
3.419853006520705563e-01
6.198179462951365348e-01
1.436450935917951144e-01
3.206015667571858185e-01
1.718475476826250292e-01
2.288535293325292819e-01
3.275464019528762649e-01
4.677843554119630043e-01
3.682650593967848329e-01
5.921432885591941808e-01
1.871619187297962617e-01
3.571773293245475989e-01
4.042342746728165848e-01
7.809969128994823651e-01
3.732176273104317321e-01
3.495435696183308849e-01
9.534967561401637426e-02
7.702144017889168692e-01
5.751633757552295778e-01
1.626808937655688458e+00
7.194949027024648558e-01
4.204366694804816396e-01
9.533763635070273690e-01
4.837208418817025568e-01
6.860695211251339742e-01
9.183668851877879735e-01
1.049951472969893107e+00
2.394520830389567922e-01
7.186117343589224493e-01
4.964453967536499590e-01
5.801102053430821082e-01
5.105565511395734335e-01
1.441018119703854516e+00
7.540554967056858349e-01
5.268203699284587094e-01
6.038312720655588661e-01
8.320796487138635289e-01
7.096122330378654697e-01
5.650700767143465031e-01
3.052153446443385265e-01
1.443183127464578774e+00
4.146947147532608624e-01
2.258453653940951655e-01
4.759810698172758925e-01
2.186204184137146844e-01
1.361854305053418479e-01
7.738817965205536664e-01
6.253708673404320129e-01
2.903560075347284553e-01
2.733230627965778092e-01
6.035797328439236609e-02
4.587757367285258403e-01
4.441745362259740260e-01
1.009256052146717542e+00
2.090618051901059538e+00
2.300122752956154315e+00
4.585392929683087537e-01
1.395681183495206312e+00
6.306733783145794803e-01
1.192932536322877990e+00
2.256661647111148916e-01
1.534819763986619290e-01
9.951947936813354545e-01
6.555723999585506556e-01
1.672313363155113752e-01
5.614918957698574742e-01
9.332614087657268298e-01
5.300392772165540833e-01
5.554656849016196274e-01
1.301014425280702380e-01
5.826150547816688618e-01
1.554722313713170767e-01
7.695357220175988999e-01
1.001367252265698449e+00
4.106464832661939623e-01
2.840174259688151848e-01
2.864051525283747290e-01
6.502059717540884520e-01
2.199882419278675338e-01
1.777398429532555668e-01
3.622416734300198393e-01
3.236709383867847900e-01
1.216624883753669450e-01
1.585189649453919714e-01
1.027273271863568205e+00
9.985286322781773416e-01
1.054809806449022558e+00
4.341649684650241703e-01
4.300105165866967560e-01
1.304818631304338616e-01
2.800604547223665697e-01
1.138987311924410273e+00
2.328233801698861016e-01
4.796362795159995196e-01
2.642109478650372933e-01
7.559145563815319324e-01
7.144110743366028915e-01
1.040831171165823354e+00
8.475025904192485804e-01
5.024064948697273270e-01
5.944156318362439073e-01
3.626899121109183888e-02
9.187514505887161009e-01
1.736153860299289420e+00
1.075843031311340958e+00
3.975801450922589186e-01
2.804096296815505526e-02
3.081829215336189254e-01
6.416112884989680909e-01
2.593431493230122231e-01
7.049793052568401608e-01
4.829093399278255871e-01
4.731174609018587440e-01
4.077251643489350763e-01
6.555340960585579468e-01
5.252874138194643105e-01
2.128718988799916112e-01
1.253967619536647538e-01
3.206961216491501232e-01
2.641999923661044192e-01
4.786077322999544581e-01
1.799242181901724857e-01
7.176168061704686629e-02
2.941262997101014576e-01
1.148160212384415013e+00
1.032882096079575485e+00
4.687515209041451802e-01
3.279881984777082704e-01
1.027293177031121107e+00
3.340480344107127353e-01
1.002053348148695955e-01
3.062545167637874544e-01
6.078369134214233194e-01
4.187731750128014241e-01
1.355820548456510677e+00
5.107036344341491230e-01
1.751456485144247344e+00
1.057526545402803775e+00
6.544643203478307802e-02
7.292210851687989104e-01
2.344392836903891553e+00
2.739577676809146212e-01
3.083904789766482857e-01
5.536582320938097102e-01
4.953770105678763636e-01
2.338745706835183569e-01
5.949036646413131679e-01
4.788288658073060478e-01
8.129959077012886004e-01
7.916843408123424020e-01
2.832160620306481968e-01
1.833511514104218254e-01
4.680660370796242975e-01
7.200867831938546626e-01
6.507002748807912962e-01
4.197629276860503911e-01
4.858811284228608529e-01
6.240098529735574884e-01
6.501597793703173256e-01
1.411648525490671602e-01
4.687209051276166050e-01
6.633857170263277592e-01
6.438922749852049598e-01
6.866721166425546752e-01
3.790528519988904943e-01
5.030519214233245551e-01
4.547980543483486904e-01
6.707068130590397581e-02
1.055707860066987136e+00
2.387585086521347155e-01
1.484087040345940522e+00
2.213049502935186263e-01
4.085453472533990271e-01
4.828428446904374227e-01
5.110971944915290166e-01
5.309532753089062362e-01
2.561912074375803927e-01
7.726435281045397341e-01
8.836511751333506748e-01
2.295728421495183691e-01
2.911687781585825530e-01
5.084136524330014062e-01
4.192287845763842946e-01
4.348319985359922479e-01
1.389722866391530365e-01
6.177268303092808832e-01
6.963228789459949830e-01
6.520109526735951011e-01
4.200060880332548430e-01
6.791344037424884572e-01
2.686559987449248510e-01
5.329579852991757072e-01
5.883724439931679040e-01
8.078642280679180221e-01
1.252802597957595854e+00
1.229705616523240508e+00
4.891878439158855452e-01
8.688113474216716536e-01
5.958938516919028983e-01
1.072962551036282658e-01
9.199515264261832748e-01
5.826231356007818274e-01
4.015975811810576501e-01
1.016737144631832290e+00
6.175193281961711689e-01
8.917579522271517067e-01
2.565637883649865558e-01
3.003753837601340626e-01
7.915031092715887340e-01
4.185102568922283162e-01
3.154231890088927126e-01
6.382873246715258242e-01
3.471220231762232045e-01
2.562762150684627094e-01
3.641247872166205046e-01
7.926294403671738653e-01
6.728533313621247458e-02
1.407277510574199253e+00
2.855579404612882399e-01
7.651402222374026341e-01
4.987311450101913346e-01
8.381000528509645608e-01
2.817467997964281934e-01
4.964754418814985581e-01
4.196483219313852930e-01
6.870471399396409495e-01
4.303361679694403530e-01
5.419806484821813042e-01
2.178478887774246697e-01
2.763992073943152827e-01
5.791572774570528104e-01
3.045975900055482577e-01
9.436640072152751024e-01
2.223680416369307744e-01
2.827226245652425529e-01
7.644379380790842227e-01
9.129524395853807484e-01
4.260681831058005242e-01
2.416759170820770575e-01
7.338651136364949812e-01
5.605436744493214052e-01
3.640484803980277850e-01
9.187222660589405843e-01
5.779562943903853167e-01
1.284324008686824392e+00
2.808496536870344618e-01
2.973672808016565861e-01
4.722719455545654199e-01
1.278847432203198853e+00
8.980057273053091427e-01
8.579711561588252433e-01
2.511411495546512773e-01
5.049102072930944374e-01
6.183604858348109579e-01
8.335651667119926556e-01
7.400565147834069490e-01
3.045546299937135770e-01
8.940069371499858031e-01
5.994694080120618329e-01
3.633852110222950960e-01
4.960063735297495224e-01
4.804910898857544521e-01
3.790881466648653997e-01
5.173020422313067135e-01
8.190226787470333836e-01
1.180205112175507082e-01
1.870106564810965766e-01
1.672190425414413206e-01
4.410539724278443319e-01
5.743056526146946839e-01
3.907008571246973205e-01
1.042695436160224975e+00
8.266468203501239342e-01
5.990856974847095229e-01
3.155180320049439935e-01
1.054488152848331639e+00
4.141553931238507458e-01
6.659498342421397155e-01
7.600232029068626494e-01
6.004636041235915656e-01
6.240018643579028357e-01
8.430624032924360911e-01
8.073539179959685619e-01
2.260952237455703673e-01
6.123697735140769538e-01
3.386338399148535183e-01
1.681909352106165934e-01
5.008028763210407019e-01
4.457742537521855453e-01
7.157632384253934665e-01
1.334297846165383827e+00
2.549160882782214657e-02
2.504622809194684829e-01
5.019626119229926298e-01
3.003792652133222552e-01
4.040067530966006681e-01
2.164495299631469805e-01
5.980810002478533782e-01
4.614438442073772184e-01
1.536972348998911775e+00
1.744092108873056546e+00
5.985806288075397052e-01
5.772982800668516878e-01
4.247546985716249002e-01
5.682734621956282428e-01
4.830814758391554498e-01
1.060375842989581985e+00
7.518830206270731287e-01
9.058986431847810827e-01
5.317158955563709988e-01
4.217073180703564961e-01
8.244245678895447682e-01
8.396523775201096829e-01
4.116732210337646358e-01
4.080134590627194635e-01
1.000667843858685790e+00
3.283695129064113094e-01
8.333046542944413382e-01
6.680318734551458082e-01
7.330348605622467595e-01
3.661485179794252143e-01
7.698875491251950809e-01
4.706902840012063827e-01
3.718472622801893279e-01
