1.806526438855052419e+01
1.224141156637197980e+01
1.271447911935706543e+01
1.395976749267919104e+01
2.096620069636220762e+01
5.908936631503550529e+00
1.824232213234819255e+01
7.244882279654575541e+00
2.227856190231875644e+01
7.088746097969846005e+00
2.185589979816073480e+01
1.083200028195992104e+01
1.230208655335239598e+01
4.984479697843724466e+00
1.295759282662028511e+01
1.052074572686147746e+01
1.306451368121739165e+01
1.080210028466687788e+01
1.736690818177167728e+01
1.828986355344318326e+01
2.454870222893291043e+01
1.789410126219985386e+01
8.523228407646300298e+00
3.536945202483309458e+00
1.174187199844969598e+01
1.312333926751288971e+01
-7.711092393419818336e+00
2.257111149031516817e+01
8.281345489584069242e+00
1.786048784795362820e+01
1.284843238606353566e+01
7.519849798518023931e+00
2.307627753716863594e+01
2.557444219266614027e+01
3.193688224378576024e+00
1.234889482965498075e+01
1.504461558114221020e+01
1.666345694284260048e+00
4.626810694889314846e+00
1.306917251977000660e+01
9.571497768442952747e+00
1.216731096564009817e+01
1.588327055025635559e+01
8.038491041626443234e+00
1.218207280374342361e+01
-1.172121757579607504e+01
1.931520387667906391e+01
1.730333420934260857e+01
5.703749788918784702e+00
1.674683968429719982e+01
2.816332239195162401e+00
1.752467030727306962e+01
1.862266336573984660e+01
2.636335349260492933e+01
2.819966538566416148e+01
1.025516619038614863e+01
9.021196915868756605e-01
2.607661194116411707e+01
2.545733613912788940e+01
8.495279867782400629e+00
8.290002515691483609e+00
9.125376977318609306e+00
2.137183910463585335e+01
1.065787924165599065e+01
2.013043758945074302e+01
1.898966447490581544e+01
-4.626023125563989424e-01
1.704581979216519017e+01
1.726480147041365854e+01
2.969115654706656926e+01
7.391239081685839096e+00
1.486828146844963783e+01
1.319893489155906252e+01
2.799056692150091408e+01
1.443762441374610717e+01
8.602123805186522532e+00
8.165339386975475122e+00
1.818471981581080854e+01
1.776770498001042142e+01
1.741524878045574809e+01
1.562480517750476849e+01
-1.940488358830009474e+00
-5.638745859869885635e+00
1.821802402945900212e+01
1.793169726580286749e+01
1.175834192663145927e+00
1.399906892143791026e+01
1.261801018857782708e+01
1.633134747970581202e+01
8.661102303290661553e+00
1.235443470535507515e+01
3.826454257890063104e+00
8.289089236323789578e+00
8.993501123081230730e+00
2.197202751164952872e+01
2.052336872849791405e+01
1.817512992446281572e+01
7.296687709187168025e+00
1.779575196105741952e+01
1.593911797815624709e+01
7.909440209514656317e+00
2.313697971811379261e+00
2.383025256384009793e+01
2.224244015828249132e+01
2.716837276169613347e+00
1.154879890832198441e+01
1.359353587278570785e+01
1.115099807520164177e+01
5.526244943864000447e+00
1.414369546150609835e+01
5.500087034771297567e+00
-1.998422147873824883e+00
8.337758613986636647e+00
2.245276013559069384e+01
9.394284452617355896e+00
1.888980739942316234e+01
1.043905762153185890e+01
1.416470609622238896e+01
9.635761210869041804e+00
9.093277015911780836e+00
5.879628037417461428e-01
2.828683245377206390e+01
8.738224779434048628e+00
2.502997941876160581e+01
4.761135521061845566e-01
1.061320170021271281e+01
1.777858315856927618e+01
2.604791562779844583e+01
7.297896460335792312e+00
1.458355624176842014e+01
5.958893990195818446e+00
2.508217707950997521e+01
1.443003110337144790e+01
1.851467759234486721e+01
2.316817180068521509e+01
2.388884792695473891e+01
2.511404306369833250e+01
1.245500497510670357e+01
7.834644738939672948e+00
1.554484275829285878e+01
3.500477131361861893e+00
1.324542145247292524e+01
2.391829669801225577e+00
3.711689431429078923e+00
1.754252848233854678e+01
2.279195904588010535e+01
5.038604784248036594e+00
1.463316323876421166e+01
1.574290219513578393e+01
1.554523809822657654e+01
8.269160013665938891e+00
1.160777524697712693e+01
2.456622823554621959e+01
6.542872001721107722e+00
7.805358254013611941e+00
9.119707576806121097e+00
6.023101059667240520e+00
9.642924425504844521e+00
6.230389102325020190e+00
2.148073925372840165e+01
2.858047061646541209e+01
1.903330398494018993e+01
1.432217089167629354e+01
4.810963142091452482e+00
1.677566536971939115e+01
7.555080442729618539e+00
9.674305481757585312e+00
9.022908853738442758e-01
1.642214490605414312e+01
2.086209227234410690e+01
8.596987440251695034e+00
3.031356395016436522e+01
1.703527817466846273e+01
1.007069493135230687e+01
1.324831543710446624e+01
1.385363457593922476e+01
3.080150346025970975e+01
1.542907609636374389e+01
-1.581193329028826611e+01
1.340720835964110336e+01
1.265157348805196591e+01
6.761171557083244466e+00
1.347766334702703261e+01
1.150860470981169215e+01
1.588704902520798612e+01
5.550440599461680335e+00
2.125615451766747555e+01
2.179360785212027452e+01
1.649543602945929877e+01
3.841763724475455888e+00
2.023993254745973758e+01
5.685614243023209724e+00
2.233487120920739244e+01
5.665437037372868190e+00
1.341721638479917544e+01
1.838841223147142045e+00
1.132055025426825523e+01
6.643267826000794685e+00
1.731426740889922655e+01
1.880829915723345636e+01
2.338020914514913784e+01
1.370372551521447235e+01
4.959210472725274599e+00
2.431492934545561013e+01
2.259490477206695402e+01
2.462059745895179930e+01
3.025212407534027648e+00
1.589157098017928149e+01
4.726118847366464593e+00
1.154335847281414829e+01
2.083866388294578087e+01
6.611009099747164441e+00
1.702854020909669686e+01
3.106751321157328505e+01
1.116725582329988242e+01
4.521793406668294324e+00
2.142908240235982475e+00
1.458209887871048238e+01
1.124360357581785763e+01
6.500885104513443480e+00
2.239894695271301828e+01
1.746997636737195592e+01
2.306328693160887866e+01
1.675955269596656194e+01
1.221794301848196085e+01
2.691142792196203004e+00
1.879397133349118576e+01
1.696810481392057568e+01
1.030406913303420424e+01
2.464777634559823127e+00
1.119683015144987337e+01
1.210484980847110137e+01
5.371516630562368277e+00
3.012417338694335456e+01
1.169138756329417106e+01
1.963707286791105844e+01
2.841652016100836420e+01
5.608604468828715994e+00
1.327939918820896992e+01
1.562631281416159368e+01
3.563960751709259966e+00
1.072113104714254916e+01
1.008591323304077036e+01
5.484700135975785429e+00
2.031122756065308721e+01
1.400188746310999477e+01
7.521498918233831432e+00
2.229284472667482930e+01
1.058068955651458509e+01
6.486449739574652540e+00
1.097793881848804176e+01
-8.157639414130912314e+00
1.538675599455700649e+00
1.044958086774224171e+01
1.255150859916554396e+01
3.798862595983521828e+00
1.533300698127747808e+01
1.701116752428461609e+00
1.375495983308015013e+01
8.804943011425393706e+00
8.147725951061019600e+00
2.180213464785977351e+01
9.917853126422244259e+00
-3.606794553405734405e-02
2.411060538978782120e+01
1.719308162834589382e+01
1.631752696179923134e+01
-1.024428877377332014e+00
1.541456860630981396e+01
2.265942230958228265e+01
2.606386682717725023e+01
1.650261776726303964e+01
2.406230062972699812e+01
1.636792710037002507e+01
1.717036103255713897e+01
1.253767860314856364e+01
1.969894296200848061e+01
1.598214834037088394e+01
2.842667035846075407e+01
1.084333196352844197e+01
1.393815718714206753e+01
8.278257920751983079e+00
1.914411655258724920e+01
8.521893022913886284e+00
2.509482973220160318e+01
3.110964363629824447e+01
1.823215665633151161e+01
1.963909046926502100e+01
2.674605447012395132e+01
8.937992726368520380e+00
8.973771088751576031e+00
9.853587753008056893e+00
1.206707430977530748e+00
1.209010522039160662e+01
1.632641350527883617e+01
2.163937797414531872e+01
2.608092305050449511e+01
9.853572808948470652e+00
1.498398485499035360e+01
1.213666452672151763e+01
1.159605599496529749e+01
1.782417966587335911e+01
5.813342625608427738e+00
2.090190468421066328e+01
1.953541181952287076e+01
1.244709859439905131e+01
1.137162618464033415e+01
9.978706687647729723e+00
2.020283637813808753e+01
1.540568352422336318e+01
8.629279671385290840e+00
1.489915941649607589e+01
1.283230224690876753e+01
8.822166902939471811e+00
2.338288999184683803e+01
8.533032844104027959e+00
1.938535275623223697e+01
3.652752444685958721e+00
2.020029315258767610e+01
2.634268076439330741e+01
2.207365812188424314e+01
1.501512333061816662e+01
2.571700145222858680e+01
5.797259533061279058e+00
1.198563806408459698e+01
1.099562741306218072e+01
1.648519536724663226e+00
1.240813034958624428e+01
1.147147871009457276e+01
6.941051847344283487e+00
1.795444383923652509e+01
2.026973313694114864e+01
1.592019906118670747e+01
1.269198803256313113e+01
3.224338913869670620e+01
2.203521190842227639e+01
1.210657863170099802e+01
1.267873572001067828e+01
2.147027939800526042e+01
1.726064967937280414e+01
2.115973332342846902e+01
9.934039273794326164e+00
1.772313131635474548e+01
2.622824775914321549e+01
1.620723726391162245e+01
2.254608459797139375e+01
1.820062107952870889e+01
2.927431222213900242e+01
1.401619930982252527e+01
2.443799481141842023e+01
1.947874516453230598e+01
1.538378714052095830e+01
2.139360997648111606e+01
2.254858620373220646e+01
1.187868989860143643e+01
1.323052832229531361e+01
2.079897245822372298e+01
2.459169128065206422e+01
-1.093114038252693376e+00
3.128913334242504618e+01
1.334624436439838746e+01
1.874702225920470511e+01
1.883278218458900710e+01
1.027347942007139636e+01
8.031831042509438134e+00
1.635751717482173717e+01
2.268318440336032893e+01
1.555275617284392098e+01
7.591261683778540714e+00
2.408275173314864759e+01
1.432034187499851896e+01
2.241015267585976289e+01
1.024668726119577400e+01
1.017361885659762777e+01
8.735312237113973310e+00
-2.813305184778201351e+00
6.505505100668301566e+00
1.393228774483014831e+01
1.892249289975773507e+01
3.266936027819895116e+00
2.745400102241981699e+01
1.206265587560015717e+01
2.048150164016004027e+01
8.284075262441405130e+00
1.646111093301480821e+01
3.313586926680521572e+01
2.723916090431058024e+01
9.406632728690254908e+00
1.976015094284201723e+01
1.249660063001319088e+01
5.022393820467826231e+00
1.933319402930843012e+01
6.572692013592700278e+00
1.971976503163151762e+01
6.558949640960477723e+00
1.513562299279814738e+01
1.331895283375909855e+01
1.629617357573517467e+01
1.135236374505274171e+01
-1.102195398352576206e+01
3.095957766201455996e+01
2.166804697690367476e+01
4.698423099105525580e+00
1.747814615884681189e+01
1.681706869664885318e+01
7.326939862793906855e+00
3.414357212449205292e+01
6.179900731205975717e+00
2.200324441465292580e+01
1.253715626479829837e+01
1.554359795530217525e+01
1.863741231036474488e+01
6.361363426091457995e+00
1.651649673586526035e+01
7.946449322830332562e+00
1.327386985943333286e+01
4.341435143796488205e+00
1.163053945865163996e+01
1.404097017732642882e+01
1.860167593031599864e+01
1.016686706545863217e+01
1.338221326792773880e+01
6.577853903294766269e+00
1.458259879325888164e+01
5.660400276201656311e+00
1.828026653608767305e+01
2.158719607567803678e+01
1.418044557420702745e+01
1.934613928865994126e+01
1.699615572610043301e+01
2.216838970086990912e+01
1.070244755221200705e+01
1.507219947074863597e+01
9.045529916955459271e+00
3.800709872667439981e+00
1.927533485911057198e+01
1.618112458640017337e+01
1.640313888117923824e+01
1.244758683881590855e+01
1.473113519596061849e+01
2.021157730017398535e+01
1.377888099943987754e+00
6.162860755019181624e+00
7.887767420382047590e+00
1.121375284389688431e+01
-5.661285254984704807e-02
5.193467290367465239e+00
1.110341973426452000e+01
1.676814110753869613e+01
1.171606771806244751e+01
1.181935401699533372e+01
1.577885357416101897e+01
8.300127344878887925e+00
1.939034968855728636e+01
2.211971602675240689e+01
5.637168879231765573e+00
1.565290684453862013e+01
1.106171444029288864e+01
4.622767892785432764e+00
2.505788719416429444e+01
8.386448234277068536e+00
1.711545503606456009e+01
1.574137566239670605e+01
1.516228678126880425e+01
1.072754094284998416e+01
1.910746026768571681e+01
2.772663753047226010e+00
1.525579340769567693e+01
1.938806996320226261e+01
2.921141474072243938e+01
-1.968551453388585060e-01
1.600515870022053377e+01
1.278949130655813349e+01
2.597222315992411268e+00
1.708447070540026402e+01
1.430722776611295899e+01
8.148813265972165709e+00
2.244421746001319917e+01
1.815163013787871904e+01
1.178608461583095846e+01
3.157692047873986496e+01
1.362949443881096556e+01
1.328548523380463564e+01
1.908544773775943071e+01
1.652420199232655307e+01
1.877783392668131057e+01
2.773432988898917273e+01
5.150635936572655282e+00
2.332461226948905164e+01
1.976262146146052601e+01
1.340530868361992134e+01
1.715648389692934472e+01
1.882477625490511031e+01
5.400963833877824527e+00
1.749190793270717847e+01
-2.181709096464345521e+00
4.475110000908571806e+00
1.332869337045254099e+01
4.421332643783230765e+00
1.267148191174362637e+01
7.680548814307783800e+00
8.908978659469084960e+00
4.938398111509840760e+00
2.219087225689204246e+01
1.482400721891509932e+01
2.029124045703402857e+01
2.704151791998654630e+00
1.372874278725709019e+01
7.817394631404226857e+00
1.790814712954262689e+01
1.358569407582963606e+01
2.053123980074123267e+01
6.038272564525343000e+00
-9.221015307349489376e-01
1.967140021376614811e+01
8.374199408587941207e+00
1.291243810656227708e+01
9.536625239597626091e+00
2.956220079493131436e+01
1.211631327387361523e+01
1.077269126053815285e+01
9.727137416821108218e+00
1.116989243722647984e+01
1.445842136477490669e+01
1.775470539945460757e+01
1.924911644430692803e+01
1.947450595400316331e+01
1.992569321241721525e+01
2.583070800252968979e+01
6.846656117066828529e+00
2.023066946984185677e+01
1.105569111107399749e+01
1.783592891955809989e+01
5.577361776142339522e+00
1.843381993656866769e+01
1.598242939016563469e+01
1.451580214588138062e+01
6.656901173992906706e+00
1.968824948375453232e+01
2.967731143873222521e+01
8.817484463039505727e+00
1.685885647406564658e+01
2.090682433714512456e+01
6.519464425650639328e+00
1.257030512426808855e+01
5.980327112452087590e+00
1.323761472961032837e+01
2.042843194081960689e+01
2.156234584603065940e+01
2.843810087971190370e+01
1.766193138888942826e+01
2.092139733901060339e+01
1.128175290720612622e+01
6.041071776032680418e+00
1.437371034181001050e+01
8.022802751839222424e+00
2.390233889326879080e+00
7.975024225269123690e+00
1.201492546781383908e+01
8.087009888146695857e+00
1.406016836550617199e+01
2.765241689877688458e+01
9.306089541945823385e+00
8.208221629308980027e+00
1.595206001248975269e+01
1.260252580141724366e+01
1.023598863062754560e+01
8.757086602871950731e+00
2.247870468422828338e+01
1.781756115069094903e+01
7.722907713533700758e+00
2.231299267051339541e+01
1.281094299515197577e+01
1.021457907176282731e+01
1.417579689122472075e+01
2.145156933774710240e+01
1.731534852306448613e+01
4.539335755808949102e+00
9.972319172945702803e-01
1.563031243001657344e+01
2.034726751280255996e+01
2.153931869332727445e+01
1.490760788157507477e+01
7.593945594629715856e+00
1.809255952654408617e+01
2.160472462383684444e+01
4.999876699910743127e+00
9.955964592434980887e+00
7.586116280240872811e+00
-3.661939095928303800e+00
1.961491735659643609e+01
1.555217338049843079e+01
1.306365041807161020e+01
1.816299217073799355e+01
1.924959104889036610e+01
1.105350327555665046e+01
-1.088366620700554677e+00
1.038683291853155310e+01
1.014217643330650276e+01
1.569281057375512489e+01
2.270692185403247976e+01
1.267885626217859851e+01
1.366690476130055742e+01
2.910423288077281967e+01
1.075811287938932992e+01
-4.623364773830047625e-01
1.234208402795407977e+01
1.177740258812553975e+01
-3.052951905429381441e+00
1.053168538911786811e+01
4.447168624133922776e+00
6.579533424701722311e+00
2.292320753789050514e+01
9.466848704993012120e+00
8.023697050427074373e+00
1.420575625899965644e+01
1.794850732137948768e+01
-6.785581939302304022e+00
3.007702808915183823e+00
1.884349626990072579e+01
5.175139546249937439e+00
1.444094423946058470e+01
6.092817240824516034e+00
1.269511344052365587e+01
-5.481235987597145254e+00
2.874726556388873178e+01
9.987598759911890056e+00
8.771132839935333436e+00
1.728888085414021702e+01
2.263025400249681240e+01
1.519465827795221458e+01
1.268958022741313130e+01
1.693773007364045213e+01
2.284108512672177227e+01
1.189959034315843667e+01
1.468033924711166094e+01
1.425528495374632598e+01
1.921461610149932397e+01
6.715040651210003375e+00
1.268445680052660407e+01
1.242745764866644720e+01
1.193783378669377271e+01
6.997441297903023383e+00
2.336905580698456220e+00
1.668219898798453471e+01
2.256334755516502355e+01
1.826313704382569369e+01
1.455732849487733915e+01
1.317895616035544037e+01
1.191619957268549967e+01
9.288294742012169536e+00
2.461419795585431558e+01
2.088560189018637914e+01
1.172342979572086108e+01
1.888639768554425302e+01
9.193467012764614310e+00
3.122149431632569616e+01
1.481321676751295513e+01
1.990596457770799077e+01
1.211687077419776415e+01
1.143627088253538204e+00
3.408675555033146054e+01
2.826239372621929391e+01
1.843174676599547013e+01
1.666106926565304036e+01
1.242338303810274169e+01
2.382947840642498960e+01
9.611504644533056307e+00
1.385182409382899493e+01
1.199342395852686138e+01
1.761042427284430545e+01
2.416267241240460351e+01
-5.817905255147337584e-01
1.531537612079009136e+01
1.910310825574448046e+01
5.315306998864059551e+00
9.362467659379092311e+00
1.357901942744821611e+01
1.948077984273573549e+01
7.327448965051118535e+00
1.583662583940194679e+01
5.349754215803443458e+00
1.289518499863177681e+01
1.176403012018175787e+01
1.931705205284955440e+01
1.807110466992926945e+01
1.188304099509707612e+01
3.372161142730476513e-01
9.727223840967909041e+00
1.858420867249263608e+01
1.225008063218902521e+01
1.894750815354953488e+01
3.084805037481581991e+01
3.359654150820219343e+00
2.521294125774328165e+01
2.705265669831803166e+01
4.570627488567723162e+00
2.278213886424992296e+01
8.446139235737021522e+00
1.140943570073469004e+01
7.671807164346489571e+00
1.665703730864663612e+01
1.556347555160846241e+01
1.444664779149110245e+01
6.635010438781222319e+00
2.569793469229722405e+00
2.977647839496353299e+01
1.347886520282428080e+01
1.536821904512200376e+01
1.433406239753267641e+01
1.755006848177939105e+01
1.495288017595788688e+01
1.599934503990793644e+01
6.395774950919872026e+00
-2.629893350522635842e+00
8.512559756237280340e+00
1.504875145068902498e+01
1.934145645858598073e+01
1.908123139673382695e+01
2.301816513382777885e+01
1.919690655622844133e+01
-9.571786202172063440e-01
2.916391597894076426e+01
2.192331604160275305e+01
1.885678525264872007e+01
1.627930902992548567e+01
3.809326010852231548e+00
2.471960341505943859e+01
9.082805193426096935e+00
1.466485929256386100e+01
7.830104953343806073e+00
2.072784443638673224e+01
3.525142530672681573e+00
8.911662724614515696e+00
1.798446764947290433e+01
1.689453451656474670e+01
7.786314475932471169e+00
1.323987355510132602e+01
-1.224077618822121849e+01
1.500298666217537402e+01
1.739453898807525434e+01
1.047449250139710841e+01
2.375338087621516081e+01
1.711423527139851331e+01
1.459903318849684695e+01
1.836930911669938382e+01
1.240100952915751975e+01
2.917972552807295017e+01
2.124124205369552953e+01
1.686978699658598657e+01
6.246622456420851677e-01
1.338989183274608763e+01
2.168288753676776537e+01
1.652667622122231705e+01
2.101092839862094763e+01
2.989213897098127148e+01
1.238964437052062806e+01
-9.415541136124545574e-01
2.415700209041316526e+01
2.898511624504989470e+01
7.785239396530542422e+00
8.719605762894502732e+00
1.319815404254971725e+01
1.080650979097750053e+01
2.555295348247199883e+01
1.464815206786946078e+01
2.888351204882179957e+01
6.996293396864061265e+00
8.878598946012658644e+00
7.476866356685718529e-01
2.469367951563073404e+01
2.135260551284598307e+01
1.529613148249961796e+01
1.708750882304701690e+01
1.358662112647454023e+01
1.728522394992168643e+00
2.859106590873707887e+01
1.445073449163042767e+01
2.383227855092623315e+01
1.212405646480699772e+01
3.048716221842337859e+01
2.215944149165366639e+00
1.128664018837180549e+01
3.099333185614497665e+00
7.945782043482694235e+00
1.827909659796215891e+01
1.507665866237501007e+01
1.110131094256966833e+01
1.467848809365969487e+01
3.165867900547397085e+00
-2.359514596376612872e+00
-6.359457228930779138e+00
1.871058235402365710e+01
1.063667537285103037e+01
2.768956087005719269e+00
-1.773898563233274217e+00
1.844273736488062809e+01
4.446160135301639116e+00
5.543278988044988864e+00
2.046994726741827719e+01
1.320720568675402973e+01
1.677654832978618060e+00
1.184352166571355269e+01
1.616495216538709201e+00
-1.240161584815069773e+00
1.617445241253875565e+00
1.978993269927180165e+01
1.684389081346438388e+00
1.018387561589335633e+01
2.154469424336799932e+01
2.777614001577560288e+01
2.336087560107773697e+01
1.895011880229162671e+01
3.000487289370037303e+01
-1.154018943195394797e+01
-5.161587404628960485e+00
1.677899913147174971e+01
1.846838810861603974e+01
2.555347569146988462e-01
2.308699521739719529e+01
1.847551722971884658e+01
2.772204868646750242e+01
1.627107453673976067e+01
1.643045595101539647e+01
2.179420455192071415e+01
2.725341331646640697e+01
1.649435271328704289e+01
1.794708340945476266e+00
2.550435243993872092e+01
1.046577374978757291e+01
1.185282429615533317e+01
2.730037076647067806e+01
1.792175107787514321e+00
1.489113348857229369e+01
1.806133897636979668e+01
4.870751573808718149e-02
1.639985565930830091e+01
7.405381763453647181e+00
1.438915054009264338e+01
3.449213201534050199e+00
7.653062000703343415e+00
2.019720002842363726e+01
-2.429017036192249179e-03
2.326313222491486954e+01
9.849726484045532970e+00
1.036293171650481781e+01
1.230310784989562478e+01
1.830030440663092861e+01
5.459891032377711895e+00
3.145603185757977371e+00
3.077563444961825212e+00
7.846762830442628456e+00
1.092027325354096945e+01
-8.343797084506547890e-01
2.916347435681693412e+01
1.032321534777187821e+01
5.460687854420001486e+00
1.768219643138062480e+01
2.579577891567367942e+00
2.150638433598544452e+00
1.258790447790890710e+01
2.013162062608378733e+01
2.104979336823667779e+01
1.009567926213838973e+01
2.517840013490072693e+00
1.660438836967730936e+01
1.495796504945350591e+01
1.391409439776100498e+01
1.687585223991381156e+01
1.066715199199904873e+01
2.500961669698519074e+01
8.849535573509896835e+00
1.250166935532267587e+01
1.405401099808230470e+00
2.611883952104038542e+01
2.192697633483901143e+01
1.479631848406837946e+01
3.032952917700080775e+01
6.641748976106725877e+00
-6.939895330970955456e-01
1.143958687989069745e+00
2.040163684519575327e+01
1.176297338319163543e+01
2.244034879225223733e+01
5.382423352115992543e+00
1.567841857126597915e+01
1.867780262792744139e+01
1.768699597090908782e+01
1.578234612808579840e+01
4.521102051892654572e+00
2.009656770022401417e+01
2.271363732708498873e+01
9.039384499243041660e+00
2.396492830011749220e+01
1.519889163366923412e+01
2.892230298354591866e+01
1.392893274733123832e+01
7.105533565525902873e+00
9.182667478144182382e+00
1.777157875093844552e+01
2.064933125858157581e+01
2.282704151681986815e+01
1.583143131837270801e+01
2.225218301941782073e+01
1.982868513332766724e+01
1.660805747863195592e+01
1.660481051880543646e+01
1.427545703240036801e+01
1.616536769030883391e+01
4.469974090571525949e+00
8.315847550920139497e+00
2.589603924377186672e+00
8.579931619709796564e+00
1.273472438308479582e+01
1.723899673607623129e+01
9.329361828434443282e+00
1.334876918351992003e+01
5.785745563062022256e+00
1.311960999852657039e+01
2.198100839387986127e+01
-2.325615317751825728e+00
2.288095754267520476e+01
7.906118045033423414e+00
7.502308832479812395e+00
1.261461179334440885e+01
4.649986783542374269e+00
1.867381435929426203e+01
9.668978337093520281e+00
1.944174012949420671e+01
1.854610273022889544e+01
9.206486136103194440e+00
9.431329784680784201e+00
1.035297127367745418e+01
-5.700403777339602129e-01
2.522968729476110639e+01
1.176205916038217936e+01
9.246179794180648059e+00
2.100364943114708183e+01
2.790383981995297802e+01
-1.511925569305105910e+00
2.742455868352300286e+01
5.977562090261713479e+00
1.886291289601184928e+01
1.984850958035657698e+01
2.022474873773126802e+01
6.245717483597132968e+00
1.394883630992617896e+01
7.245985343273829926e+00
1.314238913135018549e+01
3.302421445872935379e+01
1.812079116558150815e+01
1.280473407066649827e+01
1.131349477670089243e+01
1.152363711446685102e+01
3.315717372411498332e+00
6.248337214359963809e+00
8.402960137696737775e-01
3.369698129967709832e+01
2.521692578933905793e+01
1.631629653710270844e+01
2.868632760235090018e+01
2.709138246273724349e+00
2.023742639686999212e+01
2.249874926818079501e+01
2.706976082683171114e+01
2.614837318074123118e+00
2.784810189581435935e+01
5.854374827362605060e+00
2.163703138794450354e+01
1.288817294210480213e+01
2.980447412479004754e+01
7.460195180808852911e+00
2.132318523241124808e+01
2.170101133257779225e+01
1.634022066458059896e+01
1.703222603208483577e+01
2.358578717637052335e+01
8.962565974728093465e+00
1.825636765048903953e+01
1.585736554176870072e+01
8.116509623368017401e+00
2.364475583853127461e+01
7.847441103592970535e+00
1.432734440875609039e+01
1.257492311287842313e+01
6.486187785720318288e+00
1.378282742414452855e+01
1.324477022010023575e+01
2.216599059522129522e+01
9.012779817361057155e+00
1.593967771844400971e+01
1.938065952903946254e+01
3.889221528313470344e+00
1.457679161324394101e+01
3.219400219127197715e+01
5.225307970224093879e+00
1.284989401412238408e+01
1.325447581651823725e+01
2.242742816141168305e+01
2.441598953385533122e+01
1.626879917934080311e+01
9.948660560403610020e+00
1.700173872912077400e+01
1.511323930241941582e+01
1.703670876207411311e+00
1.020183528021554764e+01
9.512868451315412699e+00
2.986581638090954982e+01
1.887934119348223305e+01
6.393936067236055010e+00
1.005503761655982942e+01
-4.062817935741918518e+00
6.766971537863923913e+00
9.215619270468010882e+00
1.698380480768453538e+01
1.388305815097388063e+01
1.144856319747118789e+01
2.101373948172468431e+01
1.746834594663077667e+01
5.646954082865605073e+00
8.132873489422451030e+00
1.412389505585915117e+01
1.440331706470861661e+01
1.639016380566445719e+01
1.531826288508473510e+01
9.968253806711381060e+00
1.772221166657396196e+01
1.273593464922313956e+01
1.799382274776007762e+01
1.732200800426134890e+01
2.250735837243115611e+01
1.389507488800850865e+01
1.532915479354717547e+01
1.255453347844141376e+01
1.116306560134401593e+01
2.516855945372717684e+01
1.200123308340691608e+01
1.439915368526720840e+01
8.449867965355352339e+00
1.543141090890924261e+01
2.039967349084412973e+01
5.632133003284593542e+00
-1.311386990278975873e+00
1.409553261823171511e+01
1.219300238490865240e+01
1.396311645962957471e+01
1.782746848676026730e+01
1.083259346122039801e+01
-1.319587592711854995e-01
-7.773339892108168669e-01
1.049057990736839940e+01
1.459156195454892213e+01
1.727141446816729342e+01
1.534559418467406999e+01
2.216574840183455564e+01
9.630674049602504283e+00
1.755152269770145068e+01
1.854667674701656210e+01
2.217673140582316194e+01
1.481159430922400588e+01
9.341254308591388167e+00
1.666577334791880105e+01
5.022221254081188135e+00
1.650448945037978632e+01
6.704565089756144403e+00
2.796778394951942914e+00
1.506990031262769492e+01
1.870665988374988586e+01
1.492997533735031368e+01
2.055930445437969922e+01
1.314227927424229847e+01
1.858941571100326939e+01
1.182597690073077246e+01
3.844409230115473974e+00
2.290237231746544921e+01
1.383463848423353681e+01
1.474510330976036698e+01
1.040389229877197863e+01
6.327106687590415390e+00
5.140098897715006387e+00
3.937727145879719615e+00
2.396359263803375939e+00
2.634252207130163725e+01
1.357055252193151773e+01
1.528931114786337275e+01
3.179136134098207833e+01
2.171329069923001498e+01
2.221853207808722175e+01
1.221538242771092087e+01
1.039976686769519176e+01
4.680657828174247470e+00
1.808461882585670821e+01
1.173286749514589644e+01
1.318004023444501627e+00
1.583638810944258069e+01
9.406960595875048625e+00
1.050421044810381943e+01
1.955162868581119540e+01
1.296273471141054756e+01
2.062837218685578478e+01
9.262065974080542219e-01
1.135495859028301879e+01
5.295610349047578325e+00
1.310195871229059605e+01
2.437445697701122072e+01
1.224116585832480553e+01
2.351491619249800635e+01
3.169692631295930596e+00
7.940841048369804867e+00
1.438664771904146278e+01
8.006507320772684011e+00
7.080865175519363675e+00
7.565993213075188351e-01
4.708986486847095421e-01
1.890501769519679698e+01
1.884809286086487390e+01
8.161497244264310780e+00
1.125181251340073629e+01
1.097727887505153888e+01
1.399665580412909094e+01
1.080122595453565282e+01
1.311397317800008011e+01
1.897151276459166525e+01
9.575672947631545640e+00
1.151055190611640455e+01
2.041510035226855990e+01
2.258975292011113822e+01
1.339581248577077588e+01
2.698436387705932304e+01
2.245167722222920759e+01
1.271721410395055329e+01
2.124098050265503446e+01
1.559033927731022118e+01
1.315560379838979088e+01
6.444453730928728419e+00
4.937765971542120269e+00
2.092476636444368410e+01
1.505927755256260525e+01
1.343924914722954611e+01
1.728657205061627877e+01
1.879433691710849530e+01
2.193242266429045628e+01
9.222468121527441554e+00
2.136264954740521205e+01
1.418381863526278153e+01
2.447379800355090396e+01
2.457782654531658295e+01
8.717422445083258253e+00
1.920303427237642069e+01
1.651864013363796602e+01
8.131128339721257703e+00
2.067257150351134243e+01
2.407939414349971941e+01
2.496529465486391075e+01
-3.288547151448113937e+00
2.442453461762941913e+01
1.789172036076425343e+01
1.758419076685122207e+01
1.545526396108861888e+01
2.631308152244840670e+01
2.065236811759608315e+01
4.275446387982711371e+00
9.600286045564573101e+00
8.184716677005766883e+00
1.442080812318974381e+01
2.877204633785737542e+00
7.505387113112504949e+00
1.079165288141911105e+01
2.766438234606123814e+01
3.267957028660351426e+01
1.570615669947693505e+01
1.304406977209345087e+01
2.022593350957895098e+01
1.499784958221435005e+01
6.574439534515036598e+00
1.992391308434501696e+01
1.817083203330429342e+01
4.483358653052533782e-01
1.506491710263533434e+01
2.127965325434936261e+01
1.640069263943023259e+01
2.614500530525958766e+00
1.291060736133115938e+01
2.689911448245187131e+01
2.709214198397296514e+01
1.798087587053527869e+01
2.061905148813993804e+01
7.396701651610072759e+00
1.966491452339779045e+01
7.517388200204379700e+00
2.236506077298280104e+01
1.005690064973776998e+01
8.355610084289438078e+00
9.114942069882886244e+00
1.619009832502973723e+01
1.607563024607033242e+01
5.700207140085851165e+00
1.968588596720778128e+01
7.339494360616775737e+00
7.312004298543627101e+00
1.520185433385557872e+01
3.032259262956801393e+01
4.669952047872357070e+00
-1.785553939601797424e+00
2.690769518950253314e+01
2.182098740059089437e+01
1.995115870494969812e+01
1.802206384884681967e+01
1.001890405952963192e+01
2.180566366497684783e+01
8.610711309751735598e+00
2.112763254485285103e+01
1.357296435393254797e+01
2.663128903732759767e+01
1.520027038034504585e+01
1.124621740785266866e+01
8.163512287833128767e+00
9.665133495760571236e+00
2.614996453995467363e+01
1.046264507944476918e+01
1.520247187048479987e+01
3.021849777053063235e+00
2.024927599421624791e+01
1.540315166929988777e+01
1.845825959216364254e+01
8.465785087575980583e+00
1.146132458866816251e+01
7.797721519695087977e+00
1.316725497981815352e+01
1.705012161622609312e+01
2.514148684728918681e+01
2.516949023898942528e+01
2.115282038049615210e+01
9.732420771567930728e+00
3.481529913536263621e+00
1.075056053128656686e+01
1.323473248977222738e+01
1.767886288808867334e+01
2.880454279245655869e+01
1.357855317575108245e+01
1.637677639760386228e+01
2.581024546576907142e+01
1.479627111030411868e+01
1.650628540617886131e+01
1.386943502267669714e+01
2.564216111957374267e+01
1.285460067757282587e+01
1.930542851647581415e+01
1.766222775307966231e-01
1.732398998942505841e+01
1.722530571330587890e+01
1.521791960625212425e+01
-2.474285794654221604e+00
3.237825417616566881e+01
1.537646233219054182e+01
2.773589767959266794e+01
1.853420949884860391e+01
1.686618544951629417e+01
1.839293889340784460e+01
1.612020233900460653e+01
1.800049763866282859e+01
2.154141446275110638e+01
2.359328903055909876e+01
-1.103476842099652799e+00
1.239022712852498387e+01
8.805652312184101049e+00
9.087706147529246437e+00
1.173272187843672043e+01
1.917033049317743121e+01
1.146867422867998698e+01
1.378237328367578129e+01
1.269936918798990888e+01
2.022278918117311264e+01
2.050498809261890898e+01
7.563918130479692081e-01
1.894086727375992041e+01
2.208385032421612948e+01
1.817049543966521696e+01
1.397333671336387795e+01
4.755334259798161156e+00
1.179662969879171897e+01
1.675023359815941149e+01
5.295284599219201027e-01
2.029906766653446937e+01
1.987673336658430401e+01
1.040979472373675208e+01
1.475343551430528066e+01
1.966076763015124129e+01
2.245320688829519895e+01
1.572376990761588900e+01
1.139733878161014502e+01
1.160114224847568209e+01
6.772641414504732893e+00
2.090819449001467945e+01
8.701997663601090949e+00
-8.994218536558520327e-01
1.683202823286843852e+01
1.133229228795318022e+01
5.603727176352904848e+00
1.796280605377974382e+01
8.864567766319311204e+00
2.995062203680447510e-01
1.649761643293329882e+01
4.826082171002596510e+00
2.560955528763344091e+00
6.007258207674524897e+00
1.198583671367805437e+01
1.872092423294773766e+01
1.639415350432034302e+01
7.713433260702927896e+00
1.425232961034285495e+01
2.526750600594925800e+01
1.030402368595275675e+00
1.221748693960086030e+01
6.309142653048454008e+00
9.727460983770740199e+00
2.239011093952313303e+01
1.226205189038830667e+01
-2.150841252570643292e-01
1.551559808343549207e+01
4.906394273413496876e+00
1.366481115998425366e+01
1.247148743236382984e+01
8.473068310037973561e+00
9.419812129998078376e+00
1.793445005157439454e+01
4.743372107199178345e+00
9.109918250086465719e+00
8.956786759659891572e+00
2.192749145626014240e+01
1.958165795413384558e+01
1.531283479242640055e+01
-6.074404803222762439e+00
1.678695297367940498e+01
1.736438625602279728e+01
8.988238982763746776e+00
6.531764792277925835e+00
6.675126447460996815e+00
1.588542039672731221e+01
9.816111797659658578e+00
1.586608744953745997e+01
1.949437595418041980e+01
9.999823569811368884e+00
1.714815708026473118e+01
7.970502199260508291e+00
7.548772339567435097e+00
7.994198203329418106e+00
1.867615172704486781e+01
2.246560995248184156e+01
1.375688977205537356e+01
2.794431228102237696e+01
6.897380690990956964e+00
1.996022018256233110e+01
1.846694856863155110e+01
1.356154608582954779e+01
1.493372453969287506e+01
1.626956638623229878e+01
2.512771429808000079e+01
2.991719917925479422e-01
1.879999672638689390e+00
1.645264704192989313e+01
1.436261078897207710e+01
8.532295064282351404e+00
2.015982645435379084e+01
2.721652111188209489e+01
9.885321013274406710e+00
1.722861001751087429e+01
8.165974983922055230e+00
7.885293226868967054e+00
9.900144552535465436e+00
1.920145468065619099e+01
2.613297371208517461e+01
1.440132936089937488e+01
6.195301743248180060e+00
2.352729771205229525e+01
1.941017854207856885e+00
1.335305799326968668e+01
1.483148164782747358e+01
6.226785376135040906e+00
1.782288183397123049e+01
1.417889095206686534e+01
9.784651607633577441e+00
1.519359046001427060e+01
1.467174205087046346e+01
1.638019062719799024e+01
9.026030564374408982e+00
1.259749845728551065e+01
2.456824072718134033e+01
7.926914651211802720e+00
1.849953856221180359e+01
1.821360345690109739e+01
2.551444893629528821e+01
2.796863376478597729e-02
2.563764885770775948e+01
2.560949136655985825e+01
2.139051492862419224e+01
1.521317955198004768e+01
1.831283421965494540e+00
2.419844494012727409e+01
8.014496419433612573e+00
1.790386773692652866e+01
5.401621419851736050e+00
1.180005644468157300e+01
2.641418241972772307e+01
1.352640525515292325e+01
7.655023803854547282e+00
1.867314197971488454e+01
2.252743714311436207e+01
2.271817187892641243e+01
9.995246779677685822e+00
2.028710357399550901e+01
1.449883826322701452e+01
1.967730060865757480e+01
1.931829549889724262e+01
2.958224429233808905e+00
3.826904198021196635e+00
1.336312663900774567e+01
1.951838604062736238e+01
2.530579816090417467e+01
2.437058287720338967e+01
7.668411202727426712e+00
1.720150963832797686e+01
5.624258780954818349e+00
8.086307974076390792e+00
2.677869800536777234e+01
1.437962042129953488e+01
2.309551915630862595e+01
8.208981530906243052e+00
2.305629012842140924e+01
1.105229919873634969e+01
1.143260266906446532e+01
4.786887585516780064e+00
1.758450105424029886e+01
2.040767234786837747e+01
2.576327667423542778e+01
1.278784503149366003e+01
2.002320322204059977e+01
1.507357318617296471e+01
1.425187544054833211e+01
-7.517593500145792973e+00
6.231031007597479743e+00
2.275703642048525666e+01
2.480086845897660908e+01
1.119907962956575886e+01
1.692441478927433707e+01
2.262241179933839419e+01
1.545785718235289607e+01
6.549604870460015604e+00
9.831531876641591339e+00
8.753438431367669637e+00
8.404551454619735296e+00
1.487935766746748811e+01
1.634441917438437031e+01
7.406313159740534502e+00
1.162284430683055803e+01
2.029754524858481801e+01
1.898005243386910479e+01
2.274805060258768208e+01
1.370096835470660324e+01
4.477846453608066213e+00
1.978269506922855214e+01
1.318554365603135636e+01
-1.502476242254999761e+00
8.501225004601110413e+00
1.570480485970051632e+01
1.160052173455356694e+01
2.236122592937455522e+01
2.120355480311962282e+01
2.256429875592547774e+01
1.795889713798655407e+01
4.939213623750219995e+00
2.002163506925751335e+01
2.218336873276879828e+01
8.312892381606388881e+00
5.527007091082069223e+00
1.124390354303373840e+01
1.962156369405558110e+01
1.855255139481280935e+01
1.212771860950887515e+01
9.972298999523047769e+00
1.140636065008890654e+01
1.308424148036455392e+01
1.764593622483100432e+01
1.901671871919562307e+01
2.165651389532304449e+01
2.332911425593848520e+01
9.936374629928366176e+00
7.055853211629013799e+00
2.725402473494895617e+00
2.432063911959600944e+01
1.080906548763055497e+01
1.914977599383127682e+01
1.640127052881540237e+01
1.906483921061576581e+01
1.321242816277083421e+01
2.181308327130820146e+01
2.529073744806359514e+01
1.672137928057551903e+01
1.658614044385474529e+01
1.984263809033182469e+01
1.929849000498333567e+01
2.301499303799758422e+01
1.216526399002258785e+01
3.069512367533364738e+01
9.597636669948315102e+00
1.578973680739849783e+01
2.569281545465140937e+01
1.388969979572336655e+01
1.684372535582139108e+01
9.223594768937886101e+00
8.205392887451935735e+00
2.137844142860126340e+01
2.073999205191557138e+01
2.098554790473298937e+01
7.018180398710157419e+00
2.078147838663595337e+01
9.640415369939091761e+00
9.720418069842537534e+00
1.479011335483394163e+01
2.232908766848713356e+01
2.110381485622245634e+01
1.816193726003555753e+01
1.002528313310585872e+01
1.843174200275902308e+01
1.145040885332710445e+01
8.112667151333440074e+00
1.205313109345711098e+01
8.353558266290690426e+00
2.697423267491814158e-01
1.933242025783839324e+01
1.596759598153273885e+01
2.065618362475451875e+01
2.278396660371893745e+01
1.832647675233637585e+01
2.883842021921188348e+01
9.013092103170762925e+00
5.660512387339224460e+00
2.352744845318182598e+01
9.389696264328918573e+00
8.964049495125863132e+00
1.482009106884177640e+01
7.892637923127651334e+00
5.187361438695603510e-01
7.502535783915533329e+00
2.268471554902058074e+01
-1.614314838338302138e+00
1.802484250063997706e+01
1.791709782270262963e+01
1.937297874746734294e+01
1.777990517261227410e+01
2.141591782443593672e+01
1.430522395998890772e+01
1.845928230230596512e+01
1.864814240872546236e+01
2.059308832570241776e+01
1.223312110122962793e+01
1.853417383100314453e+01
1.425844954119725116e+01
1.642604739137047432e+01
1.763191026515050908e+01
6.877077930875842071e+00
1.626632204011551863e+01
1.369278624755339990e+01
3.230680646300109515e+01
1.376840310269308532e+01
3.184976742363957669e+00
1.315429576620535101e+01
1.402131851677135899e+01
3.456380852387918168e+01
-1.778274245717572200e+01
2.727719524634213144e+01
6.249810427856473893e+00
1.225241989728654346e+01
1.740780455805250426e+01
2.112678215653252778e+01
1.385375103858388002e+01
1.540255629394339110e+01
1.879603899422170343e+01
7.398547773605372413e+00
1.438565633031117841e+01
2.357049163804838088e+01
1.682681622193886994e+01
1.575699171957145950e+01
7.199782799594444782e+00
1.303458041677087920e+01
-3.458208890247078671e+00
1.214482004702941254e+01
1.083524494210942635e+01
-2.069308220292512601e+00
1.685080505894647729e+01
6.549273857092941853e+00
5.994385885705327155e+00
1.382846115526460551e+01
-2.453807952599476039e+00
1.791074592999080295e+01
1.250087966428810660e+01
1.837326653642453067e+01
9.750802826284996172e+00
1.957622645332303080e+01
5.354298567393186659e+00
-1.435313789459954137e+00
5.656933428373235984e+00
1.815964537257288214e+01
1.260667040287249563e+01
1.964722563060544758e+01
2.542867518930103188e+01
2.009822861258918181e+01
3.606649578430997138e+01
5.139667791280274400e+00
1.656041495866702462e+00
5.018109017950962425e-01
1.257890843201970199e+01
9.482121978032338916e+00
2.397742278224408352e+01
1.926364855128436204e+01
2.222545773616393916e+01
1.204666036170051768e+01
1.626617576925864483e+01
1.368313446640691211e+01
1.804775230366239214e+01
8.722434629395792172e+00
2.846496307698548378e+01
7.991844764907597209e+00
1.471465665193680650e+01
3.536088395355002945e+01
1.512077035056015006e+01
1.081266450541278346e+01
3.403759749209712737e+01
2.294307401889623321e+01
2.635640847883023952e+01
2.261224700435349177e+00
1.215803925843096067e+01
1.690999112706692387e+01
1.810717391328447690e+01
2.582782476365754576e+01
2.366042237413844163e+01
1.977214330200425252e+01
2.026010490372212303e+01
-8.945086737366665375e-01
1.585501666317128411e+00
1.694272753857802627e+01
6.249389756732171008e-03
6.579155422145461785e+00
1.692815348513479989e+01
1.143421492074686796e+01
1.580761751479495558e+01
1.149657988301882483e+01
8.030908051378460755e+00
1.621394755806581145e+01
2.845350059687813626e+01
8.095088527170176462e+00
4.286838621928893645e+00
2.447292395226548933e+01
1.619560846629362061e+01
1.636160389413709026e+01
1.456386325108731228e+01
1.773035605878411758e+01
1.943474955696085260e+01
9.226597989825549462e+00
-7.824763505149689991e-01
1.322628877004466119e+01
1.745589834901232251e+01
1.534613675588698811e+01
2.957643839979608202e+01
1.283514108037034873e+01
1.697548449338620458e+01
9.137313167987457518e+00
1.337798397267883388e+01
2.713325556659910376e+00
1.483038249895700034e+01
1.739175563349040488e+01
-1.535229475047117376e-02
-2.014731350139001620e+00
2.221601751662683455e+01
4.426337706878499034e+00
1.542532843996021086e+01
6.404589426962473908e+00
1.469920533373748128e+01
1.930949360254652447e+01
1.280362892512719952e+01
1.302685304310909942e+01
1.298237077193596178e+01
1.387635390072655639e+01
1.919611902521181435e+01
1.350830406704614006e+01
7.351971092491851323e-01
2.310240700719867135e+01
6.436672706958489698e+00
2.171483044902782922e+01
1.940002559896261403e+01
3.079604558683982418e+00
8.743633972151400258e+00
9.307022316029787135e+00
2.168966770565461388e+00
4.174045302962241522e-01
1.240322367466229991e+01
1.599314418798925885e+01
2.272531238686460142e+01
2.055099867365940725e+01
-9.100767768055106899e-01
1.262205646895168343e+01
2.014082961677810601e+01
2.038695234080051932e+00
5.691251490722805784e+00
6.508379249938045064e+00
1.844823480079983824e+01
1.757577569095364822e+01
8.383171282627472465e+00
5.070053817628505044e+00
1.524745885385324584e+01
1.575168626792344639e+01
-4.054100087991002965e+00
1.131203558824275035e+01
1.819987501263596386e+01
1.384556919056986146e+01
8.921299477236402709e+00
9.988826249364052501e+00
2.239669989078845447e+01
1.425468890908229014e+01
4.664636119784034918e+00
1.238625319478654774e+01
2.088026672623208668e+01
2.234823945134760947e+01
1.781056203919617076e+01
1.734980690134545966e+01
2.343450483531614736e+01
1.680612389614552171e+01
8.487646706055031132e+00
2.349706614405251059e+01
2.019110460681643815e+01
1.647567705123285720e+01
1.735296398452251765e+01
2.377805259970841689e+01
1.637854890418849152e+01
1.208127347774862415e+01
1.701539825765132719e+01
1.635678022820627575e+00
2.052396005620410335e+01
1.924848734994108668e+01
1.135468241597713757e+01
2.179844952412217651e+01
1.044201347208050379e+01
2.034270304806651097e+01
2.388086543870315381e+00
1.446201875266648074e+01
1.672094127078835868e+01
2.838367739046124427e+01
1.169740465242193750e+01
2.205261919201193876e+01
1.564043418106462013e+01
2.064047091692872016e+01
1.666847744350995697e+01
3.103512286192582792e+00
1.132918017921822695e+01
1.392646121277972782e+01
3.250444916048313360e+01
1.266091286998798182e+01
2.360465055176088356e+01
1.516331324293290095e+01
4.076417170249811761e+00
1.857509725063200534e+01
9.620182206478474995e+00
2.576018700493273172e+01
8.139333487159447600e+00
2.517618791462940919e+01
-4.266399556605882992e+00
2.469672213108232484e+01
3.538723015802446525e+00
2.152741174330284935e+01
3.061265124046043695e+01
1.731696441893597438e+01
2.412476771562786837e+01
3.757968936546348004e+00
1.636167895639383119e+01
1.075114110113335641e+01
2.316451178955347245e+00
9.533071841614571440e+00
6.626757920952741188e+00
1.808116533470405329e+01
7.558406366425785450e+00
1.173642977074476335e+01
1.155734938029056025e+01
2.047084612775051937e-01
7.294709093381712250e+00
1.726605910881501416e+01
8.726311897236627146e+00
-9.514711696858313417e-01
2.374786724385343462e+01
2.341693989653779795e+01
6.014546289777769061e+00
4.817312244725897585e+00
1.124648328072235870e+01
9.001951298440829419e+00
3.419912182516995358e+00
1.467232802352882004e+00
1.337086560692071657e+01
1.378071051461748198e+01
2.256898098743769054e+01
4.328902779296797121e+00
7.366282865080108877e+00
1.718622371084906320e+01
-2.519840388334770864e+00
2.297602520770027468e+01
2.762371800880526962e+01
1.184787377375488404e+01
5.997739647580402789e+00
8.942470491393066823e+00
7.525634360311329374e+00
2.105981251978703028e+01
1.521066259272483734e+01
8.018390974446319319e+00
1.280469793858106442e+01
1.620254956156369985e+01
2.892454680624211960e+01
2.846849820553000399e+01
6.673177002897574539e-01
1.260808318637063508e+01
1.597675555748658383e+01
1.745764559297312246e+01
2.485625655474034090e+01
1.838100468847020608e+01
6.708103812904766983e+00
1.793987443980170582e+01
2.267703568749223564e+01
8.461294749064748544e+00
1.673580577881098463e+01
1.358715767932963558e+01
2.512182246924654550e+01
1.775029392190182875e+01
9.014703750977929531e+00
2.509516810076519278e+01
1.035051407182801597e+01
2.560269484838352128e+01
2.142647448758808792e+01
6.727483332854887976e+00
1.811575083125282504e+01
1.944558346532649296e+01
1.238046341674845507e+01
2.510399306016884680e+01
2.630398149172248168e+01
2.369746971586122442e+01
1.694051242749791442e+01
1.086588131221053288e+01
9.277805274141158520e+00
4.143221457226786697e+00
1.389387263754774438e+01
2.901832547367424553e+01
5.218922009627064540e+00
1.035912781746310429e+01
1.001484798426936607e+01
2.361663396182997587e+01
1.358066334886811433e+01
1.656210902530929729e+01
2.192475325844998935e+01
1.848697371343878615e+01
1.666031025367739460e+01
8.366234542057910062e+00
2.054114725385852580e+01
2.016386101785241891e+01
1.397840294388855398e+01
1.290883786934560362e+01
1.149721434080453264e+01
1.433928720979943705e+01
1.632648071708135262e+01
9.694024078122936317e+00
7.768340289462159376e+00
3.533524342015198272e+00
1.896854042675256835e+01
1.056725991703194723e+01
1.716900130186533602e+01
1.907845471289773087e+01
5.499465264265296582e+00
1.292739281805128826e+01
1.239631665681625350e+01
2.012032422416780264e+00
7.734484450507267184e+00
-1.849100294095364916e-01
1.221785771004546461e+01
6.887423662857983686e+00
1.810256277530653080e+01
3.321609910190389314e+00
1.518024852703570104e+01
1.266978723703880405e+01
8.402649728006934993e+00
7.766742509496879165e+00
2.894432032998904702e+01
1.263589675303730075e+01
4.254704259645478714e+00
1.485892146758952492e+01
1.396596752074898973e+01
2.683670734527025559e+01
1.678396979409001233e+01
2.873267392355793248e+01
6.066128615954610837e+00
1.649550982941408961e+01
5.346705192689604758e+00
3.795416415603172311e+01
1.662904160480083249e+01
2.974471381323027686e+00
1.169518923928089293e+01
1.975083423976915498e+01
2.245729543399575334e+01
2.533588379193537321e+01
2.187647873466526249e+01
1.168017466317041908e+01
7.767789313215828884e+00
1.239043078665503117e+00
1.139119737240187646e+01
1.712146797218220939e+01
1.219614189876992327e+01
1.407728384722402382e+01
1.286632716221213713e+01
1.615758292701065102e+01
-2.067301197036783833e-01
9.655744153795993157e+00
5.648922539359830353e+00
1.605398392439475685e+01
2.140943955072014404e+01
1.994999263463414962e+01
2.757835598198659000e+01
8.163973011291375315e+00
1.967073188575651699e+01
2.221676046323631937e+01
1.109651439565821818e+01
1.717450581930229703e+01
1.149111182802087683e+00
8.493892373022077891e+00
2.735175818626354527e+01
1.866757577655110367e+01
1.230490838427714095e+01
1.557064387446413889e+01
2.196322708001641644e+01
1.358018912358878083e+01
4.419251229493454503e+00
2.331218279275519478e+01
1.348885304535360774e+01
7.549172638896664012e+00
2.520177167618889769e+01
1.665817989537742960e+01
1.396826283943632063e+01
1.416417806494520448e+01
2.069660227508536821e+01
1.846299324710817302e+01
9.827183560376496985e+00
2.034466775335776134e+01
1.368136902435250590e+01
4.353198757546905995e+00
1.615748336431065013e+01
1.782476271178907723e+01
6.739846129154372534e+00
2.986017572345976134e+01
1.967079791217699380e+00
1.776936372850995838e+01
2.082978783171559911e+01
1.770528425783810178e+01
2.789506604532206069e+01
5.952925590470314887e-01
3.574863410709852474e+00
2.078766391149925141e+01
1.039433615691146429e+01
1.276544556591818491e+01
1.587736543658220967e+01
8.375640827041053171e-01
2.865092501562261162e+01
2.072836032123859695e+01
1.703812975766442150e+01
2.058526509407906957e+01
6.298708155811397091e+00
1.479124538282027856e+01
2.568393214581803363e+01
1.747857364307255068e+01
4.233702814865793584e+00
7.040077840814930710e+00
1.901983973957612761e+00
7.396186344606647367e+00
2.183983214759447833e+01
2.110037958508790013e+01
-4.580081011051348128e+00
2.169532251868900374e+01
4.319227547513463605e+00
4.117543772925372991e+00
2.203025033079519801e+01
1.336013425908309671e+01
1.783670029879230867e+01
1.693525013846051053e+01
1.108950088388554889e+01
1.107573165151360683e+01
1.659789104526130643e+01
1.591858908623164837e+01
1.495792570317586012e+01
1.961716976563296555e+01
1.694789132986896618e+01
-5.650233125086316477e+00
1.876292520723612967e+01
8.933987998131826203e+00
1.133217685629146843e+01
2.544562918381124916e+01
3.346841388432282116e+01
1.434698376384993423e+01
1.056631140408670433e+01
1.938270594905660005e+01
1.218466651678549795e+01
3.761864359994291362e-01
1.196339350622342579e+01
1.327012906126778091e+01
1.509689476201187119e+01
2.114366434106792525e+01
2.037360667978062878e+01
1.035539754876936058e+01
4.341957035836145451e+00
1.438339591375022053e+01
1.188909184875265623e+01
1.953338050456446240e+01
1.277004514652387002e+01
9.146388828535563675e+00
1.263598163149994491e+01
1.400970766359108666e+00
1.271154508466568700e+01
1.963177729773466496e+01
1.979828673616312074e+01
1.359770629554131460e+01
1.862468624450519883e+01
1.830613390836482779e+01
8.609682782175696047e+00
1.562952643740293013e+01
7.883681426516687907e+00
1.978862750925585345e+01
1.886460812191479164e+01
6.759264459670376368e+00
1.100999694823252639e+01
1.624246989942425046e+01
4.486124473949075764e-01
3.834129545586662857e+00
1.849255926875932232e+01
-3.991551825715987434e+00
1.720539898497131048e+01
1.365849502079129252e+01
1.111631192091121534e+01
1.514353832288641399e+01
6.739827153462698561e+00
1.406610088640458400e+01
1.900444328663125049e+01
8.886496330328554905e-01
4.905915436199649093e+00
1.527341443143286881e+01
7.923587860158932017e+00
1.884161976612438849e+01
2.086194550135672188e+01
7.411051603174868774e+00
2.157084768497078642e+01
2.786009982686128694e+01
9.321033792920687233e+00
1.117849242616917138e+01
1.807851906395924857e+01
7.339365361646457586e+00
1.219383869957147226e+01
1.893583986488921767e+01
1.615396441866327848e+01
2.143398856196851909e+01
1.613685999743729127e+01
1.497918157701066377e+01
1.255800827202195080e+01
2.233432478544855826e+00
1.785560472976240476e+01
1.942217945315558580e+01
1.261586007267781895e+01
2.901272498019166335e+01
1.012861834827621976e+01
1.128858884613957514e+01
2.294235016292434182e+01
1.762724338953042036e+01
2.623155407188616550e+01
1.414264526061930383e+01
7.567047603560013158e+00
2.611063258518410635e+01
1.617904733161957154e+01
1.735789811914017378e+01
2.144135423906134719e+01
1.105747201036032834e+01
1.499146473968033888e+01
1.419970568986666137e+01
2.591727659751590807e+01
1.231611579614281027e+01
6.015321813807119611e+00
2.255077068122397321e+01
3.294661241508592298e+00
1.852159511662155467e+01
1.933666618063305265e+01
1.648484175886333958e+01
1.399657519583972487e+01
1.462740280207873411e+01
1.357254053584492226e+01
3.432671765545592280e+00
5.831566534922927758e+00
1.466229223068305032e+01
-2.092559292947782978e+00
2.176021107935009979e+01
2.183743248848718110e+01
7.367179749246048459e+00
2.846371049080181592e+01
1.954333975327833173e+01
1.434894910587492234e+01
9.567111016859044526e+00
2.011757544203788939e+00
1.425775448739798890e+01
2.180802096279946056e+01
2.367291184280475846e+01
