1.577840999780876530e+01
1.078881671148194243e+01
1.961265227065888439e+01
2.723157978804013624e+01
1.329560939995283775e+01
1.063623722514932979e+01
1.051186544916821219e+01
1.887240245365946123e+01
2.169680209617019528e+01
1.197326898188579491e+01
2.056999921934169606e+01
1.383515999890072123e+01
1.025260691395543233e+01
2.184935034343781979e+01
1.548624676138443590e+01
4.621789778125474868e+00
1.681889058837546713e+01
1.462671271205374524e+01
2.347945882734510548e+01
1.204845923554483988e+01
1.184366475154988052e+01
2.277266812797897444e+01
2.952948276484997336e+01
2.009056037658087490e+01
1.979430003803747695e+01
2.623575386106561780e+01
1.585261590933227893e+01
2.221731981795053201e+01
1.352663917661176640e+01
5.434776386235483869e+00
2.053772744753763391e+01
1.428040353745942070e+01
2.808214137778984565e+01
1.933874014377327200e+01
2.488634635777773241e+01
6.289731631679174484e+00
7.015284898560693705e+00
1.949662833951241225e+01
1.978714015862850317e+01
1.734503209851740735e+01
1.133139329935860928e+01
2.177993987862433301e+01
6.741363834261733246e+00
6.099779724811128290e+00
1.076386728055550179e+01
2.569654662019361524e+01
9.201126691712815386e+00
2.979814507194972606e+01
4.526315903302403854e+00
1.464939791922256518e+01
1.872433543582165782e+01
7.038393700302364664e+00
2.404531186808054599e+01
1.041047823215752999e+01
2.160291293405428803e+01
2.079122064629143551e+01
-5.910700187822044427e+00
2.424023276874056876e+01
7.327939156214398508e+00
1.833988699874215200e+01
2.216033852982461383e+01
1.448113408482771547e+01
1.956961045626279372e+01
4.850402992436443128e+00
1.364042449903453758e+01
1.768822253587380544e+01
3.213765641050997601e+01
1.696515666514694942e+01
1.630820562991873146e+01
2.664500411119799139e+01
1.386958132453892745e+01
8.142546380528898453e+00
5.815083883093194572e+00
2.731401928904233500e+00
1.568903486996774177e+01
7.764002378592294917e+00
2.938246662903799233e+01
2.068570671485915113e+00
1.095541220012898975e+01
1.496223892100475439e+01
2.558587985644145846e+01
2.066460667084388092e+01
1.185409893942778581e+01
2.439148955051673084e+01
2.121503064318412157e+01
1.463548957781867443e+01
8.886081079547466288e+00
7.505561157952740814e+00
9.391542037619103667e+00
2.372855398405724969e+01
8.052491027743101881e+00
2.694711632869049112e+01
1.238922227653577579e+01
1.530068896395530942e+01
1.253265511475945004e+01
-7.524675236302840631e+00
-1.466348980279462921e+00
4.825743458687085763e+00
1.976032902033620786e+01
9.784360830206431103e+00
1.794876864946230910e+01
1.583631125087549663e+01
1.338097093385026426e+01
2.048915225709241383e+01
1.491820341555727225e+01
1.535581672863800407e+01
1.104404617818450163e+01
4.449286576293900453e+00
1.394227311247163925e+01
1.535843311670038247e+01
-7.391613875436320313e-01
5.969083420874213175e+00
2.527243478152982448e+00
1.027845774101655252e+01
1.784175261810997881e+01
1.226402183658997558e+01
2.144489508650626419e+01
2.327120157120496913e+01
2.874435245978176567e+00
7.900042479374263849e+00
7.496919149370043556e+00
1.414076071146791946e+01
2.220575593446041296e+01
1.653126446282814754e+01
1.760068755620108760e+01
3.313483423542318462e+01
2.152143519868900512e+00
1.015626848515408653e+01
1.182714467545041259e+01
2.197487278041073466e+01
1.026859774429132699e+01
1.829691395561707168e+01
1.499593418969845970e+01
7.575674213596016671e+00
1.094380805172463056e+01
4.927955429632774553e+00
1.733102746013010176e+01
1.854382688032674764e+01
6.928094448915388170e+00
1.041207807713234956e+01
1.413903622512636105e+01
2.269565489629037813e+01
2.750524992588380258e+01
1.498107923605770964e+01
1.731690794009334411e+01
1.756266356249096816e+01
1.029773424730089459e+01
1.018656896327341599e+01
2.574023060603665414e+01
1.667665278062511902e+01
4.679049690496782432e+00
3.092548173094118624e+01
1.480658897881997405e+01
3.005197098300811831e+01
1.416642166745661768e+01
4.459789083202949200e+00
1.351494988226278338e+01
1.522671465356108911e+01
2.634635852190787375e+01
1.764849528395457412e+01
6.711089110081346121e+00
2.026642839223835324e+01
6.298386856166743542e+00
6.418243503218675983e+00
2.055716581455497050e+01
6.122108165855436823e+00
1.803397161134950011e+01
1.483058993816104021e+01
1.823370178303264311e+00
1.067400857457418795e+01
1.833095757390880465e+01
1.873462725330065837e+01
1.667038248407185108e+01
2.787798436151718562e+01
5.462116217009487684e+00
1.573880137406844426e+01
1.144541969274598614e+01
1.856682710522552782e+01
1.838120753777886307e+00
2.742676709956178627e+01
1.285774509263754339e+01
2.582459174721377337e+01
2.581782354592631634e+01
1.619046685830012677e+01
1.471445279350693625e+01
1.588056502238609369e+01
1.486549216222819325e+01
2.550003222332605901e+00
7.531222195591226409e+00
2.422439285041561163e+01
3.327443270912600326e+01
1.104045604956542093e+01
1.414612458572678122e+01
1.443110607515721711e+01
1.911198306409449543e+01
5.567919712637944940e+00
2.372430586404583153e+01
6.658319535627541086e+00
7.231900313381430578e+00
9.337117874318437316e+00
1.297286081173352557e+01
9.932005823582173321e+00
1.543926424874499759e+01
2.987779110532652993e+01
1.097443947560161348e+01
2.062088903435995491e+01
2.098761434088319078e+01
1.076195543582170444e+01
9.488443051075421408e+00
2.947742081470755693e+01
4.275209963005011105e+00
1.032978106474705271e+01
1.303636890893621114e+01
8.478549638542652644e+00
2.051956221029156779e+01
1.427238171028670877e+01
1.253588407046619579e+01
2.240652879770164674e+01
1.299677499745692444e+01
1.543392306898685007e+01
2.950381520167310612e+01
1.623946556207481251e+01
1.992756339148475320e+01
7.658505013683083007e+00
1.875628383796934884e+01
1.007470599791646748e+01
2.108676268273563892e+01
1.664490440031315188e+01
1.604550088511407324e+01
1.310133998937169508e+01
1.616449860050384757e+01
1.078332018455320451e+01
1.439351214585907712e+01
1.013961974683323319e+01
2.406464978407339572e+01
9.314921927603080576e+00
1.726079087934068923e+01
9.099322348336343680e+00
1.756306865177811005e+01
1.315382829691810684e+01
1.500667665042998067e+01
1.533685083967240814e+01
2.698869809247300111e+01
1.654340483229687209e+01
1.832128466999130723e+01
3.033238022267397582e+01
1.670744205532663784e+01
9.352262841144465710e+00
3.933934106388392138e+00
2.863194653447988003e+01
2.676789935305435364e+01
1.543478791803278227e+01
2.049669827447189618e+01
1.908671975231189322e+01
1.263241815094158937e+01
7.134191311706189254e+00
2.563401438247452546e+01
4.528883423914876971e+00
2.202115878932328030e+01
1.295955062823453829e+01
1.695805843489198139e+01
1.668145014471798504e+01
1.702062262925544189e+01
8.255482677474788034e-01
1.010969574896873269e+01
1.241795860232987536e+01
6.408217713715615105e+00
1.859750741330089596e+01
1.605737621503624268e+01
2.090996777209230828e+01
2.033136379687687167e+01
1.038785224958428444e+01
1.931511924147987713e+01
4.924202837175215564e-01
1.580482907122235758e+01
2.343345543990238866e+00
8.508494761043834842e+00
2.086085538101923476e+01
2.107029709857727084e+00
4.495629225709521393e+00
2.495679583613532770e+01
1.441184779492253654e+01
8.620056626959339496e+00
2.096746821760024915e+01
2.226504850912286315e+01
-3.323170034024940378e-01
2.737366731176305734e+01
9.642322572023715566e+00
1.672841406702473677e+01
1.233429390222185873e+01
9.137534184336715271e+00
1.967611513333271489e+01
2.044915855800154958e+01
3.535628544291753883e+00
9.869138607596568136e+00
2.411181360409712227e+01
1.903042824741697814e+01
1.503194580027771110e+01
2.223269878652724429e+01
1.220581387451232303e+01
3.766693780812492776e+01
1.682716105878222379e+01
1.957882689301526113e+01
1.807978743682345879e+01
7.296091333234443255e+00
1.757416451004321090e+01
1.052337362692625788e+01
1.625559751399325137e+01
1.306064272565764384e+01
1.295309779521716820e+01
1.175732538924559378e+01
2.046974666164491197e+01
8.242777566479674078e+00
1.317592700159845265e+01
3.054534248439318844e+01
9.607714225565700872e+00
2.383656339376502586e+01
1.500711438609498316e+01
1.553518128148219546e+01
2.001603899731767910e+01
2.582055691277018639e+01
3.213692462370431002e+01
1.949387157832760664e+01
1.355327526999438703e+01
1.992076257812643547e+01
2.274536803101424454e+01
2.405994722286162357e+01
1.269009417064441436e+01
2.527786223610819150e+01
1.052325020237948650e+01
2.094800653356265485e+01
2.356042485194755898e+01
2.109837204510338893e+01
1.174471599332920846e+01
2.405481314489513522e+01
3.659029616651864103e+01
1.309784018317702703e+01
2.144479805287836882e+01
2.178386911636849277e+00
1.897194831490676847e+01
1.479885716907546112e+01
2.120724828410857299e+01
1.448380191115452931e+01
1.896403984982698887e+01
1.863693863572400744e+01
2.423056924062200324e+01
1.231560432743188471e+01
1.209533874032669587e+01
2.011936334429434226e+01
1.001515076024567463e+01
1.863318163101315861e+01
1.494217551628725005e+01
1.898384486435220708e+01
2.266446581992263987e+01
1.886274397585702900e+01
1.334689178250503971e+01
6.803879983542813648e+00
9.169398829944555018e+00
1.424174025944491007e+01
1.525339624165260943e+01
1.347621261850569852e+01
1.764547304619784995e+01
8.283349484658927508e+00
1.424183446963866118e+01
2.031181627489432628e+01
2.287339736191276529e+01
1.397805094709583784e+01
2.518892530315901013e+01
2.810781156469180075e+01
3.260749704689821726e+01
2.342076704541148757e+01
5.081532983876059006e+00
1.340507850496183551e+01
1.369731169850703623e+01
1.123672259328851908e+01
1.713650152395973691e+01
2.678444066830586223e+01
1.466593912683440237e+01
2.776951742883553464e+01
2.314235818452088012e+01
1.626941110960582648e+01
1.733961735841641882e+01
1.693226802053307267e+01
1.284386347624310076e+01
2.104209467084950091e+01
2.311804181310861850e+00
1.633352446869733399e+01
1.739507865069462866e+01
2.321715559016300290e+01
2.102053808023922699e+01
9.526801879104596082e+00
1.505683526150264129e+01
2.277987019908835009e+01
1.699493749882238092e+01
1.079703295330817525e+01
1.149057077882929434e+01
2.028975571436087932e+01
2.777927211324728773e+01
2.379654085826753374e+01
1.045921547183833411e+01
6.764219714068318012e+00
1.064854339892880830e+01
1.355315151052232636e+01
2.652899828400082072e+01
9.943247800045455165e+00
3.295813036873495605e+01
2.562069198494957334e+01
1.376943051072331059e+01
1.065097187886524210e+01
2.203525944074633003e+01
1.415780556779310473e+01
2.333272859858301729e+01
1.736335117058022348e+01
2.117526852054838571e+01
9.437777430596526074e+00
1.051995027729554977e+01
2.301960346771055299e+01
2.209934588033630121e+01
2.798489566615432977e+01
2.063041738360116994e+01
1.293310805391308804e+01
1.522703314100714778e+01
1.141084017300855180e+01
8.852658835119584069e+00
2.051915965179169632e+01
2.938287574304727912e+01
4.429098740895042852e+00
1.183753020611274565e+01
3.100745590202571123e+01
2.587600282728195111e+01
7.464909026165045702e+00
2.336327303568947400e+01
1.782262371675078327e+01
2.142844863640827668e+01
7.494912846025030717e+00
1.369537778464392375e+01
1.847520350714654569e+01
1.926203939135726984e+01
9.271051921988018307e+00
1.935082315505690076e+01
2.488185604580571919e+01
2.316050526201460968e+01
2.005583304784751419e+01
1.703408873723083161e+01
2.542548643568131439e+01
6.769009437796782436e+00
1.034640063508112462e+01
2.408461424215454372e+01
2.116211537813535415e+01
1.970318474332923842e+01
1.324563160727781508e+01
3.979034689353809995e+00
2.035011208384965897e+01
1.448765337831824240e+01
1.336088227209981483e+01
8.700967851442911183e+00
8.060486160846849657e+00
2.860517564518235645e+01
1.954975727630377946e+01
6.412056790829524289e+00
2.032990093859640979e+01
2.942632895441185781e+01
1.653043497152408747e+01
1.642529931088662920e+01
2.699116941091918420e+01
1.806644824637433544e+01
1.849759589177094909e+01
2.142299831440799096e+01
1.450792131447776967e+01
2.150733413718606357e+01
1.360219026287524713e+01
1.446493837245083114e+01
2.077231400925388982e+01
1.888978906389186108e+01
8.308461544127752063e+00
2.263999599861173095e+01
1.120175142759522657e+01
1.619723490252025044e+01
2.032048339204685306e+01
2.923081800741410063e+01
6.812367999286934150e+00
2.535949471031925384e+01
1.499949464812411293e+01
9.415758620937168644e+00
1.107434515208061043e+01
8.020140048471972705e+00
1.081181786078624896e+01
1.922009748662085116e+01
1.093713025565014618e+01
2.556054874301617730e+01
1.255559872791732801e+01
2.454706732934647562e+01
2.680353440736593740e+01
1.361082008054876269e+01
1.805357066037710467e+01
1.617046755894391197e+01
2.299573235259015291e+01
6.145873492025700102e+00
1.606157225851259795e+01
1.833332198036390537e+01
1.713701354180952308e+01
1.602308456227773092e+01
6.935347313549627302e+00
2.165916238122991899e+01
1.065970713001321712e+01
1.922213000971163410e+01
2.150803733222516456e+01
1.797092870965472855e+01
2.961450304012245738e+00
2.349572228457444822e+01
1.680906194490705730e+01
1.554822184902566562e+01
1.622982839175506342e+01
2.353342060846119921e+01
1.650569844663877461e+01
1.181232478446223411e+01
2.537335066350867407e+01
2.830635895504381949e+01
2.020708249533071665e+01
1.162687460812280449e+01
1.609172995549457141e+01
2.186482467460265866e+01
1.918353010958290383e+01
2.103584112479073553e+01
1.902329585653241395e+01
1.305504296249263518e+01
2.350466048024328813e+01
2.626983879882394035e+01
1.474940481718573437e+01
1.375993977400919732e+01
1.651517445236932247e+01
2.394956775958401352e+01
1.990101524177839565e+01
1.295281186032369192e+01
1.026577903339148179e+01
1.250761857546173417e+01
2.069239692560596211e+01
3.232444052362583164e+01
2.187140668983154512e+01
2.103456959032548923e+01
1.790487226763985973e+01
2.492039985983632278e+01
1.341721818234834984e+01
9.474272951055269232e+00
2.027236681984234679e+01
2.441963143621504173e+01
2.017637049518677372e+01
1.826670741212060989e+01
1.741921377155371431e+01
9.912952589645513513e+00
1.673578622788720338e+01
2.029615756688562556e+01
1.703293806087638984e+01
1.980052904070782915e+01
1.621388417008836313e+01
2.360940518778948416e+01
2.105525077209951235e+01
1.556812198504881906e+01
1.292693563646959376e+01
9.856144775844541073e+00
-2.137763570891692666e+00
2.159234564093038244e+01
2.046455290546100514e+01
1.542949618898461495e+01
1.225108630796711395e+01
1.305775319274317781e+01
2.205252306332578627e+01
1.182061836345307881e+01
1.523665832044621027e+01
2.594624321126205757e+01
8.542077933423541936e+00
1.384161864997705038e+01
2.533701646866502699e+01
1.575501481379211555e+01
2.529294264985945517e+01
1.840896234040499024e+01
1.109670391987452831e+01
6.804502343533357589e+00
1.989028900202013972e+01
2.187510507471020560e+01
2.846797665677272704e+01
7.111146339548881201e+00
1.593239251329940487e+01
1.594091000677030934e+01
3.141012834742890902e+01
2.171078498915798605e+01
1.903016105322494411e+01
2.468259397446191628e+01
1.900740693401061776e+01
1.453267040361293994e+01
1.872405348303121997e+01
2.485906460244553529e+01
2.765684336190376058e+01
9.350491326172111428e+00
2.774623770936701561e+01
-3.520985296767037198e+00
2.590978207334508454e+01
1.818657913528781478e+01
2.277241909608949300e+01
2.640688232388765755e+01
1.394618999315686381e+01
1.616183150336897256e+01
8.166112000300202567e+00
1.125152310888393004e+01
1.588717731967570046e+01
1.895863955815352853e+01
1.442523941237547547e+01
2.926381194463868951e+01
1.349011899985877960e+01
1.618886671639364749e+01
1.565842815133335364e+01
3.190065793399723049e+01
2.265217518761548376e+01
1.584266644049637307e+01
1.438958038435805520e+01
2.302510901061864956e+00
6.082005884331039169e+00
5.847431540592324950e+00
1.637882494704470560e+01
1.537880223805784397e+01
1.690593733360189788e+01
2.182845521768038566e+01
1.861193401440554140e+01
1.337964512828749264e+01
7.033301387142813610e+00
1.765352929131304194e+01
2.481897315785921165e+01
3.726026877008206384e+01
1.321047776762510750e+01
2.037663271035308554e+01
1.787938368586020488e+01
1.253652392647740044e+01
1.321933550489245590e+01
2.177847787897057685e+01
2.673997146527240432e+01
1.457893312618834614e+01
3.244241681098330332e+00
2.131350528528085420e+01
1.512372520499238249e+01
2.847312658250893946e+01
2.316512969049943393e+01
2.952698327723950911e+00
1.417619711761588519e+01
1.365946071389836902e+01
1.847277350429898490e+01
2.234052416660490792e+01
2.094180368464420638e+01
-1.374992188293859385e+00
4.438655740608169253e+00
1.851963784789732870e+01
1.795272806475419003e+01
2.090382653448514816e+01
1.645926782276664113e+01
1.433641277907737788e+01
-3.364588201296101033e+00
2.319925544115464788e+01
5.943165242272328896e+00
3.194895969810514202e+01
2.196763579653637066e+01
2.129969452284012021e+01
2.066071218345415161e+01
1.053953734186750069e+01
1.424349759829964057e+01
1.963501575063138205e+01
1.533776528193166655e+01
2.675692434863057656e+01
2.140006397678686056e+01
1.126349757937050811e+01
2.769760546141995405e+00
2.945753027389898193e+00
5.980713863819701714e+00
1.880903286347803061e+01
1.760805334709731085e+01
1.816961378970276542e+01
2.479746258506206402e+01
1.339227242758141756e+01
8.656159861048365656e+00
1.996733866170168881e+01
2.362445451321700318e+01
1.868056803742598504e+01
2.777683040032304973e+01
1.677705808487277750e+01
1.977055255191523031e+01
1.063945941614245783e+01
1.442283243672500248e+01
2.273129005264132729e+01
1.973092558415955011e+01
1.383259865747750439e+01
1.992036449241146556e+01
1.194356704432661331e+01
1.309902718500970309e+01
2.042362195012162118e+01
1.378543294496506633e+01
2.543107216446598784e+01
2.003496061831965847e+01
8.778698868342360129e+00
2.146366510777578185e+01
7.298297663732540741e+00
2.966945078351045595e+00
5.720320014913653495e+00
1.938111113343222058e+01
2.419402328746318176e+01
1.834684155073831135e+01
7.689900008201306036e+00
1.695559237470671121e+01
2.037624802960041137e+01
1.971990548766724771e+01
9.237887575144881680e+00
1.683932078402062871e+01
2.802509662924607881e+01
1.231643354085878173e+01
2.113803140656282409e+01
1.301272037921478386e+01
2.245432451348919045e+01
1.386582942873836544e+01
1.047583379076523613e+01
1.565389795050418797e+01
3.455983770213816086e+01
2.393209139546750208e+01
1.767085355623196818e+01
1.204718252596963168e+01
1.391254196457276748e+01
1.757626725816844271e+01
1.495771245520828074e+01
1.433590059768413028e+01
2.737009721034806375e+01
5.093179999719183115e+00
2.446640839644642540e+01
-8.785773330038182394e-01
1.515531225761379375e+01
2.472000182352163478e+01
2.342410972215245835e+01
2.786156552909871209e+01
1.733510400244130523e+01
1.792389358674854805e+01
1.977312886109329781e+01
2.695538011235298370e+01
1.864918308237447775e+01
1.401496393873550517e+01
5.723266554516214910e+00
1.684243641292800930e+01
7.553885658087608590e+00
1.899598658944416485e+01
1.353798573630848523e+01
1.660277540215972181e+01
1.211128333712291294e+01
2.451756064728362361e+01
1.917143485593134500e+01
1.731956722552145322e+01
1.753550800021023548e+01
2.177605766415631905e+01
1.130380042886375236e+01
1.203771798839643736e+01
2.267948548117293228e+01
1.183228250466284237e+01
2.462781841531439397e+01
1.613133180839021463e+01
1.194907300995838284e+01
7.797387889267952232e+00
1.331742472324421556e+01
1.949715131225801201e+01
1.455822040451776900e+01
1.353160416573120983e+01
1.567287655867659879e+01
1.476840970931671393e+01
6.543962747877898778e+00
1.921812901684297969e+01
1.821825537281530671e+01
1.360032995043688686e+01
1.600126286896919225e+01
2.601454525233859272e+01
1.258065239989259965e+01
1.003040329066408276e+01
3.165849599482442756e+01
1.158240508108623601e+01
1.255279941182131154e+01
1.235120278966513752e+01
2.837644810095768833e+01
2.566259879027144564e+01
2.434801517483748512e+00
1.303958510967946438e+01
1.937488742980601586e+01
2.425916058898785366e+01
1.676206897724603095e+01
7.235945170537064541e+00
2.215365514342142461e+01
1.481810018164705411e+01
2.164652304385604964e+01
2.745603801621868456e+00
2.324546083970101762e+01
1.768130357240838890e+01
2.349476787527396482e+01
2.055414483372695145e+01
1.567550954071501224e+01
1.004875371663651151e+01
1.881886217567873842e+01
3.105190608234503458e+01
2.695953736271241041e+01
1.074814139049419737e+01
2.329350685687472122e+01
8.855401292681094105e+00
1.385607476605017041e+01
6.311692699161227438e+00
2.396517582087833631e+01
1.511807260076092518e+01
2.438379651479542787e+01
3.173449085383416701e+01
1.890593549733858936e+01
2.397691944930532770e+01
7.594134123901611133e+00
2.680717598374978650e+01
2.372213875877299927e+01
2.431145216174610368e+01
1.209230300266318636e+01
1.242113060008902892e+01
1.491029190015024142e+01
1.099808145525375380e+01
9.219885774995447036e+00
1.940237181259099941e+01
2.042209208895712180e+01
4.380296441182352396e+00
3.495897130425049681e+00
1.471457912410301105e+01
2.755746153688357225e+01
1.255123309599083115e+01
2.129875546417167698e+01
8.949598513371284980e+00
1.517131025280106371e+01
7.396643834116176208e+00
1.583428006244760411e+01
1.253461152181287730e+01
7.739596542229065790e+00
2.289592939069337518e+01
2.812539387271646518e+01
1.879505703116656434e+01
1.396515281996973101e+01
2.456889686326164224e+01
1.620874009416723993e+01
1.625911960539256995e+01
1.517075941447764365e+01
1.944550450467755809e+01
1.243455764238140659e+01
2.094267869483254429e+01
1.591735273312535526e+01
1.751352456881474495e+01
1.592082650317387049e+01
7.569726582380837954e+00
2.155900709472530963e+01
3.445979294759681011e+00
2.719622932478151967e+01
1.453292566810574726e+01
1.580990622690120517e+01
2.640959942299966912e+01
2.104525188365445842e+01
1.708380516003988703e+01
8.410805331212941383e+00
1.288221489605098213e+01
1.108118063784803553e+01
1.335815521882277324e+01
2.068381233013130327e+01
2.399600931833581541e+01
1.978984717437440111e+01
1.742034989802317568e+01
2.514759178751550905e+01
1.784758996286659283e+01
2.072570386233125816e+01
1.733565850112601936e+01
1.035637105247285206e+01
8.025192845950996912e+00
1.996161392148221125e+01
2.173747663833339772e+01
1.549678203523669140e+01
1.299911437032585582e+01
2.855371284763633355e+01
1.493588290658320261e+01
7.934912501661642636e+00
1.171535562936563224e+01
3.284688953754682927e+01
2.958372653481312398e+01
2.726132431029589753e+01
3.587067578181689242e+01
1.320184882137567683e+01
1.929471511314208243e+01
1.854524879321434128e+01
1.516654077959060487e+01
3.695960117573491743e+00
2.453136627899183964e+01
2.215945863911020552e+01
1.093355287835608181e+01
2.217136957909664119e+01
1.807397372579787742e+01
2.528584729428504829e+01
1.329299782157302445e+01
1.402610433772157705e+01
1.801673436049080124e+01
1.137093244902501965e+01
2.052254421566058795e+01
2.011196067202679671e+01
3.340555041349735177e+01
3.230894338292406331e+01
1.245785620877549604e+01
1.069852418032742492e+01
2.604766465690480004e+01
2.061649923730720957e+01
1.979803358460718243e+01
2.221134613375703992e+01
1.884959155107699047e+01
1.503263923573757666e+01
1.919440926684816873e+01
1.899813511961985313e+01
1.167007741573154078e+01
8.396943766824605859e+00
1.773348561200204188e+01
1.871809319878761357e+01
2.670830745403762307e+01
1.599609993193399760e+01
2.654545180574539387e+01
2.404054028066013871e+01
6.369534315330568575e+00
2.092326584252451482e+01
3.159871605099482395e+01
9.985459672948820753e+00
1.296786634986399633e+01
1.906691735508341168e+01
2.065579553062890028e+01
2.099845218866860108e+01
1.949608579436329592e+00
1.267574500694334461e+01
1.583893392214042706e+01
1.731068133754714466e+01
1.167708562440043352e+01
1.818696536008172160e+01
2.843595424529041793e+01
-8.740629187190620542e-01
3.330881480099437653e+01
1.140024000039501573e+01
1.575394144661480311e+01
2.391244933656453497e+01
2.844593363141734699e+01
1.128122796848657572e+00
1.983665533375474155e+01
2.730386447018522489e+01
2.344700089533576204e+01
1.795884083099583961e+01
2.299476022213771387e+01
1.306645104284251602e+01
2.021190278377005001e+01
2.525481320053910395e+01
2.185314264522376249e+01
1.080813996083026751e+01
1.481768413974181442e+01
1.558121023676947914e+01
8.027465787326207192e+00
1.614593028863407653e+01
1.913635604019094671e+01
1.066153169525422584e+01
1.785621155966200035e+01
1.962933004209497057e+01
2.742592477377310445e+01
1.986304669768599496e+01
1.713199452787326038e+01
1.941467442232465146e+00
1.462648928931699999e+01
-2.237471514390975358e+00
3.402115249734274727e+01
2.035540560852899006e+01
1.759803452920226619e+01
1.909958080325008467e+01
1.733209081066785018e+01
1.613841998750110918e+01
2.027609617306612932e+01
9.643253640370033963e+00
7.925745932233013491e+00
1.510314538830958497e+01
1.418942657200180690e+01
2.137315961310596890e+01
7.679601679064361974e+00
6.118005916077692063e+00
1.712459847008133806e+01
1.553637833399670853e+01
1.432442355112991095e+01
2.508446478742273911e+01
1.151008252091294537e+01
2.643527636647624490e+01
2.421915811865789436e+01
9.362105231965443863e+00
8.487151148766628239e+00
2.243800084174387166e+01
4.466904259166042834e+00
2.641284873219580476e+01
1.033463185994759215e+01
5.723953605666338262e+00
1.602406489743486873e+00
7.782826633416760842e+00
1.560182230004090798e+01
1.627699130540077022e+01
2.303579618799158624e+01
1.385291544037292510e+01
2.954009184771688012e+01
1.730728067357631517e+01
1.475214242501142081e+01
2.231476028143319468e+01
1.332946423573552863e+01
1.024757552388045667e+01
9.918429954503494628e+00
1.354682622415103310e+01
5.920987917140919876e+00
5.540056562280767594e+00
1.154229123513280797e+01
2.137896908871983470e+01
2.560296014158618050e+01
1.404865545477013455e+01
2.149877138473085836e+01
2.596760791952180369e+01
2.057589766432466405e+01
1.651187760719864173e+01
2.138255021785074916e+01
3.056391598903198314e+01
8.683805449852656011e+00
2.374959007839036929e+01
1.041075892567376115e+01
1.791285825678379240e+01
1.701305101491679750e+01
6.628770052982673633e+00
1.727290995711997823e+01
1.228072797158372964e+01
-1.140719159262360449e+00
1.168518270464552700e+01
3.190765794624968521e+01
8.999080326168908073e+00
1.201032494279601792e+01
1.722515954218383172e+01
2.314287857702032625e+01
2.160368216988372581e+01
2.241043992182914479e+01
1.936334687148949740e+01
2.001043851019501574e+01
8.897660249070796112e+00
8.387698132075442459e+00
2.226077681023619448e+01
1.223037893493388140e+01
1.851141275914422124e+01
2.107846563583078847e+01
4.914945550865752466e+00
1.406846503612487709e+01
2.308159794187432823e+01
1.792128311351457626e+01
2.266937254768491528e+01
1.066407337241409437e+01
8.805772145829578790e+00
2.322042616445600061e+01
2.134726891423508732e+01
1.713722619140493464e+01
9.850209999066237287e+00
8.971290159285814525e+00
1.141727727986278751e+00
5.158593345711736333e+00
1.340446844482814015e+01
1.183572620590516067e+01
1.351153931252366647e+01
1.193348642140094285e+01
2.370940576480489881e+01
1.669330365609060607e+01
1.813329214180398452e+01
7.409516121291019886e+00
9.253744673006096377e+00
1.105183742707572492e+01
2.220419627537400942e+01
1.795783099934098459e+01
1.113920803376976210e+01
1.530874892610663096e+01
1.075677740472505661e+01
4.566962760110385489e+00
2.134784998060563055e+01
1.726756238132777810e+01
1.374169615149853030e+01
2.630729239057185254e+01
1.286106760101986879e+01
2.243283698830411055e+01
2.558813383541675535e+00
1.905829842539364449e+01
1.762331286727211932e+01
2.725394083645014831e+01
1.179613239521242463e+01
1.182443881247856154e+01
2.291770329847044252e+01
1.520571950514194270e+01
1.578045669707452703e+01
1.393162503107152617e+01
9.449703529743899821e+00
1.856316754952084835e+01
2.619226704070641176e+00
7.256631589714473307e+00
1.327211638023234741e+01
1.414438670803657772e+01
2.408170182840464690e+01
2.325430145498046386e+00
2.929738312845002213e+01
2.194810035633294376e+01
1.349077350070218984e+01
1.301840735017431427e+01
1.764346083004633670e+01
8.234069679720576573e+00
1.109652924448624844e+01
1.197106239117439941e+01
1.817265409647652064e+01
3.196513788097720976e+01
1.658263807899732001e+01
2.992443270680615086e+01
1.385822044921141583e+01
1.238497082196238352e+01
2.812908359031969496e+01
2.378206403340133335e+01
3.590992637438588986e+00
2.266418976076693781e+01
1.957476942466881553e+01
8.218252847619808676e+00
2.340669143002085661e+01
9.253606659895837083e+00
1.200516497912740022e+01
9.910827604525934476e+00
2.367329282560301351e+01
2.287812397086995020e+00
9.276130564261251266e+00
1.962291642114763590e+01
-5.359429300015293052e+00
2.225959188982664472e+01
1.613117522136789717e+01
1.899714922021118468e+00
2.285679716149075347e+01
1.418613631407451692e+01
2.732521685997171801e+01
1.678098682586907842e+01
9.658397369340491423e+00
1.698683519079104087e+01
1.101311410128320745e+01
-3.391418668656896784e+00
1.809129981955690880e+01
1.424886241030748124e+01
1.492784903748140835e+01
1.360387812407805086e+01
1.675891920412244929e+01
7.626970017403834845e+00
1.051877284152230629e+01
6.614529384594845851e+00
2.392216902873344253e+01
1.280944686032432145e+01
1.846214274678546019e+01
2.212258816924779126e+01
2.193153082458381675e+01
5.417734167966841596e+00
1.139656384011850321e+01
2.745286841161845359e+01
9.780348309982656474e+00
2.286664106536045438e+01
1.977906684352325328e+01
2.096744695691715066e+01
7.172462986481946245e+00
-3.955406563879392934e+00
8.465879798144101187e+00
2.151193013427018741e+01
1.757215491072842184e+01
9.150937778269906175e+00
2.560209271070941384e+01
1.735117337861765918e+00
2.193886045120174089e+01
5.381282031695576507e+00
1.124152916134838165e+01
2.974086763373848186e+01
1.296388610270282982e+01
2.345413609467515670e+01
3.830147266625786528e+00
4.768859899052927176e+00
5.996753130132191245e+00
1.417626341102015886e+01
1.022489543712599414e+01
1.614585804110073752e+01
2.654037182695222441e+01
1.547471851073024141e+01
1.158292930071573323e+01
1.726228742087488399e+01
2.395794217065260057e+01
2.247219044894798401e+01
1.193810139283546334e+01
1.545139044788224680e+01
3.273209366003385412e+00
1.962875756623230927e+01
2.737856197316489215e+01
1.505066862771322178e+01
2.277438366390538249e+01
1.698967437576244066e+01
1.102089017998092402e+01
1.710693812964478866e+01
1.195562269146254408e+01
2.264495920888102631e+01
6.091481583477005302e+00
2.535642511270938826e+01
1.753847466876793959e+01
1.773086254752071511e+01
1.404368707162321073e+01
2.320960794142676775e+01
1.297041692133632296e+01
2.334859838662987386e+01
1.529385018966615917e+01
1.773516838997072398e+01
1.200560927132060840e+01
9.704220961743274643e+00
8.958480415625231785e+00
1.971826175192629194e+01
2.244909065145650118e+01
1.172343288641916104e+01
1.370299109777458568e+01
2.053829328148363942e+01
1.694315911466664204e+01
1.733852506202828181e+01
8.958831926879938123e+00
2.167397159399182982e+01
1.218828145529761287e+01
1.815667975595839323e+01
-1.067198563876458195e+01
1.847000493692475231e+01
2.106657305388850432e+00
1.176057939456767087e+01
1.559230743456393498e+01
2.603754854753260872e+01
2.596810897756287062e+01
1.029833425027889149e+01
1.056437739862757041e+01
8.637083416211638109e+00
5.314488543424502609e+00
3.729895010739298300e+00
2.067955204157320992e+01
1.887953830417859535e+01
3.375670660274437296e+00
2.731893862126101169e+01
2.037627192564480083e+01
8.956462978879073944e+00
6.422498105876897512e+00
1.681042608541888939e+01
1.439631520108723350e+01
2.517286616221912254e+01
2.017073582197510717e+01
7.072484407252943583e+00
2.210746640752958569e+01
1.070140812123754870e+01
1.533214279888045439e+01
2.389466368046501543e+01
1.650944666336718569e+01
2.591877488375907035e+01
2.371077659702465468e+01
8.488410319472734500e+00
2.082692994416640886e+01
2.325291593108210009e+01
2.710665889923163263e+01
1.049476096493941668e+01
1.720667012904557680e+01
1.939665421958180502e+01
1.181262175661662184e+01
1.887879247554902662e+01
2.513073397767998785e+01
1.645066953094637086e+01
7.285951670905959077e+00
3.102812890799585688e+01
1.663260859955507698e+01
1.983819664850624775e+01
1.459891906318195254e+01
1.589090288291029651e+01
3.775031520770937732e+00
1.118315763246424410e+01
9.189339320599941630e+00
2.084807325387436094e+01
1.922895791893543560e+01
2.038003893429854685e+01
1.665515430082722048e+01
1.165934096497198880e+01
2.295242462638441339e+01
1.799584349026292074e+01
1.015574143071965807e+01
2.307399619947648262e+01
1.253066782773365162e+01
2.584446363601576024e+01
3.086675735493525252e+01
1.771098725378224970e+01
7.170129051383270280e+00
7.451464760456502745e+00
1.921173459190182342e+01
1.653903795838084534e+01
2.188439023203247302e+01
1.980440666378433434e+01
2.305087656677534369e+01
7.530193524869019939e-01
1.885501195659684015e+01
8.813809680060600726e+00
2.241952001698207653e+01
1.498826830622176942e+01
2.387853479029615755e+01
1.590375697584278214e+01
9.416491400867329276e+00
2.224461174003317865e+01
2.760368438195057905e+01
8.869611060223974164e+00
1.567479407699640603e+01
6.544439761929368160e-01
1.891272324885422051e+01
3.796278436310387860e+00
8.529733753740842417e+00
4.569282150373027207e+00
2.053118064206490345e+01
-3.231368885771303212e+00
1.583999343190100717e+01
8.244949689721693176e+00
1.132796208609224209e+01
9.799263321758004963e+00
2.672507646293799866e+01
1.209212564779072352e+01
1.493836386696381169e+01
2.030056200716011006e+01
2.133456220180723051e+01
1.907007983857994304e+00
1.258057985441332960e+01
1.297469708126442356e+01
1.760127148171727640e+01
1.355855942594200769e+01
1.396151572595186963e+01
2.175243090351867892e+01
2.423736087320443744e+01
2.154001401719455089e+00
1.315898449551454519e+01
1.057694540089359236e+01
8.175728605672617277e+00
9.017416638700993303e+00
2.293794203045855795e+01
1.742465005420037016e+01
1.915568598998204664e+01
1.293329680236779211e+01
6.673112014451106688e+00
9.828660860012419676e+00
1.856050288614551391e+01
1.040679428701267284e+01
8.610367802539371951e+00
1.369674596881091588e+01
1.721009226933284708e+01
1.830598994049784523e+01
5.117335473810840085e+00
2.407172977575662287e+01
2.070718476358193527e+01
2.351402402467670072e+00
1.639900034131579787e+01
1.806344133132890306e+01
2.211340942382108921e+01
1.399607563312771674e+01
8.364675801307484448e+00
1.339392007271214879e+01
1.252820498009523931e+01
4.152641705457995158e+00
1.511279650850130452e+01
2.209549068109311065e+00
1.656306172720964298e+01
2.492161644904318507e+01
1.648929588901933130e+01
7.843560032738650989e+00
5.348749020483509753e+00
8.239926099470991971e+00
8.568228992686357515e+00
2.271678770048177398e+01
1.350352998730592446e+01
1.097608259704483658e+01
7.595625804863871622e+00
1.357527878878885019e+01
2.315489998693463747e+01
1.758490734621610585e+01
6.913923482990171010e+00
1.343285349237055470e+01
9.378371469302791752e+00
6.858719491318083783e-01
1.622618113057950495e+01
2.748907970993594319e+01
1.574304691275119694e+01
2.304749735567607871e+01
2.701345658944642025e+01
1.280522460980675703e+01
1.439826558217482955e+01
1.559263662735513378e+01
1.325240304754944987e+01
7.853015342324582093e+00
1.179509079343535660e+01
1.786465862346180700e+01
1.984791727364068947e+01
4.049098370728728469e+00
2.136158804610599304e+01
1.206365858995408047e+01
1.260616482036320463e+01
3.042613076174102105e+01
4.310560182272828911e+01
1.233555465397813578e+01
1.650835877726682810e+01
1.703369697097342339e+01
2.081273804968256513e+01
2.257360227433144928e+01
2.386860086238028344e+01
-7.957452405454020550e+00
2.360948752711968268e+01
2.311017646389514368e+01
1.990257019451101428e+01
1.984700339037744499e+01
2.485793310342432960e+01
1.162569455004782526e+01
7.359534546814330724e+00
9.681924964935035405e+00
2.208979214171046124e+01
1.471513669704073379e+01
-2.366047380984923620e-01
1.535343467169683151e+01
1.051904320301171936e+01
2.253222780028222161e+01
1.860869097583710641e+01
1.170381364638521404e+01
2.057732216033627992e+01
1.893161418492501724e+01
2.105485749231684167e+01
1.284791962730072612e+01
1.512706804548143680e+01
1.792872696797061849e+01
3.317257464641158293e+01
9.019892860250180888e+00
1.888096675673963887e+00
2.943673796432671708e+01
1.028219602210664618e+01
2.017562759738677158e+01
2.256545980175813781e+01
2.259796560554644174e+01
1.375045450232966004e+01
1.369089867692456153e+01
1.308504564619218513e+01
2.066426883131470049e+01
5.008204926569447935e+00
1.200630884774602691e+01
2.828331446207312183e+01
3.418351637458489733e+01
1.985638716597232900e+01
6.246161441856330043e+00
1.106247642006010778e+01
1.487021079844384275e+01
1.460720442352146620e+01
1.610085620293628494e+01
1.613293353040631928e+01
1.582407879618479285e+01
1.900535586760805984e+01
4.897910324965451423e+00
1.274336945695070256e+01
-7.451525231724076548e-01
8.394551418842397084e+00
3.440474571358966926e+01
1.434242723339915671e+01
1.989490530931249879e+01
1.245835132925165567e+01
2.084980509655292025e+01
1.615076090593986180e+01
1.715051286713786283e+01
4.709865688482437918e+00
1.044762036638829272e+01
1.444767295136824714e+01
1.811507775478434468e+01
7.311741047163678786e+00
2.110545722021260673e+01
8.210398010227834220e+00
1.547000348229880728e+01
7.087339282763451820e-01
1.582485594427828346e+01
1.919325536615765770e+01
2.406779656376139087e+01
1.070353724848096277e+01
2.542017030812955625e+01
1.187019508905791554e+01
1.857170259013398095e+01
2.470287310447204732e+01
1.257525681176872467e+01
2.407381392945723064e+01
-7.016738694306638990e+00
4.205958805074260454e+00
3.496742837041665553e+00
1.810317518592778185e+01
2.727460244306764281e+01
1.015527843746068015e+01
1.018833208539125224e+01
2.633684291256513887e+01
1.916514970404251983e+01
1.633427982811980428e+00
3.542118259633036814e+01
3.717791867586370813e+00
1.571957341838059108e+01
1.842055304797128912e+01
1.241234358173373664e+01
2.134168540205162401e+01
1.783012305148739074e+01
-8.555067913789002887e-01
2.535438244884328185e+01
1.197409251508540962e+01
1.877637777176671108e+01
1.108573732831131053e+01
1.586204560316973300e+01
1.579825367997223395e+01
2.523821226195220646e+01
2.892407401196263805e+01
1.276120320791919482e+01
1.900448342206757957e+00
-1.076331104478725820e+00
1.253417204432926724e+01
1.753625097842862601e+01
1.992734133456853129e+01
1.101985486250634949e+01
6.587180066451253424e+00
6.529776724432181823e+00
1.334745446849647976e+01
-2.790770724141822257e+00
9.192312529021080536e+00
3.684596305104136604e+00
1.180399207642942372e+01
2.071446998511089532e+01
2.629430945861620472e+01
9.528494542365649522e+00
5.686762973150464973e+00
4.387118409531169050e+00
3.807754475058175103e+00
1.779854436551222818e+01
2.030421112475670498e+01
1.668376958619695927e+01
1.792692252885028381e+01
2.173833786014237290e+01
1.328273099635580223e+01
1.178006589124271386e+01
2.303699043147037173e+01
1.317551559527699112e+01
2.467368364991152418e+01
1.870526106488941309e+01
1.557250493708195904e+01
8.687061725876787932e+00
1.123985843223229608e+01
2.516434962810090070e+01
1.069963982718725504e+01
1.644044039442792382e+01
2.145160700960474998e+01
1.495061752165675273e+01
9.983619694428099933e+00
1.293987745870718697e+01
2.079788297558111765e+01
1.200556025197809618e+01
9.037174462885587900e+00
1.059195909359175403e+01
2.779166762315868766e+01
1.863885949970458711e+01
2.030295164024195742e+01
8.665042147079745405e+00
1.250170643334975296e+01
2.614040136837985528e+00
3.622034804166105459e+00
1.855893271541914658e+01
2.427653824185777864e+01
7.832785774852439431e+00
9.037414350421471454e+00
2.508898572039361596e+01
1.669760968665138989e+01
1.376435457256491190e+01
1.054941709033313657e+01
2.381926796800784274e+01
1.712397645405121693e+01
1.629553290148659528e+01
1.547824191516527037e+01
5.995060244326850807e+00
1.801942097942042409e+01
1.659217486993763657e+01
1.384063336793329313e+01
4.435262339556643951e+00
2.533771744868469256e+01
1.929385308898461915e+01
3.358107557868976301e+00
2.188641984625020598e+01
1.158317122374256769e+01
2.800406901477455079e+01
1.278845531036472494e+01
3.224469471562059653e+00
2.365417371305059646e+01
8.207841846858514145e+00
1.196766408678807636e+01
1.183144924423953626e+01
1.203480584941716813e+01
2.593991341662771788e+00
1.773749985192466738e+01
1.877707124813966288e+00
1.729107524276458463e+01
1.537092558490616057e+01
1.788528214464210464e+01
5.140123814636524457e+00
1.518416978006995066e+01
1.054523283532725486e+01
1.532568517757592019e+01
2.219814263345532623e+01
2.589239500942436933e+01
2.012089221633070224e+01
9.057091809911980818e+00
6.292889284134091099e+00
5.728573421610320793e+00
9.207945352755075419e+00
1.483984276522376433e+01
1.324562036611465032e+01
1.423983463453081555e+01
2.318311144062919027e+01
2.308818723998464151e+01
1.769678325321902435e+01
1.860694044172705475e+01
2.457380108638332672e+01
1.676120634848163604e+01
3.173853243952877534e+01
4.604702170609343170e+00
1.403771497940407187e+01
1.085210748273541981e+01
1.590175009499452585e+01
8.878117584733544732e+00
1.789546871435202036e+01
1.332340700334029293e+01
9.721901855472950160e+00
1.970839321111678544e+01
1.268136767652795527e+01
2.642816407649513621e+01
1.386256440413525581e+01
1.727337847931627834e+01
1.697947952281741379e+01
1.235813219763301163e+01
1.503349601996143292e+01
7.399938726923991794e+00
8.807018842089007649e+00
1.352393577665193902e+01
1.811456492519086936e+01
1.982822223483460533e+01
1.205174686312135179e+01
7.961613721775989916e+00
9.573966470446592325e+00
3.045185498092394027e+00
1.954536741951783796e+01
1.108337186114788153e+01
1.158143828494787897e+01
1.693517578176312099e+01
1.637379246449051351e+01
9.419659251889441975e+00
1.330949068046727746e+01
1.464111666578402549e+01
9.264157682739451616e+00
1.572982427424079788e+01
1.034432096182119665e+01
3.950424188400205594e-01
1.619119388683947136e+01
1.615647525866476997e+01
1.039367381866730966e+01
1.498367050209942875e+01
2.374461313741673507e+01
7.163403693900264102e+00
1.178069053026796809e+01
1.820377492509194184e+01
2.266462867964929728e+01
-3.673244983000898856e+00
2.957647450050718874e+01
1.313397960900910277e+01
1.065216101404517701e+01
8.700534281323342611e+00
2.613639048975989709e+01
1.290212076066572422e+01
1.180464732166710462e+01
1.321887347886088548e+01
1.852911861713438668e+01
1.826880121009622826e+01
1.246976003390071241e+01
1.270001794721869715e+01
7.648935017379216106e+00
1.590024378576914899e+01
1.455601393641734376e+01
2.395402006918257598e+01
1.607690937047274815e+01
2.451792113980057763e+01
2.723667245419414940e+01
1.483006099724666171e+01
1.513912664127644803e+01
2.022270731051634129e+01
1.795913680113302036e+01
1.339728409402329135e+01
2.516090072909744890e+01
1.001811338735065249e+01
4.675343006966215853e+00
9.299584762447636876e+00
1.758320770970361480e+01
4.986484136301712056e+00
9.004893215483463109e+00
2.079569243214876906e+01
2.440100495818170856e+01
4.657757045816168784e+00
7.732838716045549177e+00
1.155521302226340197e+01
1.827043224749252204e+01
1.706591534592011783e+01
8.512171690389209289e+00
1.644084257106320024e+01
7.503092956711014949e+00
2.062324924467321097e+01
2.014539549849824596e+01
1.015488919118466526e+01
1.692109504194807101e+01
1.064793662794143358e+01
2.208343364665277164e+01
1.782319154387242577e+01
8.893971160994325942e+00
1.922885013627949036e+01
1.427433149504404497e+01
7.872040199944038363e+00
1.743547746863805514e+01
9.002396540521587553e+00
1.725026462853849551e+01
1.978411980834485462e+01
3.128058628270920138e+01
2.190067737723227737e+01
1.164830919573374501e+01
1.637642743311130289e+01
2.484189913128740557e+01
2.321141235386568269e+01
1.026959081493279768e+01
1.432833664765804826e+01
3.131668987903172763e+01
2.004306227558193854e+01
1.401866372704671448e+01
8.447918394862114155e+00
2.525415211333807974e-01
1.533763254458453673e+01
1.722915784227333802e+01
1.249236049705966423e+01
1.980231940280897618e+01
1.579751003283298871e+01
9.126498827885257015e+00
-9.494135604978310994e-01
1.643980784075014867e+01
2.500494829544492603e+01
1.437015621613790017e+01
2.507764113192047972e+01
1.459565653160994714e+01
2.688184548029310150e+01
1.623518120012261079e+01
2.898400608021532321e+01
1.596158333310583544e+01
3.341320916289519971e+01
1.553171912919293618e+01
3.048721557400232030e+01
9.266947846813934575e+00
1.923905038093184316e+01
4.391497966241345807e+00
1.498457241430253362e+01
6.118909310137041757e+00
1.912143785229950765e+01
1.173648374298932140e+01
2.120525223088642974e+01
1.522979161530992087e+01
1.703865102800978093e+01
2.537964357844786889e+01
2.077571735525715724e+01
9.922317788715091069e+00
2.277606221819122823e+01
2.312010790460927723e+01
7.088845086586715638e+00
1.577750598768317047e+01
2.430605831958187935e+01
1.104509843835897698e+01
1.597105710568234826e+01
6.947963204146574867e+00
1.507700303592471869e+01
1.527256000589478901e+01
1.068547938194269875e+01
1.031516180013938566e+01
8.477395122234618441e+00
1.484463305555107127e+01
2.266244078521479111e+01
1.198911655785326502e+01
1.894529453257857199e+01
-5.685249492697636242e+00
1.713326369054925635e+01
2.321156707316204404e+01
7.557291472435949231e+00
3.124556474124013050e+01
2.229263048008010628e+01
7.959599844530814039e+00
9.526175330830483290e+00
1.348549418366833663e+01
1.312108135648335860e+01
1.376702359691174138e+01
5.336789202997948678e+00
2.467371774960308528e+01
9.916705394036924304e+00
8.950514372237989846e+00
1.706208419410068444e+01
2.707901021776208950e+00
1.939483903673646381e+01
1.288861590599680085e+01
1.751541144898163793e+01
1.998687469454117149e+01
3.664762633323518060e+01
1.053747947813705821e+01
1.725234348678215213e+01
1.397023411363721834e+01
2.091921895495408990e+01
2.368751450546815818e+01
5.233877746129735442e+00
7.240969717794797589e+00
2.064686188285415369e+01
1.673367364329287454e+01
6.272036500806635217e+00
5.159976837214017564e+00
2.175397263725191976e+01
1.407430318803794478e+01
7.064414690056096902e+00
8.049267615395365283e+00
1.784017497467249314e+01
8.821149818358591688e+00
3.047435007897714598e+01
1.428527163478947415e+01
-7.058166528272479923e+00
6.458593307133128292e+00
2.150255242331150640e+01
2.385037306803933177e+01
2.327914718285988727e+01
2.059605869165545045e+01
1.749624927874602065e+01
1.075356550760035645e+01
1.468593950565562523e+01
1.936978946154779635e+01
1.495959481467436092e+01
1.845214732506191524e+01
8.074175275621342962e+00
1.542802807958831579e+01
7.022823973246232754e+00
1.687230132186353870e+01
-5.257158687748400894e+00
2.115121877346288670e+01
2.041689587173266318e+01
1.818783048785494572e+01
2.371768179799402532e+01
1.580422598997742512e+01
9.056885513453032388e+00
1.932533581984009174e+01
8.584270255566806895e+00
6.193290168931412154e+00
2.090134623216174958e+01
2.508584830850264069e+01
2.233145697458640910e+01
1.632955916890614390e+01
1.914447429658135746e+01
1.581577101867949864e+00
2.144896920711590127e+01
2.070144630814928632e+01
1.202641078578663780e+01
1.922664117019735386e+01
1.543892393269537422e+01
1.019323780011076508e+01
2.278407217196106416e+01
1.802017595558674401e+01
1.038615018433026194e+01
1.482325412283462640e+01
1.620429569613723686e+01
1.609232765612780724e+01
2.206719907760216870e+01
1.097215323933336606e+01
3.053115619813146964e+01
1.237070932389502786e+01
1.629729997464392710e+01
1.677983435703899318e+01
1.728970940936549994e+01
1.465780724894476350e+01
1.452442393135453358e+01
5.297711232495615263e+00
1.112986997019130797e+01
1.515592914000701796e+01
1.534200592581009914e+01
4.706476175243139437e+00
1.976747858005031588e+01
1.843471466125708957e+01
7.305044289232611732e+00
-5.931839979364355031e+00
9.816018543617559544e-01
1.000072383286588718e+01
1.153372826402573281e+01
1.970884378595679465e+01
2.714095232365927757e+01
2.501458598077220330e+01
8.007205249933633695e+00
1.406693678510858092e+01
2.139526420232309789e+01
1.494547725379102587e+01
1.372782555641664715e+01
1.670094828712677781e+01
3.249431671639256081e+01
1.740361236121131583e+01
1.731099101389911965e+01
1.946924715388087890e+01
4.759982554986052605e+00
1.492399987103618741e+01
1.934775712954380822e+01
1.088085329976634341e+01
3.740719159675393257e+00
1.347045010159639844e+01
1.996518161514032386e+00
9.370211016669870219e+00
1.151830769875421367e+01
9.715473717430938905e+00
3.370170988983954885e+01
2.608285963703934129e+01
2.238042749312920421e+01
8.159104167974305710e+00
1.394583305539455864e+01
1.877719801125616783e+01
3.276965532024210148e+01
2.163342735776413406e+01
1.810333398268802796e+01
1.071276353233704981e+01
2.273061077888577586e+01
2.279033557754058847e+01
1.187698329993578739e+01
1.609822572481886027e+01
2.180042061011165799e+01
1.531128332511180190e+01
1.905285853980797128e+01
1.637771685326724480e+01
1.013712841800911946e+01
1.470244398022214227e+01
1.515854480218143863e+01
1.674882817822690129e+01
1.287601880518425901e+01
2.216439419738189542e+01
1.869799892489048432e+01
1.080449387900283398e+01
2.405582137226054584e+01
1.426831734180251487e+01
1.110849447772204712e+01
5.349432152198403401e-01
1.623148236322522564e+01
3.563040226110189224e+00
1.009442979555782927e+01
1.278758357504570142e+01
2.630230059008557930e+01
2.147770595113640013e+01
4.648210220150673422e+00
2.531703888911955147e+01
1.319432711261848112e+01
2.627603030123700734e+01
1.187509172576446304e+01
1.794132856538219301e+01
2.744782548766360719e+01
2.610080340357275475e+01
1.834951254028415235e+01
6.931656543678940352e+00
4.242214991227982068e+00
7.762879435153024588e+00
2.037625948051152136e+01
1.542578538388805498e+01
1.326485705210613730e+01
1.519736491057261674e+01
1.826836817500895194e+01
1.331262330297151664e+01
2.100558072325189585e+01
2.614548812697491087e+01
1.054418065389405967e+01
1.536527385819086078e+01
4.348949611339065768e-01
6.838614541155422444e+00
1.110572084208671129e+01
2.709327053538728336e+01
1.239625827689208393e+01
1.397961116317100050e+01
3.203745984839903116e+01
1.630806752256594905e+01
2.927788343404974825e+01
1.848660952760688048e+01
2.813137369250544140e+01
8.775691778779943775e+00
1.023440427348820947e+01
1.002818890811018093e+01
2.543429169120469169e+01
2.915665810913208134e+01
1.128745820559524304e+01
1.484175579408146461e+01
1.384706779484216099e+01
2.430014452787831658e+01
1.627002659576044152e+01
1.614429645676123215e+01
2.292272687878137560e+01
