1.225310119891344129e+01
2.591900418829274599e+01
9.351577349893631208e+00
1.498268302837954025e+01
-4.299397615533592898e+00
-2.578733711356022695e-01
2.342768933592169844e+01
1.311222669106935257e+01
7.823488414905582999e+00
1.591062230125423582e+01
1.421661624149020042e+01
1.359442517612200163e+01
9.036603124464434700e+00
3.402640511580393934e+01
1.830609609614867850e+01
1.747046989158852170e+01
-1.740075163739945197e+00
3.452617113448411601e+00
1.766696241958030100e+00
1.488273475128072221e+01
-2.558440265641777955e+00
1.585518438816606590e+00
2.270606458145768158e+01
8.330662706508476845e+00
1.315044906886868148e+01
1.787874052820913562e+01
2.009495566747852280e+01
1.208784848982644178e+01
1.706947543150280922e+01
1.227752843377584213e+01
1.445746362105083449e+01
2.804315901892711338e+01
1.687841234640524135e+01
9.116066023837845478e+00
2.405781588090090395e+01
1.724739888245281350e+01
2.576650053487288261e+01
1.199730193171953374e+01
4.909343607400032283e+00
1.496780295892722279e+01
1.411539631619525892e+01
2.101555115556917031e+01
2.439143648804724762e+01
1.111801761892826335e+01
1.478785239477834068e+01
1.697872734817975982e+01
7.694030706758923088e+00
1.993767628499525557e+01
1.791842538401498075e+01
2.054471661253182191e+01
1.456923937925496659e+01
1.355660642004888672e+01
2.142743387724205206e+01
1.891019174790215374e+01
2.974864056819563984e+01
1.696475224081540034e+01
1.553089655009188164e+01
9.503796858497821631e+00
1.722406702554006586e+01
1.497174788540847601e+01
2.026303914832557496e+01
1.515685185948503033e+01
2.252293646426163320e+01
1.066478495177874208e+01
3.155024482369682914e+00
7.000164627841385823e+00
1.497044841320941089e+01
1.576620901172736922e+01
1.001694584969668256e+01
2.393598420397238158e+01
1.885659113732445746e+01
1.730975366820668171e+01
1.729928781313243746e+01
6.722620891572191226e+00
1.918034987279515491e+01
-2.376153557904245872e-01
8.097005135241403195e+00
5.758646874961925732e-01
1.859807822407397282e+01
2.403084571767747946e+01
2.588213364943938188e+01
1.736653349947945912e+01
1.497729049258968814e+01
1.656224536101557021e+01
1.161751495994604966e+01
8.153654403826934072e+00
-3.749917922124637926e+00
1.889651512025913860e+01
2.095308284450506164e+01
1.732815332846939782e+01
4.536416877100705847e+00
1.538275342169096405e+01
1.378822495379525037e+01
9.314914033845596464e+00
1.825161188430926984e+01
2.748727043461811093e+01
1.110619946769037369e+01
1.266701167267990513e+01
1.401055574322955977e+01
2.435908656826737939e+01
1.399377127427970890e+01
5.221500671931451620e+00
1.979684977004603041e+01
2.703173386381313037e+01
2.409321366655334629e+01
1.729714076709679205e+01
8.644307585002067640e+00
3.295503658953052906e+01
1.144649333067340535e+01
1.804291847711792940e+01
1.803808716740992679e+01
1.280026691480115630e+01
1.486829538544230900e+01
1.557972410943851571e+01
1.641172325306217061e+01
1.261470451690961170e+01
1.305478840168120769e+01
1.616312544621888492e+01
2.103788772234550919e+01
1.647610035300581899e+01
1.548817408410882024e+01
2.327408516294092777e+01
1.725490378110907841e+01
6.442496378799489776e+00
1.686559685838219025e+01
1.156652072309995560e+01
1.839165119469183196e+01
1.518855199761537733e+01
2.538044086396327259e+01
1.204088498390737527e+01
7.595015021896742269e+00
1.306860867362487966e+01
1.777627541267048628e+01
1.643473679099348317e+01
1.221444306850290218e+01
2.122444083549550697e+01
1.736204885734322545e+01
1.455744463652273168e+01
2.460585530526989118e+01
2.237280327124737767e+01
1.719529104880597004e+01
1.871402433645752694e+01
9.427079177359530604e+00
1.489898738525242550e+01
1.640022217399760507e+01
2.057031266310627871e+01
9.348200543031254028e+00
9.299923216577056451e+00
1.679696041921260985e+01
8.198748976856762738e+00
1.691805263256982528e+01
9.083586535049121835e+00
1.967814666753737640e+01
1.060633132717033789e+01
1.034755376324562803e+01
6.439336428237140808e+00
2.048433144755493629e+01
1.874198093856590219e+01
1.022022772522957723e+01
1.841444531025536691e+01
1.110569957585849465e+01
1.790982605990292598e+01
1.806630579932263458e+01
7.238398804807886222e+00
1.439678257589291377e+01
1.212238306502683827e+01
2.118867063695243758e+01
1.142096932098186812e+01
2.704274470277671583e+01
1.307255070765191363e+01
1.734798005040128999e+01
1.310972197432131736e+01
5.839471692533010128e+00
2.351004841795660383e+01
6.275862842101815886e-01
2.161450482006434726e+01
2.133480112382622451e+01
1.559553260943869191e+01
1.406854678170172690e+01
1.798562266937597087e+01
1.983481165854054495e+01
2.355806920389468928e+00
2.692340484392879318e+01
2.259839127826549543e+01
6.581786349742031916e+00
1.792660314484457729e+00
1.698008280288335925e+01
3.371083572607403767e+00
1.466245086353939087e+01
1.941804450415220629e+01
1.623301367509078830e+01
2.278289027229068608e+01
1.903064806389116370e+01
6.705254539895165067e+00
1.649204944412027629e+01
2.004621077848696586e+01
1.400548716695138296e+01
1.327265806375849877e+01
1.533795855124317598e+01
1.382376286786829667e+01
2.417087051143641219e+01
1.891527375906179032e+01
1.777653381205153948e+01
1.148943563964491688e+01
2.949104316477317411e+00
1.893406939790560273e+01
1.849617426619624183e+01
1.031836818074617668e+01
1.856702351710627852e+01
1.965038931698369851e+01
5.226407954109092202e+00
2.850460583168948148e+01
8.767020049544086646e+00
7.450553238635379216e+00
2.270185829256817556e+01
1.620655248163457429e+01
2.304291806891836103e+01
2.649059076098706100e+01
1.786233011361036915e+01
1.321045311755386820e+01
9.010888351279874087e+00
6.268880536604882536e+00
9.934018791869959841e+00
5.606493790592949722e+00
7.634225014499079975e+00
2.672537200257356460e+01
1.400941193279163599e+01
1.216105786233072195e+00
1.455461828576844141e+01
2.103579272947398238e+01
1.524010997936161971e+01
1.539810596752930394e+01
2.417268358499182312e+01
1.528566306344440306e+01
6.534797211044619303e+00
2.364947846311717683e+01
8.338025467356516174e+00
7.358112656996397050e+00
1.899650476118485898e+01
1.963227880082196464e+01
1.207475895998021542e+01
3.753264118209941103e+00
5.625359251681260275e+00
1.631718342511550190e+01
2.061259941500111381e+00
5.148000606002241852e+00
2.134174628259094675e+01
1.727072116458187168e+01
1.390695778959370443e+01
1.928645053928271835e+01
5.252081925559465958e+00
1.405597467183167737e+01
1.762465516610521377e+01
1.308276961686526363e+01
2.557703284063929772e+01
1.883763374853185013e+01
1.566875185727479902e+01
6.189282455579800057e+00
2.112119872532641551e+01
6.671808488667792858e+00
1.258801352678992203e+01
1.090771506803160662e+01
-2.831131671974475239e+00
1.818465080786891974e+01
1.899407979539373059e+01
2.881352588534353742e+01
2.546763798614509255e+01
7.946012471439075853e+00
7.277162193102185483e+00
7.799093220124134973e+00
1.374008092527300562e+01
1.185233862570949270e+01
1.439229048975286673e+01
2.275104448538552049e+01
1.458884807240055181e+01
6.846454236378136216e+00
2.330856124822550157e+01
1.991114078132004295e+01
1.138376166063731887e+01
2.171677479900608887e-01
5.714571474338967505e+00
2.276581871189877404e+01
3.676734838537711880e+00
3.900471416238147526e+00
1.315494612873126812e+01
2.228163582093665696e+01
2.060408471126621066e+01
1.867244796897722381e+01
4.451047017495724845e+00
1.569804684794441840e+01
9.369713133735615429e+00
1.428860471129861764e+01
1.302235836403593794e+01
1.885800529443109497e+01
2.363452885970308870e+01
2.358217923208511024e+01
1.197316905788990482e+01
1.313497734942043849e+01
-9.482793693431403881e-01
2.289594459597068266e+01
2.589981074546299311e+01
1.116157830557891373e+01
1.977396596721157351e+01
1.741224246333350578e+01
2.505095937467496015e+01
1.066791537713055504e+01
2.175649457802194320e+01
2.904860585990837052e+01
3.125182264255158771e+00
1.803712421354689610e+01
7.717765679369463783e+00
1.033336462653532806e+01
1.391440454221141465e+01
1.447208264417419343e+01
1.431030402239503019e+01
1.631376522918898786e+00
6.705161188453161003e+00
1.894657724093691087e+01
8.321861717286253679e+00
3.843618848553755640e+01
2.066337383449984344e+01
1.329049015553499657e+01
1.643318118064064493e+01
6.402288820985887696e+00
2.593042155629439804e+01
1.552342988833501636e+01
1.477087350974217372e+01
9.854941035669099847e+00
1.284192961108712439e+01
2.420962979396026071e+01
1.413826110062933594e+01
1.515102192682357440e+01
6.394310369365896918e+00
1.734640260148504609e+01
7.992278494824901713e+00
2.685255810432015267e+01
1.608973055124714335e+01
8.104324482803662022e+00
2.193424024914089188e+01
1.271379643534436354e+01
1.101962388468217569e+01
2.716112762385452584e+01
1.387888739123449966e+01
2.965342385806973624e+01
1.011247682971918493e+01
6.337309718098779854e+00
7.927856814540419350e+00
1.602921937460956769e+01
8.086979040068726476e+00
3.184840193424847143e+00
1.295362809954922056e+01
8.862317457994379311e+00
1.988405771894832696e+01
1.025182415418380799e+01
1.274120513800986032e+01
1.861860309803302727e+01
5.904903915775790324e+00
2.993350387045425975e+01
1.952618165938581285e+01
2.523825909692348546e+00
-2.309366930580296184e+00
8.876471974868948678e+00
1.872645973731054170e+01
9.434078878405316004e+00
4.379028303202076700e+00
1.452993769934413137e+01
6.322713692339576141e+00
6.171249108388778382e+00
2.139817073405400549e+01
1.044663431364271844e+01
2.099433247547152348e+01
-1.803972008062501686e+00
1.036039853163501334e+01
8.836135629208214937e+00
7.120924935074128825e+00
9.104966752275430508e+00
1.670516919563414149e+01
1.671554902721345570e+01
9.678550792010341297e+00
1.450023786179887963e+01
1.378607069588770173e+01
2.386239812258409643e+00
5.060739623173731161e-01
1.404840647380227381e+01
2.149673632029595183e+01
2.217522851083401036e+01
3.926295611787068651e+00
1.633280422488229533e+01
6.674077110314200922e+00
1.985321863551003219e+01
1.466543279285290424e+01
1.895922332894861739e+01
1.596781445520046816e+01
1.251208646992466100e+01
6.483583582188416017e+00
8.908105856933062228e+00
2.821996802862400955e+01
1.158644180040064953e+01
8.916995305784041648e+00
1.283426777420070408e+01
9.640020804847040381e-01
1.805869947831723721e+01
3.100395224889911105e+01
1.461576820948303634e+01
1.831894185180533441e+01
2.222239950918338991e+01
2.120396308584238909e+01
7.317292157179792866e+00
7.511616246887854231e+00
1.679337639095467694e+01
2.626689882205911886e+01
8.663735421394875402e+00
1.262169340086914815e+01
1.046816108734489603e+01
2.629862733809051178e+01
1.706485554653713876e+01
1.626264042493725981e+01
1.175101696105252103e+01
1.726081049387077826e+01
7.659723763768880644e+00
1.445555183653921461e+01
1.686278765668160418e+01
3.871972717004396713e+00
2.740534329198223418e+01
2.897468744321756162e+01
1.562918273538173253e+01
1.742203581747361341e+01
1.730320409428649242e+01
5.736861911443526196e+00
1.507452046737378737e+01
9.131352951147817976e+00
2.134847460211908299e+01
2.719867973924829840e+01
3.822600037022681363e+00
1.287631709764707466e+01
2.382412747541646780e+01
5.088722419576981792e+00
-3.205975046542292262e+00
4.455403238905432772e+00
1.106224804737207990e+01
1.609688126339817416e+01
1.610961162922951928e+01
7.572104283639760069e+00
9.891455525643692681e+00
1.051648220217180096e+01
1.836782690809541663e+01
1.713529075170806237e+01
5.582551893250155217e+00
1.617563326622848763e+01
3.189950611139563819e+01
2.812206496757710283e+00
2.674192590964825911e+01
1.893134221651992277e+01
1.207418258349694895e+01
2.816973341888881777e+01
2.293835936159366184e+01
1.465466128626849240e+01
6.022908855739757428e+00
2.240926191950026691e+01
4.471706786853104632e+00
1.334625099281694816e+00
1.540600892987396264e+01
1.109211130220431585e+01
2.583053390597665810e+01
4.912425438146229340e+00
3.081968878763646558e+00
1.183571831890355952e+01
1.397772231000477916e+01
2.059930838862420899e+01
1.067622877326215303e+01
1.490933664416606064e+01
3.207745120856385768e+01
1.093841550897056436e+01
1.221185359762601763e+01
3.973582815094488296e+00
1.047746436594928809e+01
2.747742664726420259e+01
2.347603120583774228e+01
1.671312344414708662e+01
1.957163685173255629e+01
2.326144730201361455e+01
2.684444769971528899e+01
1.559198180980770587e+01
2.425085733349921213e+01
1.190262865543473936e+01
1.271997421950200646e+01
2.230556906797589534e+01
2.629075705523717943e+00
7.525446613837360132e+00
1.608747589150073054e+01
1.196980384583902435e+01
1.074644248115619405e+01
1.922948730351705393e+01
2.181518817381681430e+01
5.785317009685670087e+00
2.558828806683763446e+00
1.803851999717720389e+01
6.072585794627173073e+00
-6.113119095993951646e+00
2.548098389253820528e+01
-1.030808733780732211e+01
1.552727620423321753e+01
1.680471041986095315e+00
1.975468266152124386e+01
4.472251769821625089e+00
1.792562472909262539e+01
1.580962252967218262e+01
1.413347858440788229e+01
1.240248856013870693e+01
1.583166792660929900e+01
1.465056739016610265e+01
1.307329240926834757e+01
8.112902056014831942e+00
2.985857036025328171e+01
1.758447650706192178e+01
1.490385324449624704e+01
1.142001987836739829e+01
7.138841956424158752e+00
4.633478515324156888e+00
1.234805842343800464e+01
4.593092542707154280e+00
6.027500854983159684e+00
7.713385839064429206e+00
1.564302160148747589e+01
1.129205939766079325e+01
1.235793035381092153e+01
8.644619763417054514e+00
2.069991624661323470e+01
1.053254787410240567e+01
1.355368694338889668e+01
3.944410721375987805e+00
7.366747922324677234e+00
1.359951569421217243e+01
1.182568387251890840e+01
3.042499582569976724e+01
2.353590689809084324e+01
1.642647845465704393e+01
9.980976803319819624e+00
1.556099983965793854e+01
1.366202347243617510e+01
5.959007964841973148e+00
1.731273644084418351e+01
1.803802651791853862e+01
8.792098046667305766e+00
1.782297701627545194e+01
2.132688527554421398e+01
1.655111842973551006e+01
5.736016525776435060e+00
1.927105606463190668e+01
1.926818141171775522e+01
1.143569822293247995e+01
1.043939108017266904e+01
3.524057366649799405e+00
1.828504012100706433e+01
1.586386252347188019e+01
3.786944001068803800e+00
1.303948202666767031e+01
1.739696811538179588e+01
1.263859164046733952e+01
2.845693199781162264e+01
1.141668058912825501e+01
2.066836953020659706e+01
-4.622749376294933654e+00
4.694586235093041182e+00
9.965940577693871205e+00
4.246268601878071536e+00
1.578822632204965259e+01
6.198987361570445387e+00
2.023647026004884708e+01
1.814106820697037392e+01
1.320354397297535343e+01
2.964982281379188578e+01
1.385039612707922174e+01
9.389448607319593521e+00
8.363888546987794825e+00
9.632066820906217686e+00
1.837448284839723556e+01
3.427399395107414648e+00
1.180288627668264212e+01
1.735975041818188913e+01
1.580833187806743467e+01
1.010460033884281472e+01
1.842438999438871150e+01
1.580184541433666823e+01
1.413792600751249040e+01
1.686225079772280822e+01
4.273660675159192124e+00
1.935870315628028493e+01
1.986206524523504413e+01
1.386516444315901708e+00
1.667000886812868998e+01
1.642693885420834476e+01
9.190227459206923299e+00
1.469408094753201510e+01
9.373780849751810251e+00
8.632509676402889909e+00
1.088619971028091982e+01
2.047737125607118713e+01
1.734307502965755532e+01
2.102318865985779439e+01
1.447574291727099904e+01
2.118968495683746056e+01
1.602708948877051398e+01
1.352469535008661694e+01
-2.719183481515784706e+00
1.174640582432407143e+01
2.348193857064528345e+01
1.761871819741343614e+01
1.072446039988903976e+01
8.993749530104679479e+00
2.113626193012137833e+01
2.048830100838544155e+01
1.037668707027543746e+01
1.652699596535997273e+01
1.399101103446709260e+01
3.234039025704106507e+00
2.038171279546888570e+01
2.074597233106565852e+01
2.586208314413640608e+01
9.947599872693501766e+00
1.826083899405800537e+01
9.983006910200430184e+00
8.581254249201265338e+00
-6.735589641412644824e-01
-4.436549221279392441e+00
1.226422850544480525e+01
5.265999940405365010e+00
1.237808991812910620e+01
1.224845523622067844e+01
8.801132000346015616e+00
1.808682089284960881e+01
1.850231541992936002e+01
1.654585357944144164e+01
4.534891215908203321e-01
1.630876715262125742e+01
1.276547712001227808e+01
1.135838476355507964e+01
1.807221857968875867e+01
1.693253901834034991e+01
1.061247085834146731e+01
1.041528647973512989e+01
7.664613653378097524e+00
2.017440730610520916e+01
1.035882349649081391e+01
1.023002695390633221e+01
1.164813179214118577e+01
2.580320210545210102e+00
1.837922315328581391e+01
1.049331538224592464e+01
1.507385457085057112e+01
1.200667672857301227e+01
-2.467998415246469790e+00
2.098776464064526692e+01
2.178503170200628603e+01
2.161779866684497620e+01
-1.374989341090909534e+00
1.423953343769625235e+01
2.177363073818517591e+01
1.311893037022704789e+01
8.987796358383235429e+00
2.321545338534181724e+01
1.311174728652555643e+01
1.731613424137914592e+01
-3.412597976776964970e+00
9.560291011984105580e+00
-8.114279039174334685e-01
1.451372675253468003e+01
1.770033822978212612e+01
1.688271973771686163e+01
5.832213091343533051e+00
-1.207878797066143761e+00
9.400639401990744659e+00
8.833417779043671203e+00
9.581503377269584121e+00
1.733891189687014389e+01
1.715020231732424350e+00
1.643082525584871689e+01
4.350489810678809022e+00
1.979520412064591994e+01
1.027153438359540871e+01
1.162185466432573833e+01
1.119321545517014727e+01
5.186637582170405381e+00
1.248618672929904960e+01
1.871031345451989125e+01
7.974167488469802834e+00
1.465054356047539841e+01
2.208397745785926958e+01
1.539059885157371355e+01
1.347036814920572567e+01
1.564716584426183488e+01
1.753636926296586296e+01
2.125833055931349236e+01
1.444634844772372162e+01
1.470384355722424630e+01
1.275623299258724330e+01
2.451995670235015723e+01
6.282157714676372962e+00
1.588600467999093269e+01
2.800360504282750895e+01
2.212496072037595241e+00
1.171031523897944737e+01
1.727690796080112534e+01
8.742085855112406989e+00
7.172275764020881184e+00
1.315917203127972357e+01
1.434809145347774972e+01
2.094215721278346365e+01
-2.222665578702603284e+00
8.468178491122813512e+00
1.440774693559704644e+01
1.107572380787436828e+01
2.264682648313723234e+00
6.505035276528403188e+00
6.630998041926496001e+00
1.891746721863997749e+01
1.975855801080331275e+01
1.418145168468954864e+01
1.112885699667791073e+01
8.981546278026499408e+00
1.711900839560481558e+01
8.702934329926009127e+00
2.130677970486684814e+01
2.107415752679881393e+01
1.798344628518916011e+01
1.659644845051184348e+01
2.455579784823413547e+00
1.840958318829004270e+01
7.570232598141345193e+00
1.039823175980205860e+01
9.454958172745776324e+00
1.440218061032180685e+01
4.344681565329238992e+00
1.728270370123736654e+01
1.837983596582391499e+01
1.046587883790050455e+01
-1.135329243823564127e+01
1.649956034915618375e+01
1.205158760500609105e+01
1.986455897361478407e+01
2.828689747326325232e+01
1.228956691821011304e+01
8.025925731080860714e+00
2.212300693919532080e+01
3.443315909337911762e+00
2.337044170140870847e+01
2.086201189518457966e+01
6.714076148971827251e+00
2.333127658094038992e+01
3.432689531960653539e+01
2.227128335365777190e+01
1.343543742145170938e+01
2.262302021051911538e+01
1.152631981108311265e+01
2.153110279934297466e+01
9.820117512439765051e+00
3.784338885620059045e+00
2.934245399196742454e+01
1.451512999805251525e+01
2.085398624071792995e+01
4.228481866760120056e+00
1.124815208077905027e+01
1.402840112383110238e+01
6.612555347590927113e+00
1.149567963335623233e+01
1.658241058827132974e+01
1.522993933012746481e+01
1.761180800708697802e+01
2.046069211562863899e+01
9.402776058281041571e+00
1.347109277419936291e+01
1.487228431769605663e+01
-6.895893323773961470e+00
1.773030135003079266e+01
1.528164612957100132e+01
1.048894825709608369e+01
9.347600286328002994e+00
1.573321036128362493e+01
1.199272163646512013e+01
4.044604706414244788e+01
2.538160810751744378e+01
8.777202057652701228e+00
1.527957461371768488e+01
2.382928385960372708e+01
2.248326199491113897e+01
1.538752359252808333e+01
1.038967049669057019e+01
1.585345880530158524e+01
9.633716742339103689e+00
1.452073991016443699e+01
4.856335921792279464e+00
1.514119335508596009e+01
1.903425095061945882e+01
1.015383628546712202e+01
2.377659859406325182e+01
5.173874318719683174e+00
1.034729420249101395e+01
1.305344183752811205e+01
8.871137453394339900e-01
2.868766498285543065e+01
1.451604639384018469e+01
-5.805731480354864971e+00
7.986290943321066038e+00
1.486988468849420997e+01
2.182931555663848400e+01
1.659586300725888464e+01
1.757368253778965084e+01
2.053358769593140920e+01
1.043975241718582936e+01
2.044873786396347271e+01
1.842964560605585689e+01
8.595146197202339522e+00
1.160203995247992736e+01
9.576875024614167842e+00
2.066259800620306208e+01
1.238184638888604638e+01
7.748756251941813389e+00
2.892345364441745659e+01
2.191818986273871417e+01
2.381715047576005873e+01
8.050368142327840815e+00
9.925606020722341327e+00
-2.404583576404462519e+00
-2.659716416363934854e+00
1.788558450388665477e+01
7.419649273788451183e+00
1.817945682994646006e+01
2.103549065705848875e+01
-1.672898688920412269e-01
2.449160572862835750e+01
1.401233821635936749e+01
2.053125214488214567e+01
7.156029323487899774e+00
1.597913678079926569e+01
2.623350363339042701e+00
8.514706016565909863e+00
1.462648413722419605e+01
-5.071434467541180879e+00
2.009317091574310155e+01
9.686425672901478379e+00
1.804511703978203485e+01
7.281206003407930893e+00
1.860827449129706679e+01
1.236818425069031946e+01
1.117784680007230236e+01
1.124005224229711075e+01
1.705336639830569823e+01
1.681771906025688423e+01
1.064343041920545829e+01
1.721493073228218407e+01
1.383906465327457624e+01
1.642372471612199547e+01
2.878363046861949925e+01
7.945215446465603293e+00
1.108528883942913978e+01
8.590987083352914055e+00
1.509558804591725334e+01
1.644404767984971727e+01
2.612851943788662368e+01
2.469211427836035000e+01
2.292166646135378727e+01
1.915722834522184570e+01
1.100841267161536052e+01
2.214093994794639286e+01
1.945651981084945703e+01
2.586139261605723050e+00
1.719571961238258950e+01
7.299814013701663384e+00
2.325510016464776442e+01
1.231005761722424552e+01
2.583239529413103241e+01
1.198263374190527486e+01
3.313022725705830851e+01
-2.079501220945786599e+00
2.862481591977633855e+01
1.314321720709874342e+01
7.221714487112905090e+00
7.893172835258482678e+00
1.759358542892506705e+01
2.149609327161601868e+01
1.027667202869024266e+01
2.396155535822489213e+01
4.502771330114768489e+00
1.508183595750683992e+01
8.428057184881282637e+00
9.038896868248230021e+00
3.210889372108869821e+01
1.400727541857705205e+01
1.508350595310943731e+01
1.821912449162496728e+01
1.258920012786271059e+01
1.500605968583221284e+01
-2.445948861723934442e-01
-1.328646781814711630e+00
1.161864933106966191e+01
7.702282472895660703e+00
2.078633621762053707e+01
1.240534831124908521e+01
1.695087060280022229e+01
1.140008023415859384e+01
1.226613719083428578e+01
8.858282572057220250e+00
9.847032249870423470e+00
-1.700097874397542341e+00
2.816364228415747561e+01
6.355077262320705245e+00
6.467332806590832206e+00
2.100328348891633823e+01
1.315684062509538421e+01
2.378334544882608270e+01
2.271018201027800387e+01
6.136548969569560086e+00
8.904841255669424527e+00
8.248974712426672795e+00
1.148305787609467643e+01
1.985005010150236160e+01
1.548146231790043714e+01
1.594974788474426930e+01
1.045642027208212710e+01
1.820645330060361289e+01
1.760744143247526239e+01
1.972107816828077631e+01
1.724225263979201372e+01
1.074445993854557457e+01
1.633505495731147050e+01
1.046045532125708633e+01
1.413309119185247198e+01
2.378715498716088206e+01
1.687975383462470802e+01
1.445511352272907857e+01
1.600789005809293997e+01
1.146973092000887107e+01
2.251574376217716633e+01
1.043719816854914484e+01
1.355904467363588140e+01
1.432495498925993616e+01
3.088283918302573738e+01
1.765883145051097358e+01
1.213616678765296797e+01
2.284483450148286465e+01
1.429427945910659048e+01
1.313219542901565262e+01
7.346391083273431377e+00
8.512815601670268961e+00
1.573384774109020157e+01
5.971879348907691565e-01
6.625974199170016732e+00
1.984752556860355810e+01
1.344044782124898063e+01
1.636790730990050236e+01
1.452988439062089299e+01
1.331842425301300636e+01
3.212425106464138480e+00
2.260029102840191939e+01
3.124116453187085085e+00
1.585959128560813980e+01
2.248243659147317430e+01
1.030429488500416824e+01
1.255710074119011210e+01
4.079655384517920425e+00
1.331544336548474661e+01
1.951428028523314140e+01
1.797388576538853044e+01
-2.233779758399805360e+00
2.003304270974529544e+01
1.422531038372295598e+01
1.760645871424277686e+01
7.332368051636990458e+00
1.826785466542327185e+01
5.948505245393818086e+00
7.822627830721557984e-01
2.482179480679189965e+01
-2.345032705692275954e+00
1.913585434629911930e+01
1.015863752068386816e+01
1.769081770644393004e+01
1.716255712487192397e+01
1.181522005317771118e+01
2.576170182275950538e+01
7.785318927669621303e+00
1.602924449742945967e+01
8.929358657885131834e+00
1.410603565011321336e+01
4.292459613551386610e+00
1.368243156131144644e+01
2.619147581733189156e+01
2.915582461909968259e+01
1.468634790886595454e+01
-5.992381725303687290e+00
1.412976965525868422e+01
1.488546046453811300e+01
3.788120743385761102e+00
1.167671030789250608e+01
2.220614739425433015e+01
8.558440256498933252e+00
1.294465141930453456e+01
1.645449556634014243e+01
2.531891582414905173e+01
1.781894962950406835e+01
2.193645906408379886e+01
-3.329279201529544707e+00
7.625818699094665476e+00
1.809601195283566710e+01
4.289150643008483144e+00
3.780056578069732609e+00
1.078165148668010431e+01
2.114795300435827130e+01
1.466377839948771111e+01
1.186851400877598905e+01
7.750880196436270353e+00
2.181477147346740253e+01
7.589352612902999340e+00
-7.989610978956136478e-01
1.154827763268141894e+01
1.734479742576083083e+01
1.211962619414745745e+01
1.531339702323317908e+01
1.991762482474635476e+01
2.173201112709811866e+01
6.766558143636530076e+00
1.569652598644977104e+01
1.903492968727231016e+01
6.307980870417395636e-01
4.843997980009717708e+00
9.330096039458709356e+00
2.377516361872403650e+01
9.240290604679174180e+00
1.952153567517459010e+01
1.508903919628443191e+01
1.591179791076812933e+01
1.504048815795999872e+01
3.177912538738681292e+01
3.408263619841605419e+00
1.096153298884986782e+01
6.123519229051098023e+00
-1.628737369833999082e-01
2.142069629770719530e+01
1.523705844939183862e+01
1.104532798067643284e+01
2.679159984762360835e+01
1.449929079598473436e+01
1.192804145002757821e+01
1.299286311242484260e+01
8.779947739096371606e+00
1.691430855956147639e+01
1.203216968561770273e+01
2.537969963766022374e+01
9.352001710880898599e+00
5.086319927717497080e+00
1.623204488507948184e+01
6.221796914616788854e+00
1.225648234692496885e+01
2.136403817705330965e+01
1.730823444893961494e+01
1.175766989009136410e+01
4.073831727144863635e+00
-3.203809628201454984e+00
1.307366106474420064e+01
9.274417262933909001e+00
1.855850549329144172e+01
1.890017442113062884e+01
2.298670884892454325e+01
1.372534647601624158e+01
6.420657854665989817e+00
2.031716261060540774e+01
3.259967292890820545e+00
1.025834669684259381e+01
8.737056032996818544e+00
8.436651073192095396e+00
7.425833283796350770e+00
1.102719092191311745e+01
1.387499474406689615e+01
7.265314974185685060e+00
1.495382192225947904e+01
1.214420108388166852e+01
2.015781676994855331e+01
4.221149705473294489e+00
-9.393275145617678845e-01
1.487254252196844106e+01
1.171123207222683504e+01
2.024865142068523483e+01
1.166225521105684493e+01
1.062219301728859477e+01
2.599026452667271769e+01
1.149270276817252068e+01
1.652300089626515955e+01
7.384317521830524811e+00
8.996798587977977490e+00
4.088224238507493169e+00
2.150632250654670941e+01
2.804710875488984811e+01
1.774716965083916165e+01
1.566206055275257825e+01
6.515036314402053108e+00
1.555507367961220666e+01
4.930348166084215222e+00
3.127598497958634027e+01
3.578234843795712550e+00
8.639110789312240968e-01
8.186659376323817128e+00
9.623426591331707414e-01
5.392984562108409818e+00
1.294464415413371228e+01
2.161268723730307784e+01
-8.380180561401587624e+00
1.503410571249081329e+01
1.493762593401899608e+01
9.915056446616674179e+00
1.544282060645835486e+01
1.649031524866111909e+01
1.113274580217984067e+01
1.596809939429718384e+01
2.000879726117052826e+01
1.114434170069888808e+01
7.790013209364246904e+00
8.178147597134170610e+00
2.385694199759192458e+01
3.243886491271693728e+01
3.256213958558447530e+00
1.184034492102260572e+01
7.313780476099694283e+00
1.762876947259238136e+01
2.191642037729454984e+01
1.598542277169465109e+01
1.423792221623676824e+01
-7.856001975114281777e+00
2.016457733032561350e+01
1.794867360301083181e+01
3.499939193420914307e+00
1.800692356506947078e+01
1.993454576754361085e+01
8.829754513024255402e+00
7.462843482811564400e+00
8.952111991307759808e+00
1.753798232649351974e+01
2.029838244193664565e+01
1.643864407852009890e+01
1.784108302277530811e+01
1.518357477303470660e+01
2.138962858124030930e+01
2.547239471897891860e+01
2.841488645085203757e+01
1.020760466280574974e+01
1.656293516413126099e+01
2.336550055114238944e+01
1.433110213134547450e+01
2.354689419232921210e+01
2.068358374778927811e+01
7.117027727927279557e+00
1.111792804326684347e+01
1.592192222006421076e+01
2.426029396874596245e+01
2.294375274276778498e+01
2.276448294131331096e+01
1.328944341077769309e+01
2.225468973442031029e+01
1.153469732846833296e+01
1.751209710709925105e+01
1.267897153745411742e+01
8.914089605808456440e+00
5.517078501730196649e+00
1.719986461586847071e+01
2.571164744657095014e+01
5.510735016858319568e+00
2.660087348427555298e+01
1.589623692830359403e+01
1.711821885419173128e+01
1.554592129287327396e+01
1.361415859568262476e+01
1.676946517692159944e+01
4.011845377062641660e+00
-1.921087319714729347e-01
1.404140178548935580e+01
5.599504291026335068e+00
1.920128469789132453e+01
2.291916765630506347e+01
2.016600057944730651e+01
8.797392575262136916e+00
1.262605942785747004e+01
1.360344125602375698e+01
5.521419261487920949e+00
2.341805796768191783e+01
1.133655549699332710e+01
9.691624009250091376e+00
5.137498046790611284e+00
1.121922358938843445e+01
2.411482145175808967e+01
2.239194612569647802e+00
1.065222788944005572e+01
1.942078862159528541e+01
1.519565163588621459e+01
4.550323562007108080e+00
1.523028328636961248e+01
7.681207694747783421e+00
1.855555438895272857e+01
1.640246524173736020e+01
1.814498641419969971e+01
-2.449596704070827968e+00
1.626388128388657606e+01
1.470752857685375403e+01
8.152134649720338189e+00
7.383497967513235949e+00
1.529740552701714762e+01
8.201931322411070369e+00
1.426884773099686754e+01
1.255941651210595467e+01
8.024012407811852654e+00
1.588912355318963421e+01
3.762609297368712191e+00
1.085078617193390471e+01
3.229664363777414593e+01
2.405839075198901611e+01
8.285349111849200199e+00
1.101828292152808331e+01
1.158440958283202349e+01
1.788789196699597994e+01
2.102318354812836532e+01
1.511240440389495632e+01
1.143707710907467856e+01
7.313142078605565644e+00
1.861633256320671848e+01
1.554011629502828384e+01
7.698908873270454478e+00
1.969540485897433513e+01
1.363853126917086911e+01
1.839238537075005553e+01
8.881870813533666364e+00
1.517646600772329180e+01
1.329413236279940236e+01
1.473385885814647622e+01
2.598709428038540636e+01
1.800041579283571025e+01
1.237770678023728976e+01
2.627247622264804505e+01
2.210914642410728703e+01
1.348905650936540468e+01
1.773214283838382954e+01
2.429013741323061026e+01
1.649134307629462626e+01
4.941359917204763974e+00
2.567409234390206052e+01
6.210424189774883530e+00
1.776654503389676876e+01
3.740410140739659539e+01
8.035496939748597356e+00
2.365152269358931392e+01
2.030563282198650654e+01
6.814946403370456096e+00
1.608969764504557531e+01
1.950238429043773891e+01
1.745721738508314758e+01
1.436680112154344613e+01
1.858814836158628481e+01
2.038228394486066009e+01
1.604310486059196705e+01
-4.548536864110275246e+00
1.116924338310127496e+01
2.197903382907062309e+01
1.104269763095092571e+01
7.682709231480956191e+00
2.627910111633650558e+01
2.890943039746979082e+01
5.832904927023761843e+00
8.812496418564577993e+00
1.187692539778151968e+01
2.338698190664047871e+01
1.514211857115572002e+01
1.758076036345325832e+01
1.038806475230158810e+01
1.240849611007017472e+01
2.034195648333711404e+01
2.015924527553399059e+01
7.940781827095435119e+00
1.220655241040594774e+01
2.047657112947356950e+01
2.098536761478801793e+01
1.372773078089882404e+01
2.304356133480426649e+01
1.815961935678452477e+01
2.822922807631090336e+01
1.688346525112109475e+01
1.132971565597161145e+01
1.450000330810672722e+01
1.095537727653432114e+01
1.859432501637108714e+01
1.265353585388123747e+01
2.162923762930374494e+01
1.839008906572950508e+01
5.411267244580756142e+00
1.826038319420584344e+01
1.513187922114742889e+01
1.935502723479584830e+01
1.676500471635708323e+01
1.027695406411979206e+01
2.155146113440327582e+01
1.834803144760863347e+01
1.380086400304065819e+01
1.609257281682079110e+01
1.682640257198602285e+01
1.915240158320479225e+01
1.830319397913979174e+01
2.345906644198493041e+00
1.834321430535315756e+01
1.447971506657613361e+01
1.180008303379662493e+01
2.517538660147996410e+01
8.986557272548751030e+00
2.100119893438378682e+01
1.670430545325363880e+01
2.204492195388480980e+01
1.651013481072389766e+01
1.635363643304191328e+01
1.117478976597172391e+01
2.389338325548131081e+01
1.412949892036809274e+01
3.641067204130635560e+00
1.393205121556677284e+01
2.273174061087300402e+01
1.580256182115137875e+01
1.354256483541765022e+01
2.029825486062034656e+01
2.521673848219861469e+01
1.539130375074137191e+01
1.390263063907090668e+01
2.435590353003014741e+01
2.187674104092890559e+01
1.994541806134600392e+01
1.197353657637268043e+01
3.082616312201524522e+01
1.796167927603956826e+01
9.289833643575576616e+00
1.680294503751909474e+00
1.524968885070613567e+01
7.036752533509826435e+00
8.497189437477288720e+00
7.342147475913904486e+00
1.463536531684984254e+01
5.538377322707887629e+00
1.463962652118277674e+01
1.246806360418995041e+01
7.871566223036694510e-01
1.112157994215473877e+01
2.107024342549809859e+01
6.767642236605354356e+00
8.859256189320817043e+00
1.481458869848121651e+01
2.282637002919601343e+01
1.288906397196245734e+01
1.585899117539958070e+01
7.033110092311716244e+00
1.039607009921590475e+01
1.079153378304323496e+01
9.348572230358385582e+00
1.912002801677472519e+01
1.279984349977102909e+01
1.742009605232938441e+01
2.520554189107210163e+01
1.931092642767562495e+01
2.213967222358245124e+01
8.514171544489755661e+00
3.045405498837183700e+00
1.901718310100076081e+01
5.471320452201126727e+00
1.014582718809235473e+01
5.405267176500856863e+00
2.672409129750986523e+01
1.129017779232685825e+01
2.057940654228008270e+01
2.218112856951515255e+01
1.539296802330991909e+01
2.200648669909062249e+01
1.471991503740321150e+01
2.534793887858015182e+01
8.683322033795384698e+00
6.510858804674455769e+00
2.708699034631046487e+01
1.440239194998125072e+01
8.428598736669897562e+00
1.726307178094734240e+01
1.463208883520379544e+01
7.904655456277950520e+00
2.336050629673249546e+01
9.244641758297845513e+00
5.011000886971615387e+00
4.899956745784727730e+00
1.930794010969715657e+01
2.431926483236066616e+01
6.554011058134562973e+00
2.014852115023174406e+01
1.057038566557319825e+01
4.589010716737803364e+00
1.682137057364079169e+01
4.896061763046958504e+00
2.157635731234394427e+01
3.049514557389922942e+01
1.482172366535452568e+01
1.631389499328710713e+01
2.819007832805812797e+01
1.148277080747664058e+01
2.277537082428918325e+01
8.749214969591747604e+00
4.613783479385489272e+00
6.701611516781156297e-01
2.294744655343506423e+01
1.904500746867651628e+01
2.760464068929385917e+01
2.127550716956763921e+01
7.951981106771839336e+00
2.357944442321444711e+01
1.921252992963506756e+01
1.447971188543755261e+01
1.848855119062327645e+01
1.269011903486135395e+01
1.299095597511248457e+01
1.495960792620029167e+01
1.164626267396326398e+01
2.047427763247134180e+01
1.186977219369549630e+01
1.391015932004370370e+01
2.554922193711397682e+01
1.226987020310868104e+01
8.379964670421983897e+00
8.351908567445320841e+00
2.260003263827421449e+01
2.612175293343518945e+01
1.320880793729892133e+01
2.875102106600562735e+01
2.272795597991714089e+01
2.539115803675618821e+01
8.608511843758392956e+00
-1.368809777152364404e+00
1.278868477931376901e+01
2.216836139191075006e+01
1.624862929528305955e+01
7.915286058901301658e+00
1.517759670778542613e+01
2.138291364782194393e+01
2.084127172042730081e+01
1.423966627540168162e+01
1.469837029524700256e+01
1.416339723499881131e+01
2.768401529632819802e+01
8.229476532354297547e+00
3.894277565955103881e+01
7.424115982824162074e+00
1.298818168302830145e+01
1.494555615897303369e+01
1.214534802169001182e+01
1.213457782378056038e+01
9.295182297396408444e+00
1.510448149444715682e+01
1.175991692508841879e+01
1.441895706416040923e+01
2.021699894051486268e+01
1.516815528441989613e+01
1.688534377692113253e+01
1.233522243074902747e+01
2.130507001831838920e+01
2.057184774424325724e+01
1.806657181983394622e+01
1.973759598611266597e+00
3.316969636249794462e+00
2.622518311190646756e+01
2.082357860624227897e+01
8.686025966877281235e+00
6.069471295946001987e+00
5.563236900727801526e+00
1.336889742114269097e+01
6.969552793419040881e+00
-4.500897365895752955e+00
5.347679719569953249e+00
3.442360280586456156e+00
6.686515105091672240e+00
-5.412622528561144009e+00
1.541961641435929664e+01
1.540103398180957583e+01
2.109957037414005754e+01
2.195501266629938186e+01
1.413811628770335460e+01
1.756797091798421206e+01
1.101652507618997845e+01
1.574351980508261306e+01
2.394587092837912934e+01
1.012424521391157128e+01
1.348810903030151565e+01
7.066596078874951559e+00
2.815626716445892441e+01
7.407548852403522233e+00
5.281158410266527881e+00
1.492589390450378062e+01
4.897821092637812512e+00
-7.592249152144688651e+00
2.403945106553251776e+01
7.416662672655718325e+00
3.121023074650068452e+00
3.437312625993129700e+00
7.608740456016974463e+00
9.975936222302749457e+00
4.336763398321551222e+00
1.878125210788313382e+01
1.323948797003224342e+01
1.183025604561615296e+01
2.027185271137377498e+01
1.764011846368767067e+01
1.917098125279134280e+01
3.699104589084384997e+00
1.491138991534204195e+01
8.693163203831815622e+00
1.906331320289706355e+01
-5.478205976008609923e-01
1.188970345780745674e+01
1.538178028203618908e+01
2.033327887690459335e+01
1.272773227052422840e+01
1.276090449845079888e+01
9.641591569746452706e+00
1.472855926137103921e+01
9.611615098058308604e+00
1.179028540344856424e+01
2.235810913003772527e+01
1.885651036945319703e+01
2.120865435538656385e+01
3.607410699080801919e+00
2.615507204833662058e+01
2.514165426340362330e+01
2.494474716651785684e+01
1.666611554191723599e+01
1.989163447960249442e+01
7.828411155290268653e+00
8.919047966467132937e+00
2.483451461403819138e+01
2.503756392542754128e+01
1.451798386617934966e+01
3.240097841009522028e+01
4.406368439637972756e+00
7.539562711146047036e+00
7.194479949391208606e+00
1.308362384260436784e+01
-1.702079498490353160e+01
2.118522512132974356e+01
1.236357325438634547e+01
2.164133064378102489e+01
2.657919779364721080e+01
1.361343037082104956e+01
1.771244900928431321e+01
1.851852758813960520e+01
1.509328005064817546e+01
1.467422745155292318e+01
2.230033130572087430e+01
2.998278330756399868e+01
1.108508487225145700e+01
2.522322081443876129e+01
1.431988503977552796e+01
7.307489616684733846e+00
1.719503250383371551e+01
1.178745404383261075e+01
1.532914966123985323e+01
1.931865695363000412e+01
1.635139628951797874e+01
8.358787813677679424e+00
2.011177660373071774e+01
7.621245504960086237e+00
2.468652209958790422e+01
6.915058869853595525e+00
8.259803962704950209e+00
-1.518444911062536562e+01
1.049823980904116638e+01
3.457247480085300140e+00
1.799398668552077396e+01
2.200512238437580237e+01
1.333598377458822881e+01
1.492037290761902568e+01
1.277989548681510712e+01
2.464381440823241576e+01
1.927176348567407871e+01
9.357957691783454379e+00
5.625200210341787965e+00
3.341201549611341193e+00
9.774013648014204136e+00
6.196547881163212423e+00
1.845405971132696266e+01
1.384227353431887764e+01
5.582128525294990595e+00
1.394095042311806765e+01
1.695703823250812547e+01
1.347034297979412543e+01
1.799444789581011150e+01
1.062517733328485292e+01
2.887564210493104611e+01
1.681530692399174143e+01
1.191393292484158906e+01
1.000187582736801062e+01
1.383409364013110121e+01
1.643765065931800251e+01
2.004017170563591321e+01
1.173762716674723094e+01
1.110395111306618787e+01
1.732394623235599340e+01
1.747862358318998588e+01
2.424435110125142501e+01
7.351840156953528549e-01
1.686190595482779031e+01
1.258124657119276435e+01
1.872998097653616156e+01
1.348518010626584385e+01
1.857668119245960270e+01
9.772029787843720783e+00
1.831121395276758790e+01
1.525760224550388955e+01
2.079415354223304035e+01
1.414423350854849559e+01
1.510494106984403118e+01
1.287789747803400076e+01
1.132721499595854908e+01
2.135960839185659665e+01
2.053651697007435217e+01
1.573433192410733739e+01
2.354565989939302995e+01
1.677934080038468778e+01
1.440303166407724689e+01
1.356130197003906801e+00
2.710885151462103693e+01
1.033082942257205161e+01
1.065041635834855782e+01
1.117636489211544415e+01
1.257236520910188915e+01
1.547126907420512509e+01
3.220654277980557367e+00
8.474904159821278427e+00
2.154907251722053019e+01
1.765556092103626895e+01
1.902842078955803373e+01
2.086224608126895674e+01
7.257249637672430254e+00
2.187973408916558071e+01
5.537324537298218274e+00
1.847437141818150508e+01
9.001513482494544860e+00
1.388476854349525524e+01
2.865467136940470283e+01
5.411425332357339357e+00
7.625677989762948528e+00
1.108514916127997196e+01
1.501669995080091269e+01
2.140489590259635122e+01
7.934919232122332744e+00
1.667085297656475973e+01
1.438324425206198498e+01
1.429158674790532757e+01
1.909541152551753385e+01
2.031827677679189748e+01
2.468564962438986754e+01
9.560796409410187380e+00
1.519244395671000802e+01
1.349973825235602476e+01
8.006805545132266388e+00
2.569360571669027138e+01
2.210570656735230699e+01
1.128873947880946105e+01
1.373355978295062130e+01
1.644115186601816703e+01
8.661619397831088918e+00
2.509144879746216361e+01
1.820182673541173557e+01
2.626641440077956702e+01
7.612648421087826023e+00
2.193998884887109568e+01
1.582444068634387691e+01
7.888538227904007272e+00
2.098913468983515429e+01
1.354433373926974582e+01
2.086090589580271626e+01
1.424361045202955722e+01
7.957145224020024443e+00
1.422460884047299601e+01
1.529551156900734554e+01
-6.180953914279299966e+00
2.455393688571469824e+01
1.152737052172788879e+01
2.013235870153369689e+01
9.326894274194557966e+00
7.003943181315293032e+00
5.560195814736914599e+00
8.475043551744306569e+00
2.868130274482417263e+01
1.866616450229412294e+01
1.621168409219825435e+01
1.206854685634223756e+01
1.559747490323157848e+01
1.733940861498835062e+01
1.193749173367811522e+01
1.853179883280034801e+01
2.728101575501133880e+01
2.415164009377593857e+01
9.413548902958808640e+00
1.749123766219543086e+01
1.847147212237668157e+01
6.412061797822872222e+00
1.569391521038190263e+01
1.239394960940234114e+01
2.539803019465820455e+01
2.319774834960796284e+01
1.797513750299587798e+01
1.179672816201264141e+01
6.830296161842611014e+00
8.839016103123526591e+00
1.186298454955600334e+01
1.232266610734266976e+01
2.192968100542316279e-01
2.073423139083087108e+01
1.558251771318134615e+01
2.844519645579200784e+01
1.366669200329035050e+01
1.631616040608511753e+01
2.759025853209654855e+01
1.955304071138824895e+01
1.726317606560120055e+01
9.718189953876219533e+00
1.927736316121663407e+01
2.094307420076003723e+01
1.794003931165721610e+01
1.288428344622030863e+01
2.324745918050621896e+01
1.006864940972269551e+01
2.441347958036818966e+01
1.549803233650230538e+01
1.047137112190804942e+01
2.236795792769768099e+01
1.675905387407598823e+01
1.757661401946957369e+01
1.819664479399420998e-01
9.199776991990660235e+00
2.376813291416791429e+01
1.348586261572694411e+01
2.011753770570419420e+01
1.181955464607811734e+01
3.036390126192372207e+01
1.438462922787111609e+01
2.017102160476947148e+01
3.496788378232707828e+00
7.942416268603338381e+00
1.778974467913158719e+01
1.114620906968940517e+01
1.262539270873219266e+00
1.842288945107615206e+01
1.008920050458146989e+01
2.207190519780702687e+01
2.701771156581870059e+00
1.281905945364599120e+01
1.765311465872390784e+01
5.075195371350915252e+00
1.445452564445123755e+01
1.273839321111992717e+01
9.545787560329785038e+00
2.788423142223297191e+01
9.710723369430169782e+00
1.321882829214555954e+01
1.156392018712497816e+01
1.023895302644454830e+01
1.755553856306423910e+01
8.157086388335045513e+00
8.819697997748875196e+00
1.144948504383366839e+01
3.005573565505126510e+01
2.582244892295458527e+01
-2.211672046794149082e+00
2.169684355442038282e+01
1.861675754393123583e+01
2.867077359934853575e+01
1.710692592544546642e+01
1.876440682714307684e+01
1.979520385621681555e+01
1.586181198223572153e+01
5.157804756967422577e+00
2.277859490785746033e+01
3.575700730612538791e+00
2.243658129434306403e+01
6.880445563090617611e+00
2.493328019165645770e+01
1.435617329032049838e+01
2.088499069414784515e+01
3.654774880208009336e+00
1.797681505990823325e+01
6.527705544130483872e+00
9.998710263173094859e+00
1.949509186360525348e+01
1.629818416995271235e+01
6.610924623802773681e+00
1.658575718286655132e+01
2.813760462779225691e+01
7.305136815697977681e+00
1.091648285758624581e+01
1.524460058617262348e+01
2.145874802307337603e+01
1.246898454025176761e+01
1.050997346465723581e+01
6.964545389997766733e+00
-6.367094026321950651e+00
1.387666637929223157e+01
3.011996150498661962e+01
3.269045523790651941e+00
1.138553533161484665e+01
8.819567432839718890e+00
1.286761459822248810e+01
9.725989323214776050e+00
-1.854578417377524602e+00
2.329542393426824276e+01
3.469609274411240563e+00
1.694561702995646613e+01
6.863192513292631247e+00
1.040163609385655263e+01
1.779286523003590048e+01
2.269971951530008880e+01
1.898117305095398422e+01
1.604660436316406447e+01
1.059090740386318430e+01
1.336312848206783599e+01
2.033505390474650198e+01
9.495062038834632290e+00
1.489978898840796262e+01
1.202906335479906375e+01
9.951138012290854817e+00
7.220789253505245142e+00
1.476067545298292316e+01
1.989828281923531961e+01
1.955508455897569320e+01
1.019199266259435888e+01
5.025200021962064056e+00
2.548696753239170221e-01
6.823775865914157635e+00
1.176234372072782008e+01
1.173503523172763607e+01
1.286475632078003173e+01
1.242488601641549906e+01
1.063478985792315257e+00
9.099396923488171751e+00
2.171973804206119496e+01
2.155688649124120104e+01
8.340488142808808902e+00
2.546433947072571158e+01
2.067231344714268459e+01
2.093346024205790457e+01
1.614554827218917410e+01
2.390715555778605506e+01
1.883289834573147914e+01
1.246186404238591194e+01
-1.168418855858448069e+00
1.990194269482344680e+01
1.899855744108587885e+01
1.387266339304987639e+01
8.783711731971749259e+00
1.299300265283721956e+01
1.951703351865280212e+01
1.866287725940836140e+00
1.446111527115918705e+01
1.044143086924121633e+01
2.377690090379999788e+01
1.696780643097242347e+01
7.860888977519962850e+00
1.252370512905942235e+01
2.498236470687141519e+01
1.541014909168147540e+01
5.213234152812873390e+00
5.670971329219611334e+00
9.480439804938114889e+00
1.968738260311489796e+01
1.527638724392987513e+01
1.167851817554354454e+01
5.955164763615712786e+00
-2.184605920815798186e+00
7.314883399323875324e+00
8.032099969270944939e+00
1.251456565945679245e+01
1.556800415316895680e+01
3.199679787086537885e+00
7.606962010677634112e+00
-1.054407301251018225e+00
3.492744873646159931e+00
1.123492560258537765e+01
2.420777407084440824e+01
1.191037425248488546e+01
1.761065149059345458e+01
1.547679450754640129e+01
1.066952560279548834e+01
2.318829962985331861e+01
1.610666967551271966e+01
2.072521756521851444e+01
-4.755173174412163917e-02
1.756113910534676847e+01
1.329268914901405196e+01
8.019860383610591725e+00
1.411625027432376100e+01
2.070850340166476400e+01
3.556922838366219253e+00
9.272562670181415001e+00
6.432000307269916561e+00
1.455643574724939526e+01
2.087170356579237307e+01
6.039294615215084150e+00
2.068328928089212582e+01
1.954741358566147369e+01
4.632108270389776550e+01
-3.114152716183653524e+00
1.008957385478797164e+01
1.487135854924505907e+01
1.129165735552855665e+01
1.523048075282785874e+01
1.338783071016752046e+01
1.420300911808259059e+01
1.726224600540153631e+01
1.983010818574728518e+01
1.326680513539980666e+01
1.523210081358311641e+01
1.277039794365313696e+01
1.144934885713173855e+01
1.795490760138393682e+01
-6.823245907628319173e+00
1.539195077061458505e+01
8.212758416231380920e+00
1.363334730301778563e+01
2.329506676457922509e+01
1.571876676017086538e+01
1.773500352549743297e+01
1.604389776925282263e+01
6.244094265133398380e+00
1.405258940300717541e+01
7.054737667939932066e+00
6.417234099900241517e+00
2.233844353496571955e+01
1.157131315747921008e+01
1.421177848171622315e+01
1.417139630272426132e+01
1.449948819684345835e+01
2.613364997592570660e+01
1.278344997684106943e+01
1.754429112839273586e+01
1.480856002878003608e+01
2.998068135336856699e+01
1.235751268506670897e+01
9.018312820412234032e+00
1.447452552918237245e+01
4.262353820049284536e+00
1.488941293471854976e+01
2.426450024933839700e+01
1.351885551516464545e+01
1.689096885462938502e+01
1.278439672135476712e+00
2.150464710026270154e+01
2.449756223545604428e+01
