8.937874282817105609e+00
3.425885387903164769e+00
1.458783228930113296e+01
1.133302759358655010e+01
1.933327015756536582e+01
2.820638644181035204e+01
2.198990252239781285e+01
9.746879918805561260e+00
2.481145091412699344e+00
-3.699344451053619309e+00
8.136538107950258336e+00
9.357723623308700667e+00
1.845703950570606366e+01
1.584746496370177482e+01
1.551466747432365878e+01
3.522266374866909189e+01
3.854158913061908720e+00
3.881529131425125456e+00
2.360826641842469087e+01
2.556513130922340338e+00
1.010327952558347420e+01
2.142313227555194999e+01
1.893651317416760804e+01
2.741371515376111745e+01
1.532930258702664617e+01
8.378884315794806525e+00
4.839711599227797478e+00
1.157320071350835633e+01
8.988286051559342127e+00
8.330885708725617178e-01
1.631594035948750587e+01
2.146768925338988510e+01
6.991631574204362209e+00
1.183358620133000727e+01
8.422228051418755967e+00
1.057151217750919159e+01
1.287795846567236424e+01
2.570666503665451330e+01
2.476261816713943631e+00
5.761873039541711705e+00
1.000068176236204920e+01
3.097162272011829032e+01
3.073950282536202394e+00
5.867820925520391029e+00
1.028818444330934767e+01
7.818671314694640273e+00
2.107719662737937938e+01
-1.454101559917916120e+00
7.834334374254780187e+00
1.624483369240405750e+01
2.653388076829718045e+01
1.109347227523673496e+01
8.847181053146130125e+00
7.866443927050212892e+00
1.202652834905960333e+01
1.972114488043305869e+01
1.123125217626315475e+01
6.862701394114054665e+00
4.287839115295426495e+00
9.758908185742811270e+00
-2.480181768240186102e-01
2.587399914375052390e+01
2.479398062060852936e+01
2.513404746425972291e+01
1.772845991174412461e+01
5.586353064891838471e+00
1.363929804827743908e+01
2.537683960188275023e-01
2.355995197947314779e+01
2.054915179227789679e+01
4.316748213518209809e+00
1.212465139591557772e+01
1.528247216370870376e+01
1.854395319588672209e+01
2.499662808094289090e+01
1.159922698736713187e+01
1.177970645596434451e+01
5.619456796913041785e+00
1.594211518844420539e+01
8.160111099799308931e+00
2.586572010213799899e+01
1.781384322153115818e+01
1.195207172426796660e+01
9.108891367151144891e+00
-2.329622330402798980e+00
6.572284210815453775e+00
-1.515416451314735014e-01
-6.253311322305478370e+00
-6.854084507155803863e+00
8.525805022331965688e+00
1.737767920309423175e+01
1.932747703791613958e+01
1.419343044913520657e+01
2.664866814730117994e-01
2.993444216900073229e+00
1.586309831685385063e+01
1.207470066214261806e+01
9.237338978245261956e+00
1.228335874060631738e+01
1.383091336194046050e+01
5.063508523151568852e+00
1.356302617362443641e+01
1.173736907181624645e+01
2.045125471632158565e+01
9.060687373420179824e+00
2.367846510315957431e+01
8.939130496859149844e+00
1.427101251911226143e+01
2.249048955423709373e+01
1.311086240442037365e+01
1.509786131218450578e+01
8.513910368714405763e+00
1.695245150983140547e+00
1.201823797261380378e+01
2.447549987759353485e+01
8.283998393290460172e+00
2.461005986067893758e+01
1.469003197570218333e+01
4.954585866685818019e+00
1.976136498658681973e+01
1.820689452894464466e+01
7.351127212359870100e+00
2.322532676562665443e+01
9.166206966222077313e+00
1.414774940618450216e+01
-1.087889052313798288e+00
-1.406662055785957932e+00
2.022584282391918009e+00
6.015424283871240618e+00
2.101891630079595075e+01
9.307546074536546143e+00
1.251616440363396521e+01
5.925926827984540068e+00
1.851119302904850628e+01
1.086671482722015014e+01
1.340857520080669474e+01
9.699317313099413695e+00
1.032332960849718262e+01
3.763154057509410677e+00
2.600734118507319437e+01
5.999834055390522281e+00
1.024537909470120667e+01
1.259083659041698411e+01
9.762432565895892367e+00
1.894646698301464482e+01
1.640186190427897373e+01
2.933842343418859855e-01
1.784578195214207597e+01
2.126303601491336792e+01
1.149970270330164368e+01
-7.093128750246009417e+00
2.711055228779503068e+01
8.436964687165684040e+00
7.415296968308297210e+00
1.374846064702458648e+01
1.571558022684686762e+01
9.780898200727420999e+00
1.606870136466100263e+01
1.425616126964517605e+01
1.847148698310361681e+01
3.663880231443926050e+00
1.319426373203322100e+01
1.463412970343831887e+01
5.450018099682679917e+00
1.070750602580453403e+01
5.359724733911988892e+00
2.222955544687399509e+01
1.216714974030607266e+01
1.392371685219117694e+01
2.092340874370362513e+01
6.371002435295778810e+00
1.435008048460726116e+01
1.270582125549785246e+01
2.273886657906896147e+01
2.029303677904913172e+01
1.080930181785890909e+01
1.704960848587777633e+01
1.480786821613226323e+01
-5.196613074372933738e+00
1.895192534945893215e+01
7.945957837936461488e+00
1.312672048441368133e+01
5.793316202971624307e+00
1.843990424019673924e+01
2.377225576871397550e+01
7.231823120533931615e+00
8.637051267918366193e+00
-1.833387281109295941e+00
1.764879239553201273e+01
1.134520728530121403e+01
8.429645452040375631e+00
2.122300039215106437e+01
1.319365908419941036e+01
7.030346994652404646e+00
1.857255365590771135e+01
6.839669288663586144e+00
-2.272227881307600228e+00
1.898195773591947244e+01
6.629382517131972463e+00
3.457784487166163956e+01
7.629796677114200065e-01
1.589944719685212249e+01
1.942407452428157910e+01
2.012881463426121798e+01
9.808862419900989948e+00
2.373749100405723311e+01
7.995355894215109060e+00
1.825504241687651330e+01
1.501617882463719411e+00
5.139741617856330436e+00
1.723287810720759694e+01
9.383183107372374820e+00
2.150743212397131288e+01
1.944201082512411460e+01
2.437031073150115645e+01
2.520204311461574065e+01
1.069141456984958438e+01
1.564295724990792280e+01
5.142760436903557775e+00
1.839932675977632215e+01
1.957986305131392157e+01
8.820849574863345310e+00
1.236082206558759822e+01
2.328582022194439105e+00
4.996826715509868677e+00
1.380353957966049450e+01
1.665149142109989100e+01
1.161035344850810702e+01
1.900179710112352183e+01
1.377929367608923883e+01
1.319189482488005183e+01
9.125022944820969428e+00
1.821644855073509461e+01
5.044368736103734818e+00
1.073536144086547495e+01
9.175143002415083515e+00
2.310549511206539819e+01
1.298946792179278020e+01
1.014535920089861065e+01
1.610379513631981041e+01
9.778015790557184062e+00
1.170762579844653573e+01
2.315691114938039163e+01
1.076282083243233956e+01
1.529412776324849688e+01
8.354171998120705211e+00
9.207854535452355549e-01
1.252238455761805369e+01
2.307918177358050116e+01
1.173319761598695266e+01
1.521470408541659936e+01
1.031203866551069837e+01
2.154528582404452663e+00
1.759824687866915127e+01
1.938189087244558806e+01
2.976570924024576215e+01
8.976488727848149551e+00
1.452947176196119017e+01
4.437515726874607935e-01
2.624514582144826136e+00
1.551195895569689753e+01
3.958135827154535491e+00
9.053907150525020597e+00
1.664396872039807818e+01
2.239683302626654893e+01
1.772814123088638638e+01
1.869217512467524500e+01
1.806692625297233690e+01
1.335721683315088626e+01
7.459318556115533738e+00
8.737895762419270795e+00
1.385445403842133771e+01
7.171898967832348148e+00
1.606662619752216870e+01
2.584252466177858309e+00
1.601776497506436669e+01
1.121435204133723573e+01
2.187688258201151825e+01
2.290968835814091875e+01
1.963100732418146777e+01
1.995240363707829090e+01
1.409149590955213682e+01
1.368474859511569264e+01
2.502585224319354751e+01
-6.205285208762262528e+00
-2.987438290613937397e-01
8.030913778420128324e+00
1.973616447142944708e+00
1.570554139040780228e+00
1.421312302302015951e+01
2.889544928980616589e+01
1.041668538710104031e+01
2.292089875330986359e+01
1.081704644526685399e+01
6.341412295598132687e+00
1.564961224607489498e+01
-4.325747723540658285e+00
1.942626817368358161e+01
4.973864173464463079e+00
1.357989440144706350e+01
1.219745674683245795e+01
1.150410804835436807e+01
1.491283229075582994e+01
2.278878439816128321e+01
8.968939361720501324e+00
1.251186986151967062e+01
1.096709351654986619e+01
1.339776235826789730e+01
1.291303942710740671e+01
8.038668805041552901e+00
1.768991685693315219e+01
8.708523705623534283e+00
1.528293570488293085e+01
1.055475564718960868e+01
7.854861710402488484e+00
2.089280093047796072e+01
2.482141691661858829e+01
1.232916227887400851e+01
2.685027344737395083e+01
2.168727809282894015e+01
2.039741826577367334e+01
1.799824979746431808e+01
1.514171720332911519e+01
1.842508601523856271e+01
1.417242443239150873e+01
2.378126466197494437e+01
1.649151326070736445e+01
2.874564979287343647e+01
1.776102410350583227e+01
6.642941926844287082e+00
1.706588465842165192e+01
9.954962272670528023e+00
2.846404939518905053e+00
1.584142500861209868e+01
1.331210263906002922e+01
1.016300304439828039e+01
1.031695221723970235e+01
1.151662598739352461e+01
1.332792122961991765e+01
7.886161198527148031e+00
2.527633859920054249e+01
1.104298886294991178e+01
1.360925331527037940e+01
3.233496491112798310e+01
8.981435942518274373e+00
1.989091723107281950e+01
1.554668741243968100e+01
1.875632983180172175e+01
1.114423861965217100e+01
8.351594715067307106e+00
8.012931937129593507e+00
7.802506396804218980e+00
8.399215661916926479e+00
8.223665084321297059e+00
1.693905397743120034e+01
1.558372599681334236e+00
1.059963005943052394e+01
1.389529415259568168e+01
2.074432274712643220e+01
1.665614550182002063e+01
7.160784786419256420e+00
6.158787924000577618e+00
2.124294340808520332e+01
2.549859404765612680e+00
1.278677219718129265e+01
1.282427611229103803e+01
1.595478705911183681e+01
2.408572238987910197e+01
7.324786128910773186e+00
1.923250309315530160e+01
5.264261659465645948e+00
5.062894355805809710e+00
1.312476316348372052e+01
9.218167377032585819e+00
2.085813625315307718e+01
1.078195867223040239e+01
5.417065587198806043e+00
2.487117209596485168e+01
9.707305720337743082e+00
-2.032111236269074084e+00
1.138499131663594710e+01
1.405108895752979947e+01
1.872868884192453010e+01
1.480472659542853364e+01
1.256837658319240347e+01
2.733261791331069901e+01
1.894633837266978560e+01
1.042382576184060383e+01
2.291636810351107556e+00
3.643776891381364180e+00
1.069126617393040135e+01
1.746774059712966221e+01
1.781107429297321687e+01
1.657301588929703939e+01
1.132410254497830238e+01
2.793980918379105560e+00
1.293336495563434596e+01
8.942861935864883094e+00
1.049391735587556695e+01
4.789835122921488164e+00
1.004380057203732690e+01
5.549031180905188876e+00
6.414266376542173020e+00
1.688998569426625096e+01
2.114513455195223202e+01
4.191324855184589637e+00
7.186548419959052580e+00
2.412105551286308014e+01
1.177468936294161495e+01
3.508095320444965637e+00
1.746905608286809297e+01
1.218723330297358132e+01
6.613614462194448151e+00
1.193443126854265302e+01
1.229062798052176220e+01
2.523194811954653005e+00
2.043514370561346283e+01
8.568095673093736764e+00
3.602101829113024678e-01
1.579962717027685670e+01
1.230692333812417871e+01
1.272243617427376705e+01
2.029825073868219931e+01
3.509055932623937935e+01
1.917163121983634255e+01
3.573258864292242265e+00
9.565679907748503297e+00
2.372288418508801300e+01
1.062138402810117555e+01
1.077168920796778195e+01
5.127721942553719714e+00
1.255622067528629771e+01
-5.029883256658862933e+00
2.399790578572476107e+01
5.321178061273258209e+00
2.993411011062974580e+00
1.240444970498938915e+01
1.888318382190477962e+01
8.581923435662147881e+00
1.509035261135407779e+01
1.833506060854261221e+01
2.409013596063854123e+01
9.728646490321011697e+00
1.663340828462130361e+01
1.311691456480565421e+01
1.095052195682681884e+01
-5.077719833900530944e+00
2.070882974794063358e+01
9.158070830844977195e+00
1.168443502695269842e+01
1.554866135249679360e+01
6.662312963098713681e+00
1.534079532574114069e+01
2.156863568377315232e+01
1.103724494803242351e+01
5.272885863189699762e+00
2.096952728237712904e+01
5.828187131619699812e+00
2.159682047478218436e+01
1.609216306560431775e+01
1.513260647960024130e+01
2.923554304427369743e+00
3.172226610571453875e+01
1.517467716586619275e+01
2.691889163969062793e+01
1.923728147170149327e+01
-3.838663546498167989e+00
1.175061049389597656e+01
4.258836611335340194e+00
1.270233368380527850e+01
1.795982715965003251e+01
1.199748754968533149e+01
1.203774044061044890e+01
1.577261677894246361e+01
6.271642294800244599e+00
1.167547262870374425e+01
2.986313031198591261e+01
2.466169919162835811e+01
6.441755885390023195e+00
2.280076044886886422e+01
8.909039183337881695e+00
7.656351527263637990e+00
1.703538166216597460e+01
1.159730835724342057e+01
2.697017166862583792e+01
3.324963777587697678e+00
3.287047846245272353e+00
1.637237832982539487e+01
1.646453279235673506e+01
1.040779581611724325e+01
1.318034918414416268e+01
3.952398474801398720e+00
-1.549057176802023150e+00
1.788684494538060221e+00
-1.174339371539829813e+00
9.475594741722957792e+00
9.724959967770843150e+00
6.849763577294112338e+00
1.618389251210150803e+01
2.089890892653207288e+01
9.045670983549086941e+00
1.105969116537767150e+01
1.301952901300967369e+01
8.955529927544006341e+00
1.516136468231722745e+01
1.745311830438026846e+01
1.523382082504508617e+01
2.028265799990496276e+01
1.160506029555853047e+01
-1.178763899841172247e+00
1.530169756080273658e+01
1.697631233259126304e+01
1.114205257510671743e+01
9.721562393766376431e+00
1.330937888655833490e+01
3.166606547003169680e+00
9.548068306974627717e+00
2.477508949861679355e+01
3.934695196818722707e-01
1.671148100982482276e+01
1.747377218399869747e+01
1.639687157327087164e+01
1.087303782620656989e+01
1.137384021974628467e+01
1.021810343427229384e+01
-9.095751713886258472e+00
2.574852508776960036e+01
1.604665291603035371e+01
1.867140598085239844e+01
9.770330623754077237e+00
6.015977162355397923e+00
1.429151369281619566e+01
3.116349294032914941e+00
1.218247783276552809e+01
1.492525176048059166e+01
-9.996406199618945720e-02
1.996330166416372975e+01
1.170424879013690855e+01
2.410400156824243112e+01
7.270298890412732362e+00
1.971137458453030433e+01
1.215317246076568836e+01
1.785574060138780794e+01
2.006581112040767323e+01
2.058757074450818436e+01
1.757660527915803073e+01
1.804604096671756963e+01
1.242735944233365331e+01
2.110611191769359607e+01
5.413333700613151223e+00
-7.887294293060605810e+00
1.483116487611034984e+01
4.383521373334446025e+00
1.895621017834398714e+01
1.514958107450381419e+01
1.858849650906606144e+01
1.489849606255182835e+01
2.755540646250243242e+01
5.887799356459140654e+00
1.546198346350406894e+01
1.814183088199725802e+01
-2.063917402601745721e+00
1.810669647722039599e+01
6.814664515880892282e+00
1.872117579154864586e+01
7.611341587068622516e+00
2.202035206197298578e+01
9.469131053349684635e+00
-4.052144273406824482e+00
1.365433238343989331e+01
2.323083680081834501e+01
9.260768372594412767e+00
1.352549952892078977e+01
-6.549315627381950833e+00
2.940098625364566232e+01
1.218575530974358401e+01
5.027938241511620276e+00
2.543216283205519090e+01
1.266739288387687168e+01
1.215501544614330953e+01
1.675438454754880979e+01
1.102183292242612822e+01
2.108849585445807406e+01
6.631684545530632136e+00
4.215228344873111155e+00
3.666126411923272599e+00
1.689587969315765292e+01
1.192273725968077258e+01
2.907059679824656939e+01
1.421420353825172356e+01
2.079250102721173477e+01
1.934927700298750608e+01
2.900958411546189808e+01
1.263824567166996360e+01
1.702545754458629546e+01
2.679855399189746379e+01
1.236119404213919637e+01
1.808137812159009172e+01
1.601774894069872346e+01
3.008048974427730116e+01
1.598688760272359843e+01
1.390120328060332611e+01
1.168999531586989349e+01
1.482273737249147416e+01
1.287329592634107200e+01
2.873728496480590877e+01
2.844418635528360539e+01
2.605150466133511600e+01
7.675943716506822057e+00
1.760575888836224578e+01
1.838837751005425503e+01
9.630067625015385602e+00
1.767583435360456434e+01
1.753772412578256024e+01
1.231703735296707691e+01
2.601498461248397120e+00
6.952840548571288082e+00
1.446930816282430499e+01
1.358151077576508214e-01
2.319417302913475964e+01
1.221798889725027948e+01
2.033322114964381910e+01
1.380585842884674719e+01
2.764495807911086445e+01
1.555534660499446886e+00
1.188655407686458432e+01
2.287943697226252482e+01
1.016925303647300893e+01
5.862708791122770435e+00
1.565043445155144752e+01
1.390187462382908024e+01
1.413599488536304705e+01
6.959548611101183724e+00
7.464163927647405217e+00
9.926304076580422020e+00
9.304411245409383469e+00
1.537438637951393616e+01
8.223044245872756619e+00
2.734089281291558393e+01
1.073833201998287734e+01
9.381272511212785048e+00
2.373257466738408539e+00
9.846565188098566068e+00
2.376505473241492439e+01
2.159251930359815219e+00
1.942011535654349075e+01
2.015370923890797883e+01
2.171456465020788329e+01
1.061674262709674110e+01
1.411642104970785283e+01
1.715618604557973015e+01
2.493500314738304269e+01
9.118402704731963127e+00
3.291411518370860279e+01
1.033339284695045990e+01
1.867938728410228322e+01
-1.235221253543414832e+00
1.272615063207568653e+01
3.964722962624591673e+00
8.317292218506793233e+00
7.181962794571319364e+00
9.436436040701053685e+00
1.276965002775943958e+01
2.567838960699123163e+01
6.694189668426417938e+00
1.716267708073878140e+01
1.221393639987746838e+01
1.365197584140434373e+01
1.858946284429905660e+01
1.469098302863726246e+01
1.457074141072946816e+01
1.343406802083814000e+01
2.120540836045522326e+01
1.076773027215514844e+01
1.927689753651293358e+01
1.946580905670703032e+01
2.231761118035909419e+01
7.834097446927529518e+00
-9.863528015033296015e-01
8.450997691374553256e+00
1.938800688600202449e+01
9.658030855258616043e+00
7.251710379576110199e+00
1.098850637095110017e+01
1.233714107142556315e+01
1.835349659480878870e+01
2.043950387033169136e+01
1.124862373330506671e+01
5.696522364355189438e+00
1.199451439786554374e+01
7.860844886780014917e+00
5.109953866970400327e+00
4.229719117707503528e+00
1.210057599605491419e+01
1.138116986488968507e+01
8.190782775987528908e+00
1.184422218089360967e+01
5.326974714068910544e-02
1.131304761559205474e+01
8.503331491593371538e+00
7.226765522549271736e+00
8.728939828616503860e+00
1.614657280011483920e+01
1.840090955949916918e+01
7.458348789585429017e+00
1.605635167661662877e+01
1.929394903214409851e+01
2.287482380211955757e+01
1.146794242281761456e+01
3.628845988347478624e+00
1.335475821669091090e+01
1.660736395727733594e+01
1.063015204738704256e+01
1.482658084825026634e+01
4.634245725625419254e+00
1.626032426400760755e+01
1.135009154717310764e+01
2.507926419386825501e+01
1.022096819583198624e+01
8.612661484461497707e+00
-1.698417101230319304e+00
6.730487288983411531e+00
2.470354904787310346e+01
1.918040259440592621e+01
1.784377860893575729e+01
1.665009964322282343e+01
1.407116508212786243e+01
1.066930936362567195e+01
1.042939451012686902e+01
6.642923859837566170e+00
1.081984838585543685e+01
9.222886484390329542e+00
1.384466223497879866e+01
1.646236255396051007e+01
-2.628826069524734521e-01
9.859474193717758794e+00
1.132978397288782446e+01
1.557532800641109816e+01
1.467185257433249745e+01
4.029585806198298314e+00
1.327918066036512812e+01
1.575162678624262469e+01
1.812619029543219540e+01
9.205600394902418770e+00
1.036018813985391773e+01
2.101885638281716950e+01
6.216927746687062495e+00
-4.430291625612312600e+00
-4.770979213408338637e+00
2.095491183313591677e+01
2.999326604111176664e+01
2.963301239339244830e+00
2.138328193959533507e+01
2.237656780570648607e+01
-5.848256671531601114e+00
2.343962463856561129e+01
1.604279397420185660e+00
-5.012353949922271568e+00
1.592504051073994731e+01
1.822379251432703740e+01
2.010582462050988539e+01
2.088174481657780035e+01
1.572325323383805085e+01
9.796398899964344764e+00
5.609475446006939592e+00
2.708176137521250837e+01
3.846377237024626083e+00
1.818051887945764378e+01
1.739841039724274196e+01
1.461431434894717540e+01
4.180629515067224133e+00
7.049207946491023336e+00
2.564542130826330890e+01
5.892035282608844682e+00
1.044655086389286680e+01
-1.736463438106582657e+00
2.027293747033786531e+01
9.360984799248313948e+00
2.060167053242056312e+01
1.473956605341177806e+01
1.028983751699270499e+01
9.258574450204314132e+00
1.150075219412832439e+01
7.848545891696730337e+00
1.751601529084687314e+01
8.274630602430235626e+00
8.807076168554303308e+00
1.106946687667705476e+01
2.419901081455540748e+01
2.461181681543713751e+01
1.692977178619187839e+01
8.236919429599410591e+00
1.680020992357773935e+01
5.187792956671259503e+00
1.939716171692298019e+01
1.006430622720395718e+01
1.623910394803897361e+01
8.326671366557562237e+00
5.791902796581794632e+00
3.573024541438158508e+00
1.966770083284629322e+00
3.324478372004833204e+00
1.241748945224526324e+01
1.719368806822846807e+01
1.392868080384258178e+01
2.043142066684324476e+01
7.347685089821979432e+00
1.715999133545170707e+01
8.637491029426911382e+00
6.840903800504875676e+00
2.494053586713211956e+01
5.973640445574275759e+00
1.829719449245457952e+01
1.638398110094883009e+01
2.222981590101414895e+01
-2.656703606121737948e+00
9.460912342227913996e-01
1.212251475006732448e+01
1.960809447744453848e+01
6.218099722091650960e+00
4.366764858833889207e+00
1.918035471572413542e+01
2.527854921992199166e+01
1.015519313773810950e+01
1.499483709673239673e+01
1.729992769721506818e+01
2.111005692789751009e+01
7.547988808726358911e+00
1.215025465125262372e+01
1.516645756179437399e+01
2.613765181360605538e+00
1.005299919423704580e+01
1.733027358397148987e+01
1.158414074635095403e+01
1.190922810942176113e+01
1.604248753721761034e+01
9.110158815902551055e+00
-8.266348349931206485e+00
1.022991825777741326e+01
1.440122003375981308e+01
2.625676387857251370e+01
1.517433451553444002e+00
1.842657722977084234e+01
8.469873920341754570e+00
1.313151406493716422e+01
2.426017977944616888e+01
6.482945139550182034e+00
9.197439957436685631e+00
7.678060787546968413e+00
4.099709315940316401e+00
2.099873937583565464e+01
1.149576359533072889e+01
3.880735073610367181e+00
5.318903952250877865e+00
1.781595709770731872e+01
1.285117791017027855e+01
1.411548432811645171e+01
2.019966978189068385e+01
1.695250760355889952e+01
1.317302561980534392e+01
2.673968919249898590e+01
6.709572001917351258e+00
2.233512556939828642e+00
1.721531347242495258e+01
1.395156900062045224e+01
1.834835850770435428e+01
3.658815434628579055e+00
1.572914955261949643e+01
6.402555435156557451e+00
7.970273142385792653e+00
9.858611027824906614e+00
3.808538341425872886e+00
5.120936975814231573e+00
1.543722960674394074e+01
2.394954319600078918e+01
3.521941703690629311e+00
8.529052311076966930e+00
8.270240697607547986e+00
1.651517309110894871e+01
1.530840931483788836e+01
6.070043161573977386e+00
2.552061893984165408e+01
1.900446955829372087e+01
5.785416835008845737e+00
7.641101760118075958e+00
1.196150803834464682e+01
5.733149110295656214e+00
1.080052973432032104e+01
2.299435756062568714e+01
1.316594085202342512e+01
1.080130472164047717e+01
1.722429451796350719e+01
1.527255371906989012e+01
2.006708657674415264e+01
1.630138467327608964e+01
9.113471651579487798e+00
1.941578597648245363e+01
1.801930730953295523e+01
1.396203830960534731e+01
9.165428717660148550e+00
1.750051599316621065e+01
1.333402148755372707e+01
3.260643400542316783e+01
1.409847898401800137e+01
1.087258627880260065e+01
1.719258366668091753e+01
1.972569600922611954e+01
1.288333388755398801e+01
8.306448781312397500e+00
1.594901753512840514e+01
4.078228707138137565e+00
1.537068786812970700e+01
1.133392818778647637e+01
9.598938429355214907e+00
1.220131043326905740e+01
6.183574107467649128e+00
1.278531150178507403e+01
7.438033136104081677e+00
1.408726911853682395e+01
1.432462804292889302e+01
2.207234064731281364e+01
9.921869591168984925e+00
2.116321933027232660e+01
2.019161589072379570e+01
1.667378175136960294e+01
2.369678467016564838e+01
2.045628635380877824e+01
1.740465786884377053e+01
2.215068671464496219e+01
1.225684776436953882e+01
7.744457181981474037e+00
7.855793523213151275e+00
1.728208242377931469e+01
1.276243577199748813e+01
1.067353319810446521e+01
1.893254180470478332e+00
1.553454367706392247e+01
9.923253952574384584e+00
6.173461863426140894e+00
7.615660385585400149e+00
1.473837091711483538e+01
9.410516224443583155e+00
5.010258990222325792e+00
1.167814751025140652e+01
2.211226351934074330e+01
1.672153203998777116e+01
1.722841420614438590e+01
7.745359824757684919e+00
2.454509143771704771e+01
4.521627966250804320e+00
2.753555481100232782e+01
2.196234273817550076e+01
9.205650677356260303e+00
7.599351799605500446e+00
2.324356661820482373e+01
9.881556426695482287e+00
1.547987902146300598e+01
1.815298458267766790e+01
1.013300530795127230e+01
1.328984892339369139e+01
2.935974025903074391e+01
2.145987380539311573e+01
1.469308987090832375e+01
1.348134939311933067e+01
1.643548914014830586e+01
8.366308661911659783e+00
2.419104932377733519e+01
1.849013243709947574e+01
4.196415080205056825e+00
2.194400885285546821e+01
9.453688446692112279e+00
1.740982326093008226e+01
1.413375295821563782e+01
8.823180084023491077e+00
2.226164268682498459e+01
1.085833429774152137e+01
1.979456093123793181e+01
1.347934130769263561e+01
2.502109078010599319e+01
8.958774192586716367e+00
4.685377113619310308e+00
2.038823036262477473e+01
2.630086908028358295e+01
1.267701826758492700e+01
1.237276722735370527e+01
7.515485817617246767e+00
1.722839208619239315e+01
3.445712337166644090e+01
1.448551957133906853e+01
2.172053821321652123e+01
8.876585440114766357e+00
5.680893400631944701e+00
2.047085339591761510e+01
1.816179279289056581e+01
1.875534936194166846e+01
1.123685723162134309e+01
1.747016053699834970e+01
6.479789468592329627e+00
1.139915029506626354e+01
1.000315676576029489e+01
3.729726771771282756e+00
5.426004691365207577e+00
8.813996749428937960e+00
1.014466046972607671e+01
1.198411552423800686e+01
2.231035858278080042e+01
2.224245957387442019e+01
4.107339357629498977e+00
4.624071992508959283e+00
1.454715082181220254e+01
7.164223029565732759e+00
1.983297209725809296e+01
6.676496724535113003e+00
6.169189924342575182e+00
2.325752621804100784e+01
9.768577704608972567e+00
1.142360934766257685e+01
2.941717522548545105e+01
6.410468078050598706e+00
4.883468271772713365e+00
7.912454077509551098e+00
1.643002418283910515e+01
2.597506591219513439e+00
1.067605034437460176e+01
2.085990054385369774e+01
1.009397462167161308e+01
-6.835365503534802656e-01
2.123173394887465548e+01
5.071076611207558926e+00
1.670463752446630679e+01
1.081314157113010310e+01
1.770074940714158629e+01
9.236712908498674324e+00
1.205788951379149410e+01
1.089789315440867767e+01
1.985474624949426214e+01
6.098410610822583067e+00
1.701901397212047584e+01
7.715576419263982189e+00
6.158441154860071265e+00
1.023760764547077429e+01
2.802341861063199246e+01
2.210322592419266385e+01
1.731119990728524272e+01
1.174985868811826606e+01
8.596704282339558745e+00
9.406417747627060066e+00
2.007493377942891044e+01
1.401800586273643034e+01
1.977557400582867331e+01
1.883035446878230346e+01
1.442325947633200656e+01
8.043788794996345359e+00
1.237095591154344731e+01
2.131845875928411971e+01
1.244414938173855489e+01
6.138738802989777810e+00
1.318661038119395812e+01
2.001805065834719954e+01
1.346121685115202382e+01
1.340609853179366695e+01
2.407415273538575917e+01
5.110815202431496118e+00
1.114577366175846862e+01
-1.098614270130866544e-01
2.118175717454383289e+01
1.582645899242851328e+01
2.611572322081031672e+01
1.607781378271255335e+01
8.521406831768189249e+00
1.591770812817531322e+01
1.728897805667159560e+01
2.124500723863456386e+01
1.457418156352062510e+01
1.196660802111264843e+01
1.429475058204836557e+01
1.139517022508690047e+01
1.605438941358042371e+01
2.095087851799303280e+01
1.170629728777024070e+01
9.685593890802991268e+00
3.501994543754136657e+00
1.189881934103026140e+01
1.620295668464091676e+01
9.435495820542570300e+00
1.254509402209144753e+01
1.053009301169753087e+01
1.591032322666792709e+01
6.903348280667415793e+00
2.497354617391577847e+01
1.145294189824367947e+01
5.951854168208285500e+00
1.063741419536842159e+01
1.194908755621020191e+01
1.087118834332379436e+01
1.632319418363586294e+01
1.256279165091052619e+01
9.180403425012144680e+00
2.013955289361163636e+00
1.012602800815774629e+01
9.056683491448453083e+00
2.009458110978671641e+01
9.664534343295912322e+00
1.894505190988864740e+01
2.648437832752367882e+01
5.899269375609648591e+00
1.267081440253616620e+01
2.086607733584622082e+01
1.713937580647799308e+01
1.645899534650110496e+01
1.446296865999771342e+01
1.494828686700805065e+01
-1.598547823188496864e+00
1.618574253406958974e+01
3.329944031553700512e+01
4.451988633391408712e+00
2.309672709064673057e+01
2.815906984139183322e+01
2.335260402710346028e+01
1.725117848826901223e+01
2.030085999181761736e+01
8.909801734909152060e+00
1.531711833848108029e+01
-3.047850051394789261e+00
1.299262834088858654e+01
3.457994770798833883e+00
1.855910688240462036e+01
1.093946811307761635e+01
1.462413054055826933e+01
1.552629574261989376e+01
5.658976295232619691e+00
2.211638070039391835e+01
1.038870909943470622e+01
1.530757791339435414e+01
6.932912119341054336e+00
1.768455029104676157e+01
9.581205245448344954e+00
2.143862902637583545e+01
1.134006259383814097e+01
8.316670164511620555e+00
1.030509572593989276e+01
2.729217717599695447e+01
1.201962267058094369e+01
9.787172476812713739e+00
4.628290671531942735e+00
1.579720349836422599e+01
1.191695231938335553e+01
1.332243260868520451e+01
2.585661339186058427e+01
6.001011874759015541e+00
2.401807758896914891e+00
1.533116544789918123e+01
2.531529249449003771e+01
7.209490216041785970e+00
1.018156329700805429e+01
1.063296085684342529e+01
2.115344160653611993e+01
2.312176161244295258e+01
2.275385236781792742e+01
1.746734502636009267e+01
7.601539774141556904e+00
1.504886510004364197e+01
1.061493540485683695e+01
4.968049785453786171e+00
1.939305688958365437e+01
7.426761790168043831e+00
2.339744544881342847e+01
2.198350575179244260e+01
1.408000110032688212e+01
1.011991670599734050e+01
1.160432724260287785e+01
1.388372901713233887e+01
1.950019650061425125e+01
1.502914646702257073e+01
1.086489166532115291e+01
1.582249342803046943e+01
1.048921973731036417e+01
1.555069521109159325e+01
1.514351168524058266e+00
3.507585443358095745e+00
6.525808176312892783e+00
8.523782768235008689e+00
1.346892825708000885e+01
5.057200695538028867e+00
1.704769207074120629e+01
7.009586200701264147e+00
1.063031024401877289e+01
-1.494070856932282254e+00
1.363774920349928976e+01
1.262809469906275694e+01
2.421728985355320418e+01
1.510747202842125603e+00
1.939829792074084480e+01
5.178617231810846988e+00
1.791755284029201789e+01
1.134431399067580060e+00
1.180447405973293939e+01
6.874520744816408069e+00
2.367369205551499078e+01
7.872171771469552937e+00
1.946295529418910064e+01
1.462095331402642273e+01
1.115305000710759487e+01
2.095986419704078685e+01
1.711307486874318329e-01
6.576974086558990962e+00
1.028185148086198808e+01
6.593582915476801531e+00
1.781804247451752587e+01
7.360728997144093455e+00
8.566618371603041737e+00
-2.678103496900533287e+00
1.634624361628154077e+01
2.203399626736477046e+01
-4.161990172423500667e+00
9.827255950310373578e+00
2.262687495901471380e+01
2.473818272459855905e+01
2.186144796260535372e+01
1.610882011402393488e+01
1.438745759226213750e+01
9.096835415482317444e+00
1.941199374308622794e+01
9.367623774548818005e+00
6.638820750301221096e+00
4.330974569036044386e+00
1.850767689411753736e+01
6.843994050182146793e+00
-2.609923538244871111e+00
9.485732271150197903e-01
1.656390080116193531e+01
7.905798426664318868e-01
1.282356601655583717e+01
8.155444982040478408e-01
1.403768099911226841e+01
1.293236860497250973e+01
2.345709804784033281e+01
9.349415442669013032e+00
4.003465749403630980e+00
2.104676549771069460e+01
1.530422772710380741e+01
5.656793386621657760e+00
1.045589597981692975e+01
4.014425168048930459e+00
-5.470344557648672890e+00
2.358624137768325824e+01
1.539604318015725681e+01
6.029701861466449486e+00
1.766022756226769275e+01
2.414527525106210959e+01
2.389110254517707688e+01
1.124056253105234759e+01
1.938961690341638899e+01
2.384121946435655559e+00
9.772905046468139290e+00
9.461331704427635714e+00
9.208780061029273156e+00
1.791543347678830145e+01
1.890274334001854584e+01
3.085777700591563644e+00
1.630463251035977379e+01
4.601216987411973491e+00
-1.900221273972931613e+00
1.474693820079792772e+01
1.682952254446372820e+01
1.569312438163136392e+01
2.312072003662393627e+00
4.023268744658679452e+00
7.573828413213874455e+00
1.854768830182972295e+01
8.915703964334667830e+00
1.440935266433480422e+01
5.663196184035669489e+00
1.958231060746726371e+01
6.617870113266832277e+00
2.356295697158259372e+00
7.335760384462886918e+00
1.535441579350245433e+01
7.281633873921336431e+00
1.453211727583249768e+01
2.076323586328865645e+01
1.068887630768783481e+01
1.588426836798986130e+01
1.996510139322089117e+01
2.207820462303315878e+01
-9.752062128132479302e-01
1.282285628011644008e+01
2.238792252998674570e+01
2.140575807962098054e+01
1.557568251018757621e+01
1.575480619876087474e+01
1.122208664712553627e+01
1.204116774134183743e+01
1.333170992012517786e+01
1.200549087289346062e+01
1.291026451185535961e+01
1.528321316485219938e+01
9.763735343406025891e+00
6.550233849763586136e+00
1.016331289476815414e+01
2.830119852814513592e+01
-6.929137697322005351e-01
1.174258518671018692e+01
1.520994268794451898e+01
1.126224543328095962e+01
2.610670324365295869e+01
2.122553620139677832e+01
1.225116651609285157e+01
6.689307085000919528e+00
1.826302427577266485e+01
1.643595043706602610e+01
-5.879125346911465044e+00
2.673377723608004430e+01
1.671834597859569271e+01
1.363077798159127951e+01
1.100323244947750823e+01
9.686850602448359382e+00
1.450668956514678598e+01
6.354881306642283789e+00
3.939812543540370626e+01
1.454311913137478030e+01
2.180679328537438977e+01
2.400693128816679689e+01
2.152268789235385782e+01
6.306110537022249218e+00
1.348558824067325190e+01
1.873528554814989633e+01
2.632992816155310578e+01
1.749723905178510108e+01
8.388994631767133114e+00
4.945886827236648742e+00
3.092504318646788875e+00
8.226907164555498753e+00
7.696180979380287113e+00
2.852520086402265065e+00
1.970661182104878861e+01
1.063094070301507088e+01
3.385135980714949255e+00
2.132843495169303338e+01
1.194525134215052731e+01
6.412041854573658384e+00
1.623509602002499719e+01
2.432060335036602083e+01
1.318736993832055759e+01
3.820559963611799503e+00
1.316801151236381884e+01
8.067178899974223327e+00
1.117685912563364070e+01
2.045632783281950395e+01
1.663676112745406499e+01
1.305883168181442500e+01
7.132611696507822785e+00
1.368752243723365325e+01
5.675976840240082311e+00
2.330917604609851423e+01
1.175285608531447679e+01
1.867058897080273994e+01
1.969278459400968018e+00
2.054980896309110960e+01
8.692886224911177351e+00
8.623935899785763581e+00
2.599593367729448090e+01
1.110949158256417491e+01
2.598289636891489351e+01
2.039626127480617157e+01
5.748390940254012094e+00
1.235245346641362119e+01
1.831205160851806113e+01
1.398193441883665855e+01
1.664761650697845141e+01
1.578212040315179365e+00
2.510851544802681445e+01
2.536092754350562473e+00
1.116610764496060426e+01
1.569019389657854902e+01
3.404511660244011750e+00
2.587646328030652398e+01
-1.191183706688534727e+01
6.550812156438382772e+00
4.454121623082585302e-02
2.097231008433913502e+01
-5.439363456320705836e+00
1.684344770999587126e+00
1.666272160174567318e+01
2.320637783738141025e+01
1.346229663364209728e+01
8.819854312313623268e+00
2.487074635397511457e+01
5.573788015178763544e+00
8.564850246038318460e+00
6.810532686862586615e+00
1.131576778598754629e+01
6.691755286210678833e+00
1.547699215310932175e+01
2.006240133192230957e+01
8.854808537879776509e+00
3.784558518662180404e+00
1.534720508908067416e+01
1.603214207274338321e+01
1.640505894011970156e+01
1.105111868902002215e+01
3.367850855178033953e+00
1.114064286354275168e+01
2.505417097589742070e+00
1.788183171109956504e+01
-2.882886745808406204e+00
1.366718432169925279e+01
1.227422246434576891e+01
1.214279138628845089e+01
1.264438350978171854e+01
2.668109790265308590e+01
1.187893204916906598e+01
1.191000095221656352e+01
4.676117553175771491e+00
2.703495528794500302e+01
9.245243347667440048e+00
3.617331720165836373e+00
1.748637290948113332e+01
2.083684222326856172e+01
1.942068206780513151e+01
3.926181427362251952e+00
1.253280075955490247e+01
9.129444598391970089e+00
6.073103749082804370e+00
-1.132085620487065114e+01
1.694916207969018274e+01
1.711601483045459560e+01
1.471424463852955000e+01
1.582686753729036866e+01
2.309918057995247409e+01
1.300520877058316671e+01
1.018991491696554874e+01
2.280491293967517663e+01
1.217439951654644403e+01
1.449873494651239980e+01
6.642043315296504602e+00
1.817802795613000200e+01
8.105204476142148451e+00
2.040429886978151330e+01
2.439283840728622010e+01
2.410890750190569776e+01
1.321687292703695960e+01
2.522808079225480071e+01
2.224937335489828172e+01
8.949231855379906619e+00
2.144244106927235549e+01
2.384645694446788866e+00
1.660396768321127325e+01
1.101181068128110496e+01
9.645584284615111414e+00
7.227724278242618539e+00
9.655196125503977100e+00
2.173543851183927700e+01
6.791020530450438741e+00
2.573390230462871386e+01
2.781450872134573160e+01
9.253989076093006361e+00
9.599976836014036508e+00
1.505864740223338316e+01
1.601437650168465154e+01
2.217138748773530921e+01
2.306712312177258184e+01
2.459658131239372381e+01
2.461815510352560210e+01
2.305806758301080350e+01
9.543936690069443785e+00
1.563884377062305475e+01
1.033104664422131691e+01
1.153754357366591421e+01
1.012832046571298861e+01
1.860303415322412945e+01
2.019021119828975230e+01
-4.344773721989255932e+00
2.974318975964720835e+00
1.755287197765535723e+01
1.893323694439672522e+01
7.751356003958861152e+00
3.835838089188925437e+00
1.406262531940862459e+01
-1.605419758295184351e+00
1.216574859591008817e+01
1.368560437426653209e+01
2.095712952535187412e+01
1.884729650452456440e+00
1.450506620802332236e+01
1.409215203452343701e+01
1.809024285586903602e+01
2.638944262602252877e+01
1.969417584015855027e+01
4.179630480908258505e-02
2.034838753341055906e+01
4.243673719435165026e+00
1.303045807446115134e+01
2.569960061363372006e+01
6.416308482331700702e+00
6.444538834424193396e+00
4.295154020317738741e+00
1.648872786187349959e+01
2.003904094238760081e+01
1.659569925366996301e+01
1.399762113925352480e+01
2.072522766288854967e+01
-4.112732804874909220e+00
3.362785719069288604e+01
1.108032024890181333e+01
9.400682361006943211e+00
1.892526617067643713e+01
1.576711452755768050e+01
2.010221866987048145e+01
9.367790727472566914e+00
1.341871924425552720e+01
1.535694064193269526e+01
2.017541922616030803e+01
1.201859833558357593e+01
2.303938122641631026e+01
1.425561261030030380e+01
3.962305458967790628e+00
1.261895143706723843e+01
2.916332419697339873e+01
7.198544289416219044e+00
5.248364636554882168e+00
1.117005662491540363e+01
1.783381174013139514e+01
1.055718497237853626e+01
1.025687110895066212e+01
1.800268247815817801e+01
1.083181161760816735e+01
1.930736893579320679e+01
1.020472430313050438e+01
1.845191311409406865e+01
-4.682984413013002722e-02
2.431532725218630731e+00
7.895522282929761104e+00
1.800123450490139021e+01
6.932628297012811913e+00
-3.062735596036645802e+00
2.148707539108341535e+01
1.532298916174067926e+01
2.099740180387495769e+01
7.942461346070871286e+00
1.077183747755351817e+01
2.346489553656559224e+01
1.004234276183079544e+01
2.370719394203123187e+01
1.385118402321572262e+01
1.301998455775997598e+01
2.412834146768476273e+01
1.540220580866947131e+01
1.746515120349096861e+01
7.348994666527261188e+00
1.615820694676750691e+01
1.437963534522727826e+01
7.809704928397763979e+00
1.911134848812427833e+01
1.631492319843431460e+01
5.939462063810736936e+00
1.137794037794913748e+01
1.192942070386664000e+01
1.927954127709486443e+01
2.400603218538044814e+01
2.534564285314696264e+01
2.445413522940852147e+01
9.887196994385718085e+00
8.727103322504007110e+00
1.043559466964147475e+01
1.917632246144654573e+01
8.091848910188559785e+00
2.635863509565614038e+01
1.169710411509434778e+01
2.215536813520836290e+01
1.432823364637063435e+01
6.178112442567083917e+00
2.137614059577029479e+01
1.566781359315542232e+01
1.304050119631546067e+01
3.328426182958779123e+00
1.531845102769176492e+01
2.008723790133969089e+01
1.706104289523828754e+01
1.691321784598633116e+01
2.060406782130181824e+01
9.885136228562970473e+00
4.191782060626280781e+00
1.711941061801709907e+00
1.184962253969082724e+01
8.482183116345709095e+00
6.065392702016438875e+00
2.165122272121461577e+01
1.259002204343417475e+01
1.572541888227121376e+01
1.836090794443806828e+01
1.035408992117343985e+01
-5.437339767828504478e+00
7.332553006608947044e+00
2.414625722836717614e+01
1.717294649371000759e+01
1.545882598636403316e+01
1.439751246903657034e+01
1.151168338000633184e+01
2.367611904832022418e+01
1.980541290113762898e+00
2.033673141421807173e+01
2.168755348398938310e+01
6.822874155315801659e+00
1.720899556935533070e+01
6.515627271001207532e+00
2.499037423410197789e+01
1.341792992906441384e+01
2.140731429569775912e+01
1.919284783999164290e+01
2.146428003813664986e+01
1.818756781478536055e+01
1.659097641765777098e+01
6.544350489786268099e-01
1.860643022151693060e+01
1.594796209430765543e+01
2.803091871813064984e+01
2.572355905849894953e+01
1.306617194723705211e+01
4.225888667903930696e+00
1.744079320972944203e+01
1.867146567466656393e+01
1.987851032821355091e+01
1.368168905920525447e+01
-7.354069871501366151e+00
2.391485538885437023e+01
9.677741087729955893e+00
1.333733778460916142e+01
2.133000020065536262e+01
1.780316619202669415e+01
2.651170284570891056e+01
1.752306915610493832e+01
1.824312755452744739e+01
6.343293920579441192e+00
8.957635807531630689e+00
1.464343088383877500e+01
7.091151248099521354e+00
2.305625286321683376e+01
1.748738535156923035e+01
1.356245479320078573e+01
1.791714726609061614e+01
1.481535987264284415e+01
2.083955641242017975e+01
1.611824021906242876e+01
1.454924640518201784e+01
1.491531120405603872e+01
1.399601549761179342e+01
3.661579951135749411e+00
4.706625131032566856e+00
2.248477163921964461e+01
7.330533211517291647e+00
-2.356073488200195243e+00
1.716504841377739865e+01
8.892808084102739485e+00
5.053651752112230611e+00
1.060792024317373716e+01
7.065204886551654795e+00
7.466836597985533786e+00
1.318564036702269959e+01
1.641976470133331389e+01
6.628417107845507417e+00
2.726882565310755524e+01
5.725304831906768754e+00
1.034042318834545426e+01
9.581786586099354963e+00
2.473515295168200367e+01
3.427352324511630854e+00
1.566237452424140031e+01
9.053412889367393745e+00
9.439091604326193874e+00
4.407281533789841887e+00
2.134726194205231309e+01
2.434941008934521278e+01
2.222884724024234515e+01
2.035607392672944371e+01
1.868278337889529439e+01
-4.423402768284461217e-01
1.545299724903949823e+01
1.174261568983799009e+01
8.857644741586099713e+00
6.424889225394835535e+00
1.639475000988680620e+01
1.181913039399928067e+01
1.028817862129258742e+01
9.704056096211985505e+00
1.269276943867333785e+01
1.421960645130010192e+01
1.665853884382225658e+01
1.395374640302520675e+01
1.119502607555774887e+01
-1.771830242635260788e+00
3.172937408003325999e+01
3.677076039708012445e+00
2.518566257507427508e+01
1.236507812713026055e+01
1.015788969073653902e+00
-9.027490708788405982e-01
1.306872971768140701e+01
4.008675879790558838e+00
1.528125180169332964e+01
1.343946939465814694e+01
1.037073572368475993e+01
2.231400798219002013e+01
1.128980960241949560e+01
1.363926475936958127e+01
1.659996787554261033e+01
4.625444647812187782e+00
-5.266844118908693417e-01
2.706037035954295789e+00
6.303166763052630017e+00
1.592666273129327692e+01
8.069118384412874434e+00
1.090750712551636070e+01
1.452553846016050443e+01
1.503066079394726273e+01
2.113495871903150913e+01
5.022098567259305923e+00
1.204846514874030561e+01
1.836610380743707083e+00
1.555811352539146242e+01
1.219331664083085798e+01
1.703894737808091975e+01
1.826606076373447962e+01
2.017214115771177774e+01
5.663835291401852601e+00
1.122048512735989334e+01
-8.625587817015656356e-01
1.076941838752219383e+01
1.900022444744219285e+01
3.299358037050026837e+00
7.541128725785313236e+00
5.165935006858774159e+00
2.262895695534233198e+01
5.351309420820072660e+00
1.963426603026645978e+01
2.138657600270882853e+01
3.324357036001245547e+00
8.348342707243148197e+00
6.852531372501900364e+00
1.429880298447694997e+01
2.446251100967657521e+01
1.615662022516658425e+01
4.877949730046665877e+00
-1.544330000016842064e+00
2.312936617597124922e+01
7.145086581264934011e+00
1.908738224240223502e+01
1.242311955656776945e+01
1.620054585706034089e+01
-2.167972936179609178e+00
1.222504887400633322e+01
-8.182606186392433756e-01
-3.106703316267555692e+00
1.992434354402119823e+01
1.597446839230761384e+01
2.333543259348694221e+01
1.445180938885621913e+01
1.099773178127590256e+01
2.390741197053272060e+01
1.459096121107395305e+01
1.349426318614243314e+01
2.247889269280977942e+01
1.864561296663865164e+01
1.037173985267527598e+01
1.784511627678340773e+01
1.976998655602900357e+01
1.560331707722576766e+01
3.395316178228426907e-01
1.176735853486479755e+01
-1.623209534201194515e+00
1.436084141438158213e+00
1.482269750246206286e+01
8.997895546898334374e+00
1.624413837711122000e+01
1.738398813721762792e+01
9.437846808493887352e+00
7.700181324374867131e+00
2.701952075686183008e+01
1.074790778776318234e+01
6.442773026188035601e+00
9.516274003175610119e+00
6.944835891971017361e+00
1.004842652297099903e+01
1.551667215842937253e+01
1.073921135457291598e+01
2.327963676521395087e+01
1.817684897559723822e+01
2.035904957334598464e+01
2.102037378971770920e+01
1.562151126094227038e+01
1.306387615199625429e+01
8.227591131561865723e+00
9.795160829241595479e+00
1.478961846444560990e+01
9.721536155166475623e+00
1.857209531131177016e+01
2.023072903268819545e+01
8.091555180857199048e+00
-9.472787683939998260e-02
2.979899694023578149e+01
2.576467830715363760e+01
1.746606242581005120e+01
2.733139246979646941e+00
1.113522091574979811e+01
1.655100595601928859e+01
6.191066281484154388e-01
4.007454298093037437e+00
3.514366396525034020e+00
6.868220979263327308e+00
4.895375692331114692e+00
3.228295819106068620e+01
8.429129181149079386e+00
2.035330345552755915e+01
3.984425854024237879e+00
1.787376189825780415e+01
4.620056001566865689e-01
1.318712128563043962e+01
3.264900393043092208e+00
1.272597735817002729e+01
9.120025346138149303e+00
3.869554498013627608e+00
1.747792993995248167e+01
1.707913061904861252e+00
8.789080045242855022e+00
1.012398160788836776e+01
1.381097697180645412e+01
3.249622892813846420e+00
1.439476726808197782e+01
1.271551979703849611e+01
1.897395054993843644e+01
8.401882206862346436e+00
1.469575548007044574e+01
8.660890650192612839e+00
-8.926078825604122358e-01
1.582297655456828522e+01
-1.854938886445566482e+00
6.330752970478712882e+00
1.806520579753799893e+01
1.318143721760849019e+01
1.466264153736026543e+01
2.037588157971404712e+01
2.024897836300868192e+01
1.543428347788315591e+01
1.769368704723954266e+01
-1.497603322633821676e+00
1.960829255951323802e+01
1.713271864656815069e+01
6.845319380551416089e+00
1.709358459233476424e+01
2.665156840339533062e+01
1.190477208135318676e+01
1.176353697612469773e+00
1.727236992186176678e+01
2.405009461778182356e+01
2.031668975469324323e+01
1.080534098913595642e+01
6.167125251144057074e+00
5.226542040145744750e+00
1.450609515220551771e+01
1.151389484201135360e+01
1.153941303594866952e+01
1.631068803462662231e+01
2.215513616386920148e+01
1.345170033808875587e+01
2.217440589208189294e+01
7.644124580821866743e+00
4.170823195388152271e+00
6.876166217210254672e+00
1.229105322448714332e+01
1.390203039536586971e+01
8.413203858902960519e+00
3.018317227723073870e+00
2.462734937448753669e+01
1.275861085269328044e+01
1.015639176869977689e+01
2.022934277805116210e+01
2.047533011331314157e+01
1.713081507274895898e+01
1.011338052617253425e+01
1.564802303206726464e+01
2.292740588309914074e+01
5.577204078520040298e+00
6.304239873819042828e+00
2.612545524359555316e+01
1.012191871173574498e+01
2.569064684014590938e+01
7.638689039581393558e+00
1.529303330067014599e+01
4.640295335966740708e+00
1.477923586100899911e+01
1.177771325014089143e+01
1.045332868757502354e+01
1.031074234582700910e+01
1.219749526041901788e+01
1.620666480556377564e+01
7.492075714403583220e+00
8.364935149546354864e+00
-7.310841722957377442e-01
1.422957312802131469e+01
1.094836931873055619e+01
1.033877714079559951e+01
9.889825775570145083e+00
3.918971841483596563e+00
9.478563065150368061e+00
1.317130518620204782e+01
1.549756707493972385e+01
1.712546107817222207e+01
1.279568148652182913e+01
1.275913858108400945e+01
1.452082636894776613e+01
7.306735702889724848e+00
8.885756180746611221e+00
3.955243837298738185e+00
8.093544287444231600e+00
2.371389881804674360e+00
1.333273961658726847e+01
1.580054397083353734e+01
1.217084871851793082e+01
1.242862070218880888e+01
3.815042869557174754e+00
2.347974848902884304e+01
1.469911171951852680e+01
1.192640504421930814e+01
2.830757971340692336e+01
3.711193674141910037e+00
-3.199826299449711087e+00
1.708194022744278584e+01
-8.033337463431578840e+00
5.755888597233521864e+00
1.076827552902990703e+01
1.729434066171819495e+01
1.139433587242999124e+01
8.486229049585546136e+00
1.363737057126969887e+01
9.199676980043477670e+00
1.390339340779372890e+01
9.761722526126320076e+00
2.185378538396819437e+01
2.310273598497527558e+01
6.395933322554057554e+00
1.517400129572861545e+01
1.740939837579870186e+01
1.095618214899344878e+01
2.280443129019332105e+00
2.423336447731382748e+01
1.763241109025042164e+01
3.528034712896143787e+00
2.491334733457506445e+00
1.601991871072746676e+01
1.474092016020522067e+01
9.709074473257970794e+00
3.566029673095741259e+00
6.665162795866692136e+00
2.422603945539900394e+01
2.037629706799071272e+01
1.001067241578350320e+01
2.226115863022986474e+01
1.242728859692095966e+01
1.370823620665274234e+01
1.789122652153184845e+01
2.226378826951430767e+01
1.190469446323547231e+00
1.912982741718285240e+01
1.082475433294636957e+01
2.114470379485478446e+01
2.551631217284153763e+00
1.705067022712184155e+01
1.715358425793104402e+01
2.254217963505855238e+01
1.132891151935582741e+01
1.735889561152741578e+01
2.031781268465532264e+01
1.063872410793477741e+01
2.697933864386577341e+01
2.642849904379232839e+00
3.525407332205773514e+00
5.663985020250891012e+00
4.752252442128053644e+00
2.951427285921766952e+00
2.485647492924927349e+01
2.491609047385939846e+01
7.026018596604771460e+00
1.121870270751628595e+01
2.722316760473037789e+01
3.952676661045472883e+00
1.311672128584540076e+01
1.138126157825605844e+01
-8.637425755928802573e-01
1.576033544665975228e+01
8.601815704206003943e+00
1.100237466120800889e+01
2.635010238360785451e+01
1.649675242596853764e+01
1.571002126048192338e+01
2.230916193183172425e+01
1.368938398738663409e+01
1.135628142668151952e+01
2.036616410080213058e+01
-5.948366091555683965e+00
1.557160369301180936e+01
1.795159117347563438e+01
6.806595256884861556e+00
1.094904759494680491e+01
1.172868917773666908e+01
1.850440900657117993e+01
1.436486981980553423e+01
2.259936480851616381e+01
1.327949818840188811e+01
6.733933687246150157e+00
6.209112522080602048e+00
1.568938401559337592e+01
9.969400150910260550e+00
1.071655423595932177e+01
8.057129048926285009e+00
2.024292021912941664e+00
9.412167110687505556e+00
2.015700893017021400e+01
1.669306503203658565e+01
2.193835587789237707e+00
1.376558042709389440e+01
2.061262859362642530e+00
2.455469040361833777e+01
6.846983709494708137e+00
7.397244381925986545e+00
1.252581975599514408e+01
2.143009265002852715e+01
1.054060163200762190e+01
5.529953625958853536e+00
2.402081459348145387e+01
2.251342897432328982e+01
1.545895392956738590e+01
8.941932589332026282e+00
2.490932133086726452e+01
1.853947518467098377e+01
7.535599770188468938e+00
1.069880513840823255e+01
1.338300963195577253e+01
6.045632796927677077e+00
2.227110589707950794e+01
1.815159445829372942e+01
9.377086447213557108e+00
1.104851670721396317e+01
1.708940923596654216e+01
1.619075797394852145e+01
8.699843794819472009e+00
1.289528175768003848e+01
6.409287078986110942e+00
2.125037690666316337e+01
1.680345664373490422e+01
5.194799526775867093e+00
1.261032525312666763e+01
8.972188433919228601e+00
2.334985557874649231e+01
5.857668026279839069e+00
1.012412644535727679e+01
1.247348479051649406e+01
4.232307653128060565e+00
2.007155541064811644e+01
8.433177096379893101e+00
1.286183378177246084e+01
4.729349735043257397e+00
2.345084792357459946e+01
1.055350511588982698e+01
1.771399635321046873e+01
1.886284927125269917e+01
1.634693705316929879e+01
3.468527200826230228e-01
1.819923623603415308e+01
1.996352761597476899e+01
9.701644719962814634e+00
1.127158227045465821e+01
4.974892296546414627e+00
7.333568485637542267e+00
1.494390945901169943e+01
2.648143306392194063e+01
1.533765741713582997e+01
1.892607748438855708e+01
1.217894946039470483e+01
1.848180706789931094e+01
1.150064921093529335e+01
2.600653070530123756e+01
2.143891327859344642e+01
1.864282014230583684e+01
3.706610269881849717e+00
1.714425382648303042e+01
2.409214893902102972e+00
4.937389011662602911e+00
1.995821317911024551e+01
3.570656021000596070e+01
1.389332674113008181e+01
2.294020637401441576e+01
2.129018582742421017e+01
2.183918075931624969e+01
8.515833468994628674e+00
1.549780021981403877e+01
2.875627331110553087e+01
2.035666102678833056e+01
1.378456159017589755e+01
1.849538648942052532e+01
1.224401743871730730e+01
2.331199666045906582e+01
4.912191731792447058e+00
1.253183065146740205e+01
9.310023182497602079e+00
6.881190682517626556e+00
1.683760945987681623e+01
8.229738082393993182e+00
1.659768345273971590e+01
1.020948049043948913e+01
1.599942302296651064e+01
9.673321122724360066e+00
1.759773033525623021e+01
2.309647007576290179e+01
6.885853303875151710e+00
9.123563088499480500e+00
-2.820703170669077053e+00
3.830259051702313400e+00
-1.083014756967799030e+00
2.285130214289353034e+01
9.481326147512689317e+00
1.983124777772312086e+01
1.558147075088275102e+01
3.266086145357718351e+00
1.051855157008813535e+01
1.855411371546229304e+01
9.060569885260321144e-01
4.162960848773877842e-01
1.165132783194817989e+01
9.978840674528662191e+00
1.288265874182991411e+01
1.134714277817309380e+01
1.244656478027809499e+01
1.454767546142385015e+01
2.017048077253478056e+01
6.598172259032651255e+00
2.060486800609866975e+01
-4.930946870228865464e+00
1.459271030831803273e+01
6.739463508736037056e+00
2.914464071382039378e+01
1.330106311019012821e+01
5.510927678564215171e+00
1.156951322210349531e+01
1.615243772577512260e+01
5.223278989128189664e+00
3.945841393742313130e-01
1.469461800788792516e+01
8.958757412452300173e+00
1.579369735990147205e+01
1.388655473616626068e+01
-3.850882982406190536e+00
7.592944318213014299e+00
2.231804168046814851e+01
1.923869851593079261e+01
1.751547268489769493e+01
1.824365186333616151e+01
-6.053391039470611190e+00
-6.656298042070574184e-01
1.466875583842629283e+01
8.199662112666828762e+00
6.041517916378126074e+00
7.157542480150695496e+00
4.925039847917219049e+00
1.412696001416729530e+01
6.542651674354189595e+00
1.858725752746975957e+01
2.108210740189896626e+01
2.339939951830217524e+00
1.241779885555301632e+01
1.680268553332847148e+01
1.192596689470818205e+01
-9.717886586236801350e-01
1.815845119757733528e+01
1.008757573891449510e+01
1.868892675624828570e+01
1.325087755576272741e+01
2.626351951166977727e+01
1.007979002495596887e+01
1.219737693347489937e+01
1.904882553442533322e+01
-4.021444715500635425e+00
4.714967950778088834e+00
4.633869301037563559e+00
1.233469097789614466e+01
2.128707059927138801e+01
1.831787755926784911e+01
1.269984224760867164e+01
6.341878563177431261e+00
-6.866026000704692933e+00
2.006746899088035718e+01
8.948550465236053242e+00
2.368118425518166958e+01
9.140096711453296052e+00
6.162810866599144788e+00
1.400350919915359782e+01
1.435117401377610236e+01
1.583187657546430671e+01
1.419581226506404903e+01
2.056207302858823738e+01
1.388093653368591163e+01
8.396893788960156257e+00
1.060666755246273141e+01
1.590050378636053097e+01
9.957797877546241239e+00
3.030831067916238908e+00
2.658267522824938567e+01
1.660442529406452650e+01
1.288827512194410474e+01
1.473409948939992375e+01
2.788879439081698308e+01
1.904946926549202146e+01
1.209717780125518516e+01
1.681372946942218505e+01
2.089286711635119786e+01
1.268344200470706085e+01
2.361084313806896517e+01
1.109349026518239612e+01
1.744861583229777580e+01
4.932128443390638495e+00
1.760464792352948393e+00
1.831850035075863303e+01
2.135823388847608584e+01
1.768696389553014114e+01
1.951380220346962346e+01
1.858383674951275566e+01
1.383865932108938068e+01
2.171334516624484934e+01
2.130125651658119068e-01
1.222145703808928374e+01
2.079006351159126353e+01
2.223213766734055952e+01
9.535610222829774330e+00
2.523606090838703864e+01
1.564009961575386853e+01
1.974341282986888757e+01
1.877589814473075336e+01
8.321785711817724973e+00
5.804928759396972282e+00
6.760693324975520113e+00
1.268512459383104840e+01
1.942248441838814443e+01
2.868789554716116186e+00
7.267453801409075709e+00
3.495433033906451215e+00
1.171349471835860356e+01
1.669103194784531041e+01
2.696267028511418573e+01
6.388253726119287990e+00
1.479774022029833702e+01
1.695174902513279847e+01
5.469130376080443057e+00
-1.100294276448110509e+00
1.860513074242355458e+01
1.545453200272213223e+01
5.914859612806097289e+00
1.764500972615621066e+01
2.174914029434570040e+01
1.264747569390297599e+01
1.937752148691377840e+01
1.474086505075398179e+01
2.224264204732796202e+01
7.090175986325249369e+00
1.102446745056521138e+01
1.138705315287225517e+01
2.668873072640457167e+01
2.824370087978398658e+01
2.093666495086791457e+01
9.121228101076965800e+00
1.788872972112714166e+01
1.513372836256613141e+01
1.434831689942561184e+01
3.083721974336036453e+01
1.483346747215573203e+01
5.098622276776382023e+00
9.029598902837150831e+00
1.492576450875671412e+01
1.204095032284241995e+01
1.141174413837842394e+01
2.041126992219925995e+01
2.031408196555811685e+01
-1.657080374790780297e-01
1.765782860536339172e+01
1.299515540418262560e+01
1.784064505443173942e+01
2.026793463761945446e+01
1.265735772487686006e+01
8.572317085433368788e+00
1.703982403558100600e+01
2.664751360771845867e+01
1.597380321717865570e+01
2.247781854945049673e+01
2.097284962996404545e+01
2.678752417721196366e+01
1.230396268563625028e+01
1.826445890079025958e+01
2.423192994640958631e+01
3.598480992887573393e+00
1.885051813775222485e+01
2.678498630275550596e+01
1.473251637309277839e+01
2.007576389329069855e+01
-1.263676933685147219e+00
4.076683650216395449e+00
8.117584926640837750e+00
1.031781226219056435e+01
1.435562430913896037e+01
7.148084855803219284e+00
1.370059196110214828e+01
8.413961216996540315e+00
1.127844972621277009e+01
1.757443785880880682e+01
1.146876962645539777e+01
1.840344604361216341e+01
8.992231674902996019e+00
2.559495083779221858e+01
2.047489269485622287e+01
2.628161211054782598e+01
8.653441706296234770e+00
5.380006681815856950e+00
1.577621412664198886e+01
1.311444838719101824e+01
1.616669987453253299e+01
1.467604402169723699e+01
-3.966074020779331022e-01
1.633176165700479743e+01
1.432762439818474576e+01
1.164238195135904164e+01
2.432295563548773742e+01
3.773560366837386937e+00
1.509475429191304130e+01
2.091756131103236527e+01
4.918620047633055492e+00
1.735148923326963200e+01
1.493597052535837122e+01
2.579733083971396468e+01
9.275215141013973152e+00
-1.626473403944942220e+00
8.005491002018771951e+00
1.522657117898523893e+01
5.265422827346100121e+00
1.301438750122153465e+01
9.096906247235523324e+00
4.077016349927674810e+00
2.076248686986551206e+01
4.263694037585963770e+00
1.725771085859960863e+00
1.149715019277822137e+01
1.887221632556503437e+00
1.127716465739055707e+01
1.173363409508586130e+01
1.409888696768025795e+01
3.599358103677748488e+01
6.917088515436333296e+00
1.381709517578653390e+01
4.671061208436853462e+00
1.306071409295985575e+01
9.207341604614413200e+00
1.268948894761304302e+01
1.074110241938991805e+01
1.205926968401357158e+01
9.207940905474941928e+00
1.547575389726716821e+01
5.189982782547730267e+00
8.879482976084617007e+00
1.025634296362669318e+01
2.938293404518413610e+01
1.386908405171800496e+01
1.701321170153612883e+01
2.848860507118729402e+00
2.316485867812182420e+01
1.723277892969672109e+01
1.830067925113262106e+01
2.435040391830020923e+01
1.407163355193156917e+01
2.149393616220518766e+01
1.055476417582616477e+01
1.536510102195714467e+01
2.069736820913543340e+01
1.970797701139970570e+01
8.427409616620892052e+00
1.887237957941903232e+01
1.285712264875327548e+01
1.514947210078595674e+01
1.324722397147885999e+01
2.710340169014773437e+01
1.401823659619515183e+01
1.574469245430569231e+01
1.579203193364193680e+01
1.872825171813506273e+01
2.132959785586092494e+01
1.474062167586851047e+01
7.297389167237810170e+00
2.714421394707512292e+01
1.386938238872861007e+01
9.761805528945529886e+00
2.146177967880213089e+01
5.503586189967833775e+00
1.959420029368189375e+00
1.739369154732395373e+01
1.146669004530353675e+01
4.010429250267321777e+00
8.707674259296013020e+00
-2.210823130312803642e+00
1.180677510401303465e+01
1.316640037444493316e+01
1.505735494779726480e+01
3.146383798390093745e+01
2.595421220113816219e+01
3.604558606529707276e+00
1.563834770569381760e+01
1.407206463240157746e+01
1.788531987426610215e+01
7.410545268398891494e-01
-2.488287464487655143e-01
1.866531115260406892e+01
9.394780545308890396e+00
-1.049711380997479182e+00
7.781879706808510377e+00
1.387248951782764550e+01
7.224304844245679647e+00
1.875385047938069505e+01
7.966904509947454471e-01
1.746122930969939091e+01
2.873026218394613807e+00
1.127001830226734569e+01
3.013995477428822056e+01
1.044082946570529202e+01
6.626572882231343442e+00
2.300024548400500635e+00
9.304625632724338402e+00
6.588851333189410298e+00
4.769499534722697831e+00
7.461815543022495945e+00
6.414466983553381851e+00
-5.440165141189510223e-01
1.071340462565501639e+00
1.927650296159773546e+01
1.872888193914450028e+01
1.980035083484274594e+01
1.285000616864438427e+01
1.271835721053076895e+01
5.247769797111615731e+00
1.351048550430845552e+01
1.705881014399511031e+01
9.375778477302532110e-01
1.045433549010618890e+01
4.697129631210074763e+00
1.405459447960727459e+01
1.323997028637813855e+01
2.347965852759381278e+01
1.908094156150260545e+01
1.101187329412412907e+01
1.321804776652093949e+01
-4.856260105442203212e+00
1.364490062950881111e+01
1.955089373237923667e+01
1.187131996566184000e+01
1.635715523521942316e+01
-5.137541805433244235e+00
4.472167952118638823e+00
1.179324149766843277e+01
4.549323592532431348e+00
1.850844375497457861e+01
1.248129217453756468e+01
1.220833915996419705e+01
1.035686187250961154e+01
1.465391903945554475e+01
1.569730981190296859e+01
5.280536670590535664e+00
1.414385521226307674e+00
1.432327392982260506e+01
1.164200315975678990e+01
1.236149913685714807e+01
2.962231850834669444e+00
-1.249640341663635468e+00
4.109218869701294352e+00
2.157177958058948519e+01
2.329936790477319164e+01
1.018575564222042829e+01
1.208081679102221528e+01
1.927688188858643059e+01
5.120161649595388553e+00
-1.652049177774955524e+00
9.953392397867929731e+00
2.054680482843792788e+01
2.944373959610373959e+00
1.517541337611619667e+01
4.427149661700752858e+00
1.972551697509941704e+01
2.385821414094095871e+01
-3.922546119239527229e+00
7.524823484429290943e+00
2.645515875132466732e+01
8.732055439232496497e+00
1.003297369512054615e+01
1.224872758026702968e+01
1.084034333945666617e+01
6.083790807147423152e+00
1.783751112533082051e+01
6.290681833299615278e+00
1.196925302131700164e+01
1.780261428537748003e+01
5.262581552170388477e+00
2.024663485746700076e+00
1.016879356893045383e+01
1.615353480655330998e+01
1.954001476941556348e+01
8.957331073636154883e+00
1.060780385225567102e+01
1.633670089831025507e+01
1.704027389891173527e+01
1.316595583035109485e+00
1.208546929852690255e+01
2.244145409324611506e+01
2.177722593573279397e+01
1.801903416767913058e+01
9.524976429284095047e+00
1.303996536316374488e+01
1.169500130105198821e+01
-4.721404904606231412e+00
1.981742371672482506e+01
1.097583622439827877e+00
2.231230956803167231e+01
2.063895801358526683e+00
6.875463475093425814e+00
1.994185642449639317e+01
1.122325610331586176e+01
1.170357133147534512e+01
6.906299569950320461e+00
2.323833253552906797e+01
2.659104041326786927e+01
8.985837555391810838e+00
1.177237711443120816e+01
1.713466772166464835e+01
1.402911774761281549e+01
1.457716465962681696e+01
5.779824374604061177e+00
1.853499957134039278e+01
2.092646195033720602e+01
1.708999244999784395e+01
1.070896211772394224e+01
1.781728301521329882e+01
8.527890473724951903e+00
1.593426917153618660e+01
1.307499766505563343e+01
1.817371872037010405e+01
1.397179227600460649e+01
1.370027814732890192e+01
1.265582345749014337e+01
2.286218903060971286e+01
1.786780744774044649e+01
4.287030317780704536e-01
1.722683849902750808e+01
1.059892331528830312e+01
2.648642853199902447e+00
1.115696742707082478e+01
1.616168452178460768e+01
2.346952356676823825e+01
1.022570593377221826e+01
1.217764424572438742e+01
1.779845467850775975e+01
1.066619860764137684e+01
1.157696509887921366e+01
9.103683386947750478e+00
1.284169569760159391e+01
9.144280976454325582e+00
9.085612277817546101e+00
2.084233211315213907e+01
-3.780251838508249307e+00
2.114842628840086292e+01
2.279746402565422159e+00
2.301136043605731629e+01
1.487418284645562494e+01
2.204864711995414694e+01
1.135517024348864368e+01
1.480405106085187583e+01
1.238909473092451208e+01
1.802906802176630663e+01
1.100340237479051098e+01
1.411047323107986529e+01
8.435180369412364598e+00
1.111717140278388172e+01
1.512360268728257040e+01
7.278078922988143518e+00
1.403536439801263214e+01
7.683880971629335477e+00
1.139850294171236555e+01
2.009308877510076741e+01
2.403014490196137842e+01
1.592276154644753206e+01
8.522977726502730889e+00
1.362260083099023689e+01
1.014536791724752618e+01
1.633867532077965734e+01
1.720327156786989775e+01
8.069651848803673033e+00
1.928004252100001992e+01
7.785521609733976334e+00
8.360286843206552021e+00
1.027277669942813532e+01
1.919662949119229012e+01
1.331863680894946356e+01
1.932013455159439275e+01
4.297265973308597609e+00
1.107284677789246530e+01
1.378281798268115210e+01
1.876223836849733573e+01
1.661476748036382389e+01
8.607326658808972297e+00
1.325562544857784530e+01
2.026084936719171736e+01
5.828701346477572542e+00
2.424702647443078973e+01
2.348493937568250089e+01
9.526009794906073580e+00
1.343313566890290645e+01
1.206566564095322747e+01
1.789986574048654688e+00
3.240289306595542485e+00
2.448035769500435777e+00
1.130735091630592137e+01
1.274114690012137885e+01
1.146166086502040571e+01
1.956997564079354390e+01
1.543020721820511199e+01
1.796544395996894394e+01
8.980933684429096786e+00
1.979423571475687993e+01
1.054150890763270354e+01
1.746401935507762460e+01
1.707488625097071377e+01
5.754839094348156436e+00
8.861485171949723849e+00
1.244902241163664769e+01
1.505636694619573035e+01
6.839745216554973695e+00
1.602270892136895952e+01
8.323611129256505592e+00
5.177489051645181917e+00
1.878754661179171137e+01
9.613873940593549605e+00
1.605352682031628575e+01
2.509055024592636585e+01
-5.606500358222461955e+00
5.524180269537822596e+00
1.883176001665948007e+01
1.096862323053156274e+01
1.662912849498448509e+01
5.419654082332755252e+00
2.925139526940327528e+01
1.370982685173073179e+01
1.726962127934953628e+01
1.964148909694922196e+01
1.331651359985664840e+01
5.421100210496760496e+00
3.045777537110367916e+00
1.482780347195588178e+01
1.248608218554804239e+01
1.990615556297984767e+01
1.397573446685703402e+01
2.041339209302111612e+01
1.996423492167258473e+01
1.575438945241202759e+01
1.215197539548528027e+01
1.239475773858259799e+01
1.047030899076406740e+01
1.036515439256557158e+01
2.634765762036168724e+01
8.012015374662809108e+00
1.555900510126042491e+01
1.232129829380500041e+01
1.360630053528092276e+01
9.145452213520187001e+00
2.023801401800348287e+01
1.399963244960861175e+01
1.085059013728717048e+01
